500
1 583
20 252
18 211
18 742
7 937
24 691
0 800
23 477
24 995
9 360
2 247
13 955
15 543
29 308
20 355
28 561
6 867
8 554
15 813
9 914
2 397
23 269
10 593
18 915
12 277
6 850
9 554
24 472
2 690
21 281
0 808
8 764
20 551
5 813
12 457
8 815
14 549
2 566
2 749
21 371
2 720
12 272
19 288
12 991
28 979
25 369
5 376
3 714
11 779
6 704
9 704
8 706
2 466
23 578
12 514
24 288
17 266
6 884
0 347
5 707
2 910
11 541
4 704
10 376
11 252
23 241
7 557
18 956
29 310
23 410
2 781
22 688
4 385
27 672
12 268
21 987
24 220
16 587
16 472
1 420
9 513
11 734
5 646
10 300
3 853
10 390
16 821
9 902
2 864
18 406
26 552
21 399
17 631
9 509
6 480
28 622
16 296
16 391
29 465
29 280
7 202
13 844
6 474
23 618
7 578
19 703
24 777
14 809
11 233
11 884
15 814
5 681
11 495
4 621
3 452
5 676
5 255
27 837
25 929
17 343
24 322
12 370
25 642
28 984
6 443
19 686
26 231
18 616
13 314
17 332
8 816
26 767
18 321
18 214
26 681
25 207
5 678
2 884
9 220
22 868
3 692
23 389
23 486
22 447
6 685
24 227
4 497
8 735
9 300
21 551
18 638
16 705
10 484
11 938
23 344
19 274
1 978
5 831
24 471
19 389
16 490
19 552
24 586
24 212
16 456
15 255
14 923
11 953
0 368
29 432
28 745
13 721
17 801
24 248
7 253
9 306
11 647
19 899
15 586
19 618
29 392
28 967
26 378
19 205
5 388
19 432
23 425
21 911
2 377
15 354
5 768
29 216
5 840
2 868
1 812
14 327
29 575
19 454
25 245
27 731
22 443
13 317
2 479
17 559
13 402
27 676
6 427
28 357
28 953
0 585
20 675
23 263
13 992
24 687
19 664
9 369
26 509
28 608
4 753
29 772
9 235
13 540
14 692
12 460
13 578
3 325
25 939
14 516
13 294
25 258
11 637
23 959
24 404
13 491
26 445
13 964
14 863
29 761
19 603
25 966
17 761
13 548
8 475
20 483
2 910
25 348
17 441
5 978
7 283
19 419
24 968
24 820
7 988
7 430
21 286
27 957
25 680
12 478
15 224
21 426
18 627
9 881
2 479
28 539
8 734
16 981
13 513
26 754
1 289
15 677
14 318
26 818
22 435
25 208
0 991
17 302
5 292
5 638
4 765
2 712
19 450
5 779
10 663
13 653
6 673
25 352
18 355
7 267
16 928
4 776
26 895
25 867
0 641
4 614
12 707
2 369
5 692
21 743
15 254
28 316
15 624
17 897
21 402
23 612
1 437
0 223
12 333
16 515
7 699
26 575
17 977
7 311
0 974
5 601
27 783
1 730
11 949
2 470
16 263
0 952
25 853
16 727
17 922
13 409
5 789
17 544
23 379
7 854
7 873
14 916
24 441
12 439
10 695
23 752
14 230
11 938
28 201
5 570
25 615
5 389
10 737
7 751
26 233
20 657
11 970
1 446
28 485
24 212
19 286
2 713
9 659
21 696
23 998
25 291
29 890
7 995
0 890
5 664
7 556
29 355
6 689
14 444
1 540
27 981
15 631
26 380
26 822
0 389
18 682
18 456
25 416
4 600
10 684
16 228
3 762
25 901
22 646
14 882
24 973
8 267
21 246
27 461
18 734
11 783
18 361
20 785
14 267
2 414
1 448
26 552
16 779
25 844
4 280
8 623
0 764
6 854
5 320
11 250
26 302
11 546
20 283
13 352
9 277
4 618
10 560
5 264
7 592
22 450
6 373
19 235
22 809
14 558
1 289
22 512
10 313
21 909
13 375
22 840
20 902
28 451
7 647
17 514
1 351
27 625
26 966
24 710
18 741
15 620
6 764
26 557
22 999
6 455
11 657
7 329
15 287
4 807
21 835
26 220
27 408
13 606
8 838
17 237
16 653
5 692
0 384
29 585
26 689
27 842
5 501
18 818
5 365
28 708
10 363
17 227
20 213
22 875
14 347
19 681
12 990
14 544
15 854
21 373
25 359
16 360
10 903
21 808
6 337
9 868
9 602
29 400
14 738
21 778
4 509
7 207
19 859
20 878
8 622
24 986
4 414
0 584
26 491
24 763
0 443
2 681
13 532
8 813
27 842
23 766
28 763
22 823
5 300
21 879
21 330
19 748
4 593
22 452
11 903
3 837
6 459
18 704
