500
27 864
25 674
7 462
5 869
8 625
6 447
1 880
20 974
1 835
15 410
8 496
17 277
13 625
8 926
15 856
4 451
19 241
9 329
24 561
14 279
4 384
1 763
19 683
4 419
7 979
24 951
8 617
9 511
2 698
14 470
14 277
1 628
24 653
8 912
14 780
20 228
16 729
18 622
2 307
18 407
23 527
10 725
1 545
23 949
2 494
12 207
5 446
25 341
22 256
12 921
27 996
18 849
10 706
13 302
23 919
29 971
10 961
4 342
5 258
7 631
25 787
14 482
22 926
28 497
27 249
29 862
24 925
12 867
16 301
20 943
10 351
26 979
0 709
15 355
22 635
12 735
29 460
19 298
9 984
5 307
28 218
11 605
14 224
16 359
23 677
7 869
25 289
9 508
2 328
15 544
13 725
20 761
10 292
15 905
10 214
3 646
2 737
21 827
19 374
0 530
0 856
11 664
21 296
18 880
13 747
29 632
26 709
11 589
23 473
24 209
19 649
25 827
10 603
10 895
10 275
17 283
20 347
24 603
1 310
7 282
24 375
19 435
14 728
14 273
22 804
28 840
21 642
24 746
5 603
2 940
10 571
10 336
26 995
15 608
29 387
25 313
11 441
25 568
15 420
8 448
29 962
2 421
6 420
17 467
8 819
5 636
1 758
7 245
16 550
3 611
26 902
10 549
0 514
24 346
3 979
7 321
6 330
7 823
16 345
3 737
16 228
6 460
24 409
13 643
10 663
28 524
8 912
6 923
18 533
12 996
1 841
25 512
13 917
7 211
7 280
26 403
3 466
12 892
22 497
29 779
27 379
8 718
6 372
10 442
29 272
0 439
29 434
13 651
18 962
1 927
18 615
28 938
22 513
13 994
23 716
29 464
17 259
4 476
17 347
3 748
25 395
0 546
18 343
15 213
8 346
11 742
10 367
3 612
2 991
25 226
2 924
15 311
13 919
7 418
8 910
7 279
13 349
26 787
10 271
8 810
9 555
5 841
8 824
12 808
3 536
20 985
1 328
18 733
14 324
25 509
3 853
6 658
9 715
27 868
24 614
3 469
13 483
21 386
23 582
26 740
22 699
23 992
1 219
27 223
23 763
12 982
18 459
15 932
19 856
17 619
23 810
22 967
20 795
23 857
12 938
25 503
18 215
8 830
11 447
16 728
10 396
3 561
12 935
13 779
8 503
15 511
28 910
6 551
6 812
17 883
11 677
27 779
21 712
8 599
4 590
20 983
3 505
25 466
22 474
1 482
0 682
18 645
0 494
5 471
3 281
0 229
8 445
1 824
14 651
27 877
10 582
18 597
25 301
23 756
18 804
12 983
13 465
7 767
23 935
26 990
5 739
1 369
1 240
13 675
23 984
19 955
23 492
22 304
13 676
21 315
22 919
24 212
18 590
19 324
17 346
8 296
17 405
23 376
23 673
25 776
23 230
6 426
24 901
20 225
22 316
11 715
25 856
16 607
3 846
25 789
2 933
29 296
3 304
19 574
11 404
16 418
5 751
12 501
5 806
12 257
10 878
23 261
4 881
19 358
22 832
26 508
26 941
12 419
5 400
27 633
23 648
21 553
23 399
11 227
16 694
2 785
24 379
26 617
7 989
2 997
1 525
2 826
12 373
24 805
1 778
18 551
7 446
14 998
28 848
23 362
15 965
18 980
13 842
21 448
7 661
7 957
5 784
27 975
22 416
8 911
10 296
21 354
6 428
7 889
18 644
19 463
21 497
20 806
5 441
28 606
0 839
16 620
2 780
20 830
14 710
23 259
13 762
16 425
2 936
0 861
25 511
24 403
15 511
24 539
17 728
2 556
3 249
8 749
29 657
22 942
9 448
2 301
15 765
6 314
3 416
2 695
16 781
29 651
7 363
17 555
8 241
17 602
29 200
26 955
15 811
15 747
24 716
26 228
25 940
19 881
28 280
21 664
27 384
24 954
15 849
0 478
10 425
18 665
0 214
28 643
19 740
6 963
5 876
1 517
21 290
22 504
26 714
22 212
27 916
9 831
25 379
5 365
2 536
9 642
25 420
24 677
19 812
23 713
14 615
2 331
29 758
11 938
9 720
2 521
11 312
20 537
14 311
7 366
1 644
13 943
6 458
4 934
3 254
8 529
19 955
19 942
26 536
0 781
4 886
20 882
7 819
21 802
20 382
23 657
25 806
18 451
15 215
17 247
3 741
21 726
2 720
2 420
0 600
5 952
14 765
24 225
1 900
12 228
7 856
15 614
