500
28 422
10 620
12 644
14 512
16 910
17 795
4 976
3 862
3 694
13 757
22 471
1 994
6 856
16 767
16 282
24 236
5 880
26 928
5 625
5 453
26 299
3 785
27 647
6 456
23 722
11 501
28 601
11 435
9 549
5 768
29 475
13 335
2 404
26 401
1 935
20 696
13 532
19 446
14 967
1 849
13 246
14 419
13 487
2 565
12 812
20 414
7 792
7 825
28 868
18 282
14 650
29 905
22 809
2 726
4 589
25 529
22 603
29 592
14 694
13 926
1 726
6 670
14 518
7 520
13 581
2 205
26 717
15 443
27 575
13 897
21 774
23 848
11 738
25 872
7 659
6 760
7 467
10 248
26 512
15 718
5 507
29 339
4 938
3 786
23 813
12 236
24 778
19 242
29 418
28 606
14 577
5 947
20 991
13 953
14 916
7 679
19 508
18 286
19 509
1 200
16 397
4 764
3 266
27 450
21 235
21 988
6 748
19 944
23 613
13 298
24 841
1 751
19 274
7 774
11 279
14 297
19 974
5 290
16 946
27 791
21 369
25 871
26 484
15 760
18 443
20 721
6 438
17 252
0 519
9 938
13 573
20 525
18 225
25 253
15 696
13 526
4 798
19 319
5 390
20 848
14 950
27 390
22 351
7 881
14 745
20 344
5 279
9 916
4 822
27 946
16 677
22 911
22 709
18 215
0 436
10 499
8 772
20 223
4 491
28 868
27 577
9 277
26 289
8 563
26 229
1 282
29 850
19 419
1 491
20 462
22 812
7 213
25 757
12 213
6 440
29 990
13 213
1 797
24 249
15 723
10 694
15 634
11 344
5 919
29 420
13 462
25 744
4 202
13 718
25 362
13 303
22 541
1 750
15 460
22 851
15 607
16 460
1 773
2 452
2 762
8 277
13 784
12 335
29 953
28 396
25 718
14 959
20 773
19 561
6 776
27 856
13 642
6 462
22 950
8 698
27 685
29 785
27 800
18 740
11 649
17 616
2 423
29 916
28 793
6 999
27 594
22 785
7 742
7 824
0 449
6 202
10 761
17 734
22 270
27 660
4 410
4 968
0 433
27 710
28 793
20 265
3 922
16 381
19 818
20 819
7 503
23 586
29 404
2 912
7 636
7 281
19 546
4 872
9 652
1 800
25 932
23 688
8 725
25 847
19 953
18 830
1 779
20 776
21 892
4 908
27 720
26 521
26 553
11 528
3 965
17 360
29 475
19 333
12 531
22 874
24 623
11 504
0 981
5 491
24 767
7 782
14 986
5 281
27 975
24 993
26 867
27 684
5 439
11 979
25 791
28 413
3 246
16 495
27 474
25 284
4 415
27 804
9 428
11 226
26 374
0 245
0 710
20 250
10 980
4 783
8 778
28 956
11 996
21 957
24 254
8 752
11 897
27 212
13 496
4 270
4 287
23 311
29 652
5 565
1 452
20 363
27 769
22 452
22 840
21 344
7 248
29 209
20 766
23 682
15 959
29 863
18 507
28 860
1 244
13 992
6 892
5 964
17 300
15 262
16 343
11 874
14 818
1 598
23 241
28 391
26 484
16 306
12 483
20 343
23 285
1 366
3 509
21 845
5 247
20 412
2 616
14 920
22 225
25 970
1 784
6 929
13 689
13 493
23 743
27 690
11 218
1 427
2 538
19 209
14 567
16 395
12 867
22 397
7 819
20 269
4 977
8 750
17 830
19 634
20 209
7 566
20 223
9 363
9 327
8 440
18 919
13 794
23 885
25 442
0 370
1 662
11 950
3 669
7 420
23 858
20 263
1 845
6 749
6 794
20 815
22 795
26 979
13 584
16 936
8 635
4 805
29 561
23 349
12 664
16 572
24 960
22 403
25 286
4 998
16 579
8 836
14 739
27 298
28 404
9 324
26 316
4 323
16 810
21 901
10 517
27 538
1 434
6 380
16 648
24 592
21 906
11 740
27 294
20 388
28 425
11 329
17 235
24 921
12 731
27 592
24 880
14 508
8 865
11 315
11 666
17 949
16 498
1 352
24 688
0 790
2 391
27 569
25 445
29 861
24 508
10 551
14 559
21 612
9 700
29 626
16 213
6 807
5 974
9 285
15 461
6 438
5 688
29 658
8 572
14 667
19 500
5 716
2 261
11 303
25 638
27 924
6 800
13 500
21 886
22 792
4 494
23 494
23 872
23 592
3 458
27 914
6 252
17 465
4 448
17 333
20 204
26 253
8 978
19 676
4 445
9 607
22 259
26 979
17 332
15 293
