500
15 261
1 297
24 214
17 716
17 347
9 516
27 936
13 581
22 690
4 576
12 980
17 644
4 433
5 978
26 562
10 839
7 633
8 973
19 345
15 916
8 321
8 218
21 437
4 507
14 313
29 668
21 801
23 923
1 258
11 493
3 542
22 777
21 735
29 407
29 958
17 457
17 419
2 203
28 251
16 881
20 429
6 521
28 637
4 491
5 719
16 211
4 735
19 677
23 821
17 886
8 376
23 940
12 872
14 821
9 726
24 910
20 993
16 896
10 663
2 336
3 480
0 546
1 863
27 957
21 712
12 382
12 652
15 295
8 732
8 600
5 301
17 424
21 446
28 214
6 820
16 847
18 919
5 919
1 278
1 644
7 758
4 959
3 784
27 202
10 731
16 898
12 408
15 266
28 480
23 680
26 201
25 626
26 401
27 489
16 845
8 709
15 942
1 981
22 604
7 994
17 833
21 458
13 413
4 984
15 394
16 506
18 388
28 843
3 674
29 453
7 257
7 528
27 207
11 516
14 942
8 243
1 687
7 633
2 279
26 208
22 746
18 609
4 282
7 276
9 391
2 866
17 318
27 454
9 531
7 561
5 369
21 984
18 974
21 220
6 465
10 612
25 730
3 837
23 460
6 287
27 347
5 970
20 640
6 870
11 400
28 475
2 441
29 850
23 818
19 938
18 400
4 870
8 519
14 790
1 842
28 762
4 914
7 943
15 578
23 315
19 943
9 992
16 452
16 981
25 252
0 993
10 922
7 232
25 761
29 458
26 659
4 541
21 772
10 466
29 227
5 830
23 313
7 724
25 401
7 677
12 777
5 922
14 509
6 850
6 283
8 628
15 497
24 762
4 863
28 768
4 291
5 561
2 638
0 964
23 657
21 891
19 434
8 882
22 795
2 251
26 222
5 443
3 495
12 515
16 423
11 644
5 923
11 873
25 300
21 862
29 563
7 580
1 939
10 428
5 319
11 856
19 812
14 910
16 255
2 230
14 631
19 203
22 710
16 739
15 976
18 526
17 214
10 527
20 934
22 384
15 775
21 538
5 920
12 662
29 990
8 516
0 503
12 586
4 874
24 464
24 541
12 563
9 238
26 405
10 922
4 827
12 821
20 571
25 243
15 853
15 859
7 504
9 286
26 313
18 802
14 633
17 901
11 316
13 494
27 208
19 350
13 977
10 322
9 718
0 288
9 489
10 501
22 817
25 988
26 272
12 778
0 262
11 577
21 328
16 520
7 429
23 834
20 280
3 725
6 921
9 823
8 310
20 264
7 459
3 671
2 747
3 462
17 894
1 548
6 411
29 278
29 438
27 371
18 555
14 562
26 774
6 214
6 638
12 357
10 499
3 997
5 744
17 273
28 873
25 412
23 460
25 405
1 707
21 734
25 809
11 375
18 868
29 623
4 275
21 299
1 415
19 839
17 296
18 387
8 655
1 878
14 827
29 325
17 768
23 753
23 684
15 943
4 645
4 685
11 699
18 780
26 329
22 386
27 784
13 580
18 251
0 729
8 277
10 981
22 244
10 608
17 251
1 523
25 334
22 693
29 259
1 772
22 309
17 218
26 894
17 645
15 820
23 902
20 322
28 364
10 811
29 401
24 203
14 345
14 471
23 428
25 269
22 801
20 806
16 957
0 213
1 281
23 218
28 916
24 951
20 758
2 794
2 595
3 714
23 895
5 804
18 798
21 684
0 963
29 244
14 724
23 217
10 630
18 751
12 354
1 676
26 553
10 953
13 849
13 611
16 395
8 220
22 825
25 302
19 768
9 735
3 420
3 316
3 332
3 330
7 364
14 958
5 587
12 761
15 683
9 821
10 537
16 548
5 849
21 990
11 532
3 605
16 693
13 727
20 495
12 475
11 889
28 786
6 659
11 988
17 941
21 305
8 445
2 466
1 845
10 615
16 207
6 940
19 462
23 424
0 285
13 210
21 416
15 570
10 888
6 652
26 659
14 919
27 680
21 527
10 754
0 704
7 987
17 469
27 940
17 691
6 986
19 910
21 940
17 571
9 353
21 887
19 823
24 281
0 426
3 724
14 607
22 436
27 510
21 410
23 355
21 220
4 741
5 546
5 391
20 522
4 820
11 617
16 712
15 957
5 730
4 995
18 787
9 893
24 854
28 984
14 775
23 935
4 359
8 602
18 568
11 474
4 859
10 759
7 754
1 331
19 404
22 235
24 700
9 266
12 519
27 440
15 598
16 808
6 643
15 948
12 553
10 660
22 286
7 553
