500
15 528
13 707
25 320
29 982
5 987
16 406
20 796
2 380
1 228
18 985
29 925
19 663
26 828
0 330
3 519
8 963
13 854
9 271
0 749
9 717
19 979
18 224
17 588
14 254
21 441
17 716
19 886
3 661
7 329
22 355
3 837
29 999
5 698
6 740
22 584
26 989
23 558
21 353
8 850
18 508
17 437
0 467
13 885
27 516
23 272
25 492
5 763
14 932
9 690
2 814
9 707
24 560
3 309
11 435
5 529
26 543
11 847
26 576
29 370
2 856
0 312
18 590
17 370
15 351
7 640
7 531
14 351
9 947
1 533
0 287
5 944
5 801
16 317
23 218
15 310
3 898
29 736
17 841
10 559
16 424
18 652
16 394
18 400
8 789
21 418
12 948
22 730
6 969
28 771
26 738
9 746
2 662
9 393
11 780
18 537
15 692
0 678
14 485
0 271
4 575
16 878
6 886
29 931
22 721
27 444
16 570
19 209
26 616
28 501
5 361
23 719
26 635
7 672
17 632
16 340
2 900
23 585
26 667
11 582
26 766
18 999
9 535
5 592
29 752
0 515
19 284
26 748
7 454
22 333
8 531
28 776
12 913
11 606
27 348
5 280
12 281
14 461
21 440
13 783
10 260
12 710
15 774
8 425
28 667
20 277
20 451
15 993
26 469
27 1000
27 399
18 720
2 231
16 683
17 787
0 889
6 806
0 921
22 829
16 326
17 399
23 540
6 866
26 849
5 231
22 735
22 433
21 403
19 650
4 326
15 576
5 964
17 743
10 399
2 230
28 258
5 453
23 423
4 218
28 265
29 433
9 509
6 648
8 542
8 659
13 564
19 863
21 1000
29 359
12 346
27 551
28 654
21 205
24 584
4 215
23 733
9 813
13 362
7 974
15 505
21 299
23 992
3 739
2 795
20 345
4 359
21 236
13 981
17 398
10 769
6 351
26 943
23 875
19 703
14 676
10 368
15 602
0 530
9 331
28 293
17 271
1 294
17 330
28 899
6 975
2 759
11 660
2 205
12 693
25 539
4 466
5 506
1 328
17 484
24 256
3 493
2 783
9 697
14 298
25 498
14 732
19 330
11 432
26 649
5 660
14 672
29 607
19 920
28 753
6 687
17 256
21 607
2 665
23 387
11 735
25 204
22 338
24 825
21 348
7 884
0 831
24 998
20 914
6 813
5 916
3 537
28 732
18 461
24 731
15 583
9 253
28 521
12 674
4 789
27 333
25 497
12 524
20 360
28 412
15 920
21 364
29 883
25 419
21 790
17 593
5 828
9 539
4 548
12 909
12 686
19 365
3 941
26 614
23 665
21 333
21 860
17 620
15 985
25 570
10 492
13 865
23 882
9 562
22 390
24 443
0 936
13 763
0 864
6 400
2 206
28 560
12 511
18 863
10 547
20 722
8 206
2 786
22 566
4 744
21 355
19 598
8 892
16 667
12 523
8 622
10 270
5 504
12 513
19 515
12 479
23 204
7 555
3 442
25 674
27 876
0 872
12 475
14 922
17 656
20 350
23 501
14 286
0 303
18 954
24 363
23 778
3 956
21 419
13 205
28 434
16 339
14 398
3 640
29 835
10 918
27 906
6 975
15 755
6 777
10 336
20 832
27 986
28 916
9 991
13 509
6 380
12 841
17 310
28 590
8 774
22 237
17 710
5 640
26 727
20 950
19 489
27 961
17 387
4 260
27 994
10 631
24 445
19 628
21 501
22 458
24 759
22 585
28 725
29 599
27 973
22 784
26 785
14 534
28 341
11 635
9 754
15 241
29 830
3 320
20 983
13 681
8 917
0 619
20 300
24 332
17 365
22 764
28 299
14 438
6 201
7 505
15 424
18 911
12 797
8 485
4 787
21 751
28 711
12 490
1 401
24 356
28 427
11 517
26 742
26 617
28 917
0 825
5 295
20 409
1 855
13 428
29 204
8 970
13 314
19 543
7 722
9 356
22 272
8 312
0 516
29 548
8 926
10 350
1 632
17 270
1 996
17 308
14 419
12 745
3 989
27 826
25 686
1 803
28 412
14 869
28 711
7 587
26 204
18 948
23 579
0 434
21 523
12 251
24 746
10 344
4 959
6 913
5 285
4 969
12 451
12 393
1 873
29 359
23 881
2 507
8 531
24 577
29 714
7 652
2 920
18 782
21 808
23 437
25 287
8 500
11 944
15 506
6 539
7 782
26 684
5 995
20 871
6 300
23 647
6 435
25 860
22 351
7 408
23 960
22 940
10 640
