500
24 386
25 972
11 291
6 271
3 915
13 643
7 713
29 563
11 933
28 346
1 267
21 357
18 844
6 432
13 961
2 581
26 344
0 424
25 881
11 477
10 736
6 614
19 575
19 473
25 939
19 427
21 904
13 423
4 919
8 412
13 771
29 266
13 245
29 723
25 863
14 858
9 625
22 744
7 209
8 264
6 246
28 507
19 681
21 983
26 492
9 638
2 686
3 499
7 894
3 961
25 407
2 696
4 782
21 416
29 982
26 479
6 629
6 569
27 881
10 821
0 757
1 356
14 930
2 277
15 474
15 824
14 441
4 941
21 956
12 612
22 388
9 733
29 210
4 493
23 750
7 556
21 485
25 578
11 266
7 315
0 944
11 623
15 682
28 286
22 427
14 948
25 267
22 679
15 916
15 831
6 898
28 426
20 971
21 636
19 607
14 529
2 382
19 804
0 514
25 841
18 665
12 340
6 745
23 356
14 358
24 723
8 515
2 973
4 292
10 576
3 608
28 951
7 832
16 249
26 717
10 678
7 256
2 233
14 574
10 393
9 298
11 927
29 201
6 239
21 421
29 786
29 342
18 405
14 257
13 304
17 456
6 771
14 876
4 963
17 695
16 324
11 518
24 822
5 979
12 827
15 461
6 612
23 739
10 966
25 568
27 213
2 967
26 896
4 352
12 360
28 270
5 314
13 300
25 573
0 659
27 586
20 698
1 764
13 270
6 661
22 680
3 589
1 491
11 516
13 334
0 419
5 768
22 274
27 329
15 663
7 921
29 666
8 258
13 348
16 362
24 574
23 568
9 657
23 607
0 867
15 855
16 986
18 775
22 726
5 321
7 936
6 450
27 235
6 565
7 358
3 667
16 317
14 856
13 497
11 956
16 519
15 638
24 235
12 944
3 759
21 661
6 612
19 671
11 800
5 260
14 334
12 426
19 360
9 512
25 433
6 467
7 808
23 989
11 767
20 217
12 512
16 681
22 396
25 247
10 909
13 411
2 639
9 985
9 494
10 250
22 368
22 663
19 386
21 971
15 735
23 927
11 448
8 247
20 656
8 444
16 885
26 609
17 859
14 817
21 521
8 786
23 667
16 612
22 923
15 420
25 959
14 998
19 648
16 721
23 817
0 913
12 347
5 331
20 339
20 532
12 676
26 757
11 934
24 312
11 532
0 889
7 261
7 912
16 823
11 274
4 533
13 605
16 572
12 778
7 921
12 638
4 395
22 977
18 250
0 428
12 707
27 879
11 637
18 541
23 661
10 818
12 451
29 622
15 282
29 590
12 547
22 717
26 767
16 397
6 226
4 922
7 285
29 993
5 906
22 497
9 440
27 881
5 852
19 995
26 708
5 494
21 494
12 484
20 238
25 225
27 690
28 549
10 947
25 725
5 231
5 962
29 535
22 329
3 926
19 233
1 427
7 285
13 690
17 413
19 742
19 700
9 592
8 264
19 665
20 442
29 968
10 376
18 539
19 341
0 809
14 506
25 915
1 881
3 942
27 721
19 522
10 328
22 350
0 992
9 273
3 850
4 421
7 841
26 265
24 594
13 710
19 348
28 935
6 878
22 897
26 638
4 410
2 242
8 404
14 789
16 674
24 302
13 267
19 428
29 923
0 416
25 260
12 949
20 670
8 553
2 925
10 722
18 510
19 872
6 701
12 507
23 340
19 511
12 274
18 797
3 696
4 294
2 586
5 574
10 371
4 488
19 386
20 483
27 532
10 736
25 797
24 563
17 277
29 565
5 994
8 564
13 426
28 449
12 579
25 721
21 688
2 819
28 342
14 736
23 501
19 495
16 232
1 377
6 366
7 975
6 945
28 394
10 259
7 661
4 990
20 504
29 624
17 745
2 628
18 971
4 329
7 660
16 616
4 384
6 641
29 892
25 931
17 729
16 927
2 851
4 831
23 732
1 863
12 450
26 878
27 850
2 540
27 387
22 833
6 818
19 273
24 363
13 987
14 495
16 485
0 498
25 542
18 654
25 650
1 678
16 600
4 995
14 417
7 577
14 376
29 704
8 579
6 951
8 700
20 429
0 212
16 699
27 592
12 930
7 485
28 463
1 575
20 596
9 905
7 655
23 969
12 843
7 749
28 824
8 290
13 880
12 718
2 961
9 420
27 393
6 450
8 839
3 550
12 589
10 617
27 282
17 891
29 761
21 215
1 746
7 509
7 919
15 811
25 510
4 423
20 562
3 957
29 435
18 817
19 896
25 614
25 663
5 765
23 757
13 211
