500
29 551
21 313
9 290
26 817
11 316
20 855
12 929
12 571
2 626
7 781
17 205
7 838
28 961
4 803
13 228
9 801
6 255
13 304
15 255
25 651
12 338
28 592
13 346
21 721
28 320
13 339
26 351
29 679
8 602
14 834
26 384
0 300
7 239
28 775
14 902
12 877
7 543
15 604
2 241
29 257
19 939
18 869
9 583
3 404
6 837
5 745
18 533
8 307
7 540
18 377
28 219
23 285
0 400
7 763
24 751
15 561
13 754
1 721
29 724
28 856
24 901
13 564
24 240
16 478
7 329
4 611
21 986
27 379
16 728
21 311
11 253
15 686
6 782
4 246
0 650
19 705
29 300
24 823
18 304
14 355
1 481
16 972
26 431
7 341
25 629
18 870
21 657
11 958
27 779
20 629
25 428
14 504
17 509
10 803
29 216
5 662
4 442
10 879
21 561
22 501
13 251
21 221
3 807
12 290
16 335
13 936
9 639
11 634
15 434
3 438
0 686
20 877
10 986
17 889
21 613
12 474
19 606
29 337
7 934
22 327
18 691
14 617
25 337
21 966
5 325
28 875
9 221
16 881
3 334
18 310
9 620
21 557
7 365
13 889
16 321
0 363
6 816
21 680
26 374
12 758
10 970
19 645
19 420
24 366
27 385
4 580
7 779
10 860
10 654
12 820
24 380
1 477
18 292
18 386
23 459
25 675
17 972
9 811
25 258
11 219
0 212
15 767
26 645
28 221
29 805
8 223
14 657
22 712
25 947
16 547
24 427
11 488
0 902
20 726
8 641
11 795
14 284
26 917
18 751
18 359
7 544
7 974
22 235
23 222
0 801
23 680
28 485
6 346
17 608
10 635
2 399
29 567
7 978
20 968
2 426
26 747
10 514
18 582
12 556
22 646
13 712
26 239
4 200
11 469
16 242
27 927
13 289
8 429
6 771
18 450
24 657
2 846
22 752
2 764
29 785
26 380
26 467
17 960
18 233
7 812
28 584
28 683
12 391
18 964
29 454
14 789
20 980
2 476
25 323
24 663
1 564
27 604
7 491
0 542
23 837
2 727
7 377
11 527
1 349
13 718
23 335
12 340
26 427
12 818
4 495
22 784
0 306
28 665
14 880
18 576
15 292
21 864
25 847
6 879
3 932
23 885
0 496
19 215
8 851
14 974
28 698
2 232
3 440
24 455
1 708
3 707
20 968
18 242
25 494
29 474
23 907
19 899
1 808
23 924
24 691
20 637
7 975
25 813
19 726
3 480
27 884
5 600
2 790
23 631
3 507
26 369
19 922
12 255
1 790
28 471
24 473
27 320
3 528
1 350
29 201
28 765
4 601
26 657
29 731
27 925
28 767
16 409
28 289
1 547
8 382
0 278
5 941
2 628
13 719
21 455
20 390
24 651
18 802
25 962
24 755
26 834
29 839
19 790
24 816
5 689
27 750
7 558
15 704
6 606
3 668
16 896
28 332
19 893
10 548
7 715
25 837
21 391
23 870
25 911
27 609
17 859
16 814
3 789
23 809
24 337
28 448
26 241
8 500
17 215
26 769
2 447
4 457
7 704
8 580
28 641
29 987
19 324
19 443
2 829
26 782
4 840
20 829
12 755
17 646
4 917
19 336
27 723
21 673
28 252
8 307
9 427
16 771
11 546
28 774
27 565
28 963
15 267
25 486
1 360
3 614
15 318
18 422
6 787
19 311
17 796
2 992
8 563
20 391
4 996
9 503
20 206
8 545
10 629
21 545
28 672
15 508
6 443
2 812
25 803
10 498
24 525
20 300
9 484
19 714
24 527
20 474
4 586
26 468
15 460
6 787
3 669
5 885
24 850
28 616
17 718
12 900
21 965
12 302
8 489
11 664
19 333
4 996
27 255
22 984
28 741
18 201
28 932
24 579
9 512
18 604
3 506
2 565
28 869
27 213
22 957
24 486
25 295
28 780
6 704
23 436
3 864
9 652
12 990
4 406
5 844
21 288
0 312
14 487
16 401
19 217
20 997
28 748
8 727
22 785
7 576
5 696
5 832
26 220
27 362
2 977
17 741
9 641
12 463
29 233
13 940
17 855
11 772
8 807
27 423
19 237
28 369
27 866
26 782
9 833
6 446
22 493
18 661
11 671
14 619
21 367
14 811
1 962
15 674
11 399
2 724
29 603
19 200
5 602
26 913
15 377
10 212
23 924
1 870
17 820
8 313
23 391
15 692
4 380
19 309
27 793
16 743
13 569
26 280
28 405
10 999
