500
19 492
9 421
22 331
24 888
7 636
25 306
23 442
3 402
20 365
7 721
28 296
20 587
27 630
4 616
17 309
24 667
15 224
5 275
18 513
4 670
0 498
28 422
18 551
10 822
13 854
13 497
20 549
10 410
4 468
8 701
7 929
26 941
14 616
3 556
20 436
2 644
14 792
20 835
9 686
2 320
20 510
29 456
4 748
14 587
19 472
4 871
14 546
19 735
18 554
17 764
21 595
28 791
4 822
17 883
17 314
29 761
20 842
27 735
14 962
18 452
23 554
3 527
22 770
29 744
29 530
18 997
11 469
29 591
0 537
14 996
20 618
24 757
24 692
1 981
12 658
8 516
6 889
2 318
2 320
3 550
7 301
22 690
19 507
9 337
28 620
28 947
20 851
24 942
18 866
20 256
18 794
11 239
2 246
13 1000
1 972
7 892
12 271
9 510
10 338
23 479
0 895
12 922
24 987
25 443
18 817
25 488
2 570
15 456
14 409
12 728
3 331
3 989
28 778
6 537
29 532
24 770
25 860
27 798
15 897
23 474
14 949
21 603
21 415
9 214
18 224
21 649
11 747
25 627
14 911
1 581
3 628
2 719
18 831
1 376
2 858
21 622
13 637
24 756
22 364
5 294
6 824
27 896
25 565
11 976
3 210
6 839
21 266
20 434
15 748
22 457
2 495
16 484
13 956
26 303
9 745
16 679
19 292
15 927
8 333
7 902
8 309
20 249
22 434
0 961
0 270
23 965
21 949
27 590
0 679
28 850
26 422
23 490
5 631
1 464
29 923
28 208
14 721
4 282
4 571
4 650
26 630
11 296
19 741
10 238
18 808
1 308
7 857
5 354
16 960
11 742
10 371
3 813
0 276
6 769
21 693
22 807
5 477
8 247
3 535
2 379
28 527
13 322
3 976
21 495
22 674
12 779
22 992
6 502
7 665
12 386
11 604
22 339
7 950
15 237
25 268
3 730
12 551
1 789
19 818
9 248
17 390
18 216
19 326
3 448
10 792
24 381
3 766
23 536
28 242
26 299
23 526
4 330
5 922
19 927
24 664
0 402
25 554
20 546
15 918
11 274
3 901
13 374
18 875
25 253
24 693
18 617
19 780
1 293
27 913
27 611
0 503
14 861
3 347
21 522
18 243
21 829
14 460
8 491
12 948
17 875
9 212
29 564
29 673
5 868
11 794
6 727
1 545
24 236
28 434
17 899
28 936
20 888
8 609
21 666
24 270
1 300
23 881
17 676
21 225
22 259
16 350
23 317
10 246
3 363
22 605
15 347
7 625
7 975
25 894
11 739
19 404
24 971
13 347
10 247
5 932
25 807
29 905
11 971
4 384
1 969
11 891
24 318
5 726
14 698
29 639
10 946
4 326
20 484
7 710
4 460
19 799
15 374
4 693
22 788
14 462
29 826
13 696
19 862
16 816
6 203
28 249
0 220
5 942
28 751
23 797
4 449
4 458
29 320
29 335
29 377
16 456
22 645
15 636
25 567
26 660
12 938
29 855
27 493
29 748
9 958
25 683
24 553
0 899
25 413
19 736
15 853
10 885
25 340
9 690
6 520
12 837
29 829
25 888
13 235
24 816
3 215
19 225
9 819
14 702
9 267
23 594
0 479
29 300
16 600
9 605
24 615
1 914
19 694
9 517
3 230
16 355
5 961
10 975
26 640
5 211
6 311
27 278
1 756
20 392
7 394
2 909
10 563
2 322
13 373
6 694
11 485
15 720
10 390
15 606
4 490
3 870
4 535
19 811
27 586
0 854
21 818
18 344
5 635
9 216
3 573
20 786
26 352
9 470
9 877
28 629
28 813
3 457
22 659
17 690
2 527
2 232
27 380
8 939
15 921
10 272
18 575
13 739
14 823
26 799
11 772
16 573
5 929
26 652
17 900
28 456
4 386
25 766
13 954
2 206
11 872
10 563
12 595
24 642
17 567
5 681
8 232
17 644
27 374
26 580
10 327
14 668
16 474
8 601
7 469
8 535
0 411
27 850
17 711
15 335
10 398
12 455
25 758
28 293
19 866
5 968
12 795
18 821
29 551
1 878
20 351
11 816
1 833
10 340
16 490
15 701
28 584
4 291
8 725
4 927
26 649
1 701
11 290
25 564
25 900
25 595
13 550
13 961
11 630
6 537
24 765
25 232
3 265
27 832
18 281
10 760
0 916
22 539
25 330
10 274
29 435
25 477
2 706
23 910
15 548
29 849
17 323
20 822
17 909
20 684
10 766
