500
7 792
22 546
21 498
6 300
1 403
1 538
3 372
29 504
20 203
19 218
4 318
2 271
24 859
21 577
15 933
20 659
6 486
21 921
3 311
10 320
5 201
17 954
5 937
8 466
25 607
7 290
6 430
10 706
4 504
16 239
21 997
8 929
2 611
23 753
12 716
13 405
0 395
24 465
7 419
25 593
17 344
15 541
19 396
18 358
24 986
22 719
14 617
20 575
23 580
22 567
7 282
28 837
9 311
24 978
28 982
17 856
29 613
19 928
22 283
7 430
8 326
17 389
27 953
20 935
17 759
14 429
25 835
12 217
20 786
15 549
11 568
14 558
3 512
9 822
12 553
1 399
21 372
27 779
11 715
26 652
19 613
19 978
0 520
8 873
7 625
17 890
7 732
23 844
23 692
27 464
4 290
12 721
26 761
29 906
8 308
16 986
12 845
3 391
29 860
15 388
19 870
29 566
19 479
9 484
6 879
15 395
13 973
28 844
3 508
27 238
17 545
21 455
16 752
28 413
25 608
10 535
19 792
7 783
21 404
2 200
12 283
21 875
12 527
4 223
9 291
1 549
24 739
12 378
10 891
14 394
7 729
8 320
5 828
19 607
15 285
26 705
1 826
28 238
1 287
10 331
22 448
2 370
17 388
6 781
24 867
27 866
15 916
4 736
2 578
27 875
12 830
7 758
9 909
18 772
16 787
26 541
1 407
27 918
28 702
4 786
16 992
5 319
19 627
7 345
25 380
0 619
11 580
8 789
6 519
13 887
6 990
14 610
27 526
24 999
14 314
2 372
27 621
13 635
13 931
29 846
6 868
22 427
0 645
15 602
9 300
17 304
26 388
16 490
0 538
8 614
15 518
21 730
12 220
17 538
27 619
21 484
14 803
26 240
29 498
11 852
9 906
4 322
14 239
11 530
24 798
4 522
7 757
10 700
29 343
21 781
0 854
1 828
5 251
21 854
9 604
11 484
4 564
16 255
9 223
17 219
25 304
3 378
11 614
14 833
6 582
0 1000
3 996
13 332
13 204
1 655
4 640
25 839
29 771
12 906
5 308
15 211
19 383
14 226
26 639
27 565
26 924
16 415
2 401
2 395
19 299
9 920
19 500
23 290
11 567
28 643
15 440
15 868
19 214
17 755
16 312
11 834
6 864
10 518
1 1000
23 370
5 217
21 717
28 864
3 264
9 406
24 256
10 585
14 731
22 426
2 818
3 742
1 295
20 645
10 995
27 968
7 397
2 322
16 702
12 564
27 737
6 463
18 938
3 355
16 719
1 241
1 759
28 446
22 661
4 383
29 463
23 879
8 502
26 449
9 609
5 956
7 346
0 586
26 466
17 351
14 330
0 921
10 347
0 342
1 330
1 420
21 920
16 470
8 985
6 862
18 950
8 815
5 440
8 839
27 838
15 535
15 579
20 515
10 787
1 442
8 253
13 678
11 667
22 300
22 378
8 465
25 782
22 616
26 374
17 404
25 958
19 371
18 548
26 495
1 602
26 617
12 461
8 232
27 244
9 227
21 618
29 647
13 617
4 974
22 379
8 221
10 727
7 402
18 297
10 251
10 859
19 983
11 960
10 546
2 858
18 547
28 559
19 380
23 653
13 934
19 797
26 646
16 593
10 820
25 255
23 649
8 836
0 213
9 731
2 902
22 409
29 717
6 698
3 915
22 645
12 846
16 559
22 290
18 778
19 852
9 374
15 727
23 203
0 855
21 200
6 687
4 514
16 260
2 452
23 714
23 629
26 676
6 591
13 717
6 951
11 914
5 603
17 592
14 954
12 809
21 633
27 687
17 505
22 352
20 206
8 671
1 796
13 641
20 907
1 959
23 876
18 552
13 323
26 313
14 890
20 595
18 900
11 450
6 459
8 392
4 971
11 787
6 203
26 795
4 824
4 303
27 711
12 432
7 483
24 905
24 723
6 684
29 593
27 898
4 809
7 578
16 849
20 791
13 840
29 581
17 779
23 972
8 517
19 912
3 706
20 372
23 963
28 684
26 244
12 755
22 926
25 775
21 229
25 977
1 573
5 495
28 216
12 458
24 559
22 434
4 792
2 795
21 600
24 308
25 686
3 483
0 602
29 269
20 319
18 861
23 282
9 846
21 733
12 224
15 290
6 772
7 641
4 878
24 289
4 608
0 901
12 275
8 992
16 403
22 980
16 290
21 811
7 364
7 993
10 411
18 937
8 370
19 592
3 329
24 279
22 900
1 351
7 329
4 567
9 572
28 380
