500
18 502
13 450
26 708
18 800
6 261
20 667
17 493
25 891
18 714
22 898
20 427
0 741
15 882
27 609
24 395
18 856
13 258
18 597
15 319
13 909
18 295
11 386
21 229
22 823
4 468
20 535
0 522
10 633
22 261
8 396
25 903
26 272
28 299
26 318
28 784
2 500
8 202
13 357
26 503
22 893
25 309
10 479
17 413
5 215
12 795
14 672
20 598
14 638
5 682
8 404
6 894
15 666
0 400
7 336
28 257
2 861
7 743
9 732
2 623
24 589
8 752
15 387
12 838
6 597
9 470
1 314
21 641
24 465
15 717
24 825
24 528
22 856
16 502
12 424
25 954
22 486
8 541
11 789
15 698
13 496
27 224
18 977
9 909
14 885
5 316
3 809
24 611
1 291
29 780
17 815
19 494
9 463
1 964
20 397
9 210
12 662
19 435
2 676
20 702
6 308
21 793
4 597
14 820
6 991
11 217
18 780
29 911
8 500
20 683
12 769
12 234
19 715
24 850
9 363
24 247
5 951
29 437
5 285
16 598
22 536
0 811
14 408
16 325
24 886
12 650
27 988
24 746
0 318
27 247
18 556
7 706
10 627
5 419
9 466
16 897
25 526
9 661
3 778
23 247
22 993
6 646
13 211
26 621
0 880
19 583
7 665
24 881
1 481
24 864
28 484
3 530
26 470
18 585
14 951
2 579
4 917
20 230
22 590
1 569
28 863
22 819
16 443
1 673
8 471
19 290
17 833
27 446
19 607
12 925
2 584
12 861
15 416
23 773
9 812
4 356
24 222
20 246
27 240
11 498
20 881
29 808
25 802
24 941
10 908
25 757
29 621
8 448
20 238
17 918
4 850
29 637
23 895
8 608
25 869
7 892
7 793
11 316
16 360
9 912
8 320
2 287
11 781
28 227
28 613
20 635
24 239
24 566
15 820
6 815
18 949
11 380
23 740
19 259
3 991
19 513
11 958
13 617
7 505
17 349
0 676
14 206
18 550
29 821
18 709
16 715
16 531
18 239
13 250
24 676
15 446
23 530
17 274
10 271
17 506
20 654
25 907
6 210
7 564
26 264
20 474
13 484
25 287
29 455
23 452
15 349
27 618
21 640
15 246
22 779
23 714
27 754
3 550
27 635
20 893
16 928
10 304
9 703
4 654
29 280
14 373
13 229
26 685
18 623
18 983
10 441
5 844
25 440
10 204
11 947
26 382
5 909
8 494
12 853
15 669
29 287
25 272
28 567
2 589
12 343
7 244
0 854
19 786
15 399
23 255
22 246
29 967
13 784
4 645
15 703
13 470
8 576
11 660
21 414
26 345
3 354
26 574
12 793
24 568
17 363
4 518
20 329
2 708
17 473
18 417
29 282
5 764
19 523
4 894
19 344
15 583
23 424
21 479
25 608
11 889
7 736
14 432
0 775
4 307
26 848
27 860
1 613
2 357
26 385
26 518
19 548
9 955
16 388
24 472
2 340
29 648
26 317
26 358
11 252
18 690
17 716
22 543
1 535
5 599
9 424
19 593
18 779
16 733
18 232
5 792
23 683
0 910
19 627
23 983
20 315
5 713
3 675
6 582
15 941
15 573
4 543
11 580
10 432
29 639
5 954
1 208
1 821
14 633
15 388
3 680
12 361
22 571
0 970
9 709
24 571
0 300
21 302
23 505
22 323
19 288
23 287
22 267
17 743
23 664
22 970
22 357
22 555
25 829
6 505
26 571
17 536
21 493
10 982
19 329
23 903
14 433
2 594
28 875
21 667
18 470
23 912
19 461
29 234
15 426
29 880
16 738
15 645
5 406
17 371
28 553
18 558
23 600
25 872
12 675
17 254
6 578
0 330
27 564
9 612
15 310
8 518
7 907
5 446
4 318
29 782
5 491
20 777
19 728
7 594
12 852
3 400
16 802
29 593
19 771
7 214
19 932
5 752
25 650
11 884
4 320
7 221
28 431
18 557
4 211
21 814
9 460
8 995
23 379
17 571
21 533
1 425
29 222
0 211
12 615
7 612
16 857
21 919
24 568
12 878
1 213
13 335
22 671
1 250
4 606
27 703
25 374
1 421
11 581
20 376
28 220
7 230
16 667
19 644
26 900
8 537
17 892
23 462
20 813
4 948
17 892
5 578
6 833
15 485
27 869
3 627
27 259
6 213
2 484
19 758
11 825
19 858
18 296
8 586
1 864
24 426
16 727
14 342
15 257
29 556
16 522
3 325
20 302
25 943
21 204
7 961
9 600
