500
0 545
5 618
0 239
5 991
20 945
24 544
9 905
9 375
14 720
18 667
21 316
5 664
25 519
9 837
25 469
25 673
17 381
7 512
20 521
3 650
5 768
17 460
16 877
29 424
11 887
14 642
1 619
0 552
12 765
5 209
26 415
2 966
25 870
11 790
7 712
20 896
6 614
14 525
10 350
1 416
23 537
9 664
25 865
2 649
20 532
14 265
26 245
12 338
24 271
8 318
0 473
4 993
11 363
20 680
26 531
3 383
22 331
24 422
3 921
15 794
27 510
8 229
10 329
27 390
13 851
14 651
21 544
22 527
14 590
26 524
26 847
3 776
16 991
7 888
10 522
28 791
24 311
7 735
29 540
18 993
28 267
6 836
6 787
17 939
11 588
11 946
13 955
21 505
22 958
23 697
23 565
25 655
25 670
22 955
17 759
25 759
25 233
6 460
23 481
7 784
11 211
13 569
25 872
24 396
26 609
23 576
22 632
18 835
8 481
11 659
14 557
28 771
6 802
22 674
24 711
3 765
8 660
20 628
0 772
20 993
2 724
15 327
23 213
14 666
20 329
11 481
26 381
11 741
4 569
21 695
0 715
19 932
6 267
14 588
25 504
22 568
0 205
12 872
0 459
27 547
1 798
23 588
11 387
4 712
28 375
8 262
13 660
0 441
16 507
19 645
8 293
12 444
13 551
13 309
7 982
18 754
22 378
9 497
4 585
22 250
8 534
5 877
9 880
24 330
23 820
21 635
23 843
8 995
27 442
18 538
11 321
1 414
17 353
1 259
26 515
15 751
23 808
11 886
5 637
0 588
27 506
9 580
22 789
21 778
2 779
16 259
18 554
7 400
15 321
23 982
23 399
16 354
10 244
19 494
7 650
3 735
11 429
1 690
29 848
2 630
6 314
10 928
19 316
14 989
17 232
25 659
28 473
27 445
3 961
26 927
11 654
5 984
21 317
12 335
11 370
0 545
7 910
1 472
3 548
11 736
16 841
24 936
19 757
5 943
9 867
29 805
28 288
14 775
1 575
14 391
16 387
28 380
1 797
5 965
11 634
8 638
29 903
28 514
29 284
17 624
9 572
14 435
8 618
11 996
1 247
7 966
19 407
10 916
11 203
17 581
16 305
9 442
5 659
1 997
2 863
2 374
27 284
22 391
1 841
28 428
13 380
29 509
28 446
14 952
24 259
22 327
18 568
3 559
11 506
23 201
2 458
19 444
16 949
27 686
11 715
20 296
12 435
1 391
8 869
8 917
24 786
10 709
20 224
15 392
20 505
16 601
1 828
26 508
24 312
16 738
10 680
1 990
5 282
24 280
20 846
7 676
0 601
3 274
29 232
9 604
15 671
17 396
8 478
22 766
5 847
22 477
26 210
6 976
25 641
2 649
11 275
25 840
1 418
25 397
11 910
14 843
28 733
7 567
18 709
8 970
9 498
16 821
10 925
8 369
3 228
9 378
7 517
12 506
6 946
11 775
7 398
13 286
3 247
22 479
28 482
7 569
22 536
6 780
9 315
24 330
11 566
13 979
4 439
14 897
9 901
27 793
7 357
29 448
11 813
13 846
12 475
15 553
14 322
10 606
4 217
16 517
22 717
27 284
9 771
22 524
9 593
25 458
17 854
4 798
15 510
20 795
18 520
1 879
12 299
19 740
1 716
19 725
28 433
13 243
17 997
29 841
22 262
20 559
8 301
4 613
6 616
16 225
17 275
17 317
19 830
14 355
9 803
16 750
7 289
16 335
2 295
16 596
6 483
11 385
28 942
23 607
24 576
7 615
2 249
21 597
24 900
22 320
3 340
23 666
4 653
23 218
29 294
16 613
28 441
8 890
7 971
29 598
15 902
25 674
17 213
0 650
8 294
13 606
6 677
8 301
3 333
29 544
20 809
7 908
25 340
7 616
16 678
16 413
9 708
13 875
6 977
5 400
16 567
24 555
27 276
4 578
8 975
0 796
26 915
10 211
7 555
29 639
17 275
13 492
27 321
12 940
2 599
22 213
20 608
24 775
14 492
10 856
20 502
26 985
25 967
15 787
7 978
5 656
1 994
3 425
25 920
26 756
22 806
9 476
7 590
13 537
15 948
28 947
10 919
13 214
28 832
16 446
8 325
26 781
19 243
24 439
29 925
0 735
19 469
10 710
0 251
6 429
15 755
2 570
15 494
25 967
14 275
12 641
17 627
0 936
29 871
18 348
4 622
4 999
3 793
14 984
22 440
20 897
23 626
2 438
