500
4 433
28 595
5 358
24 271
13 232
7 849
22 261
10 268
22 949
12 666
14 615
20 776
25 608
6 809
19 878
14 743
13 237
11 227
16 707
16 262
3 228
27 829
27 637
13 521
19 622
22 500
7 367
25 835
9 993
17 269
26 550
14 208
11 983
28 720
7 826
0 484
16 864
15 950
14 672
8 643
27 443
11 967
25 963
10 724
16 821
18 404
27 759
6 309
19 712
16 514
22 671
10 625
19 476
1 263
9 730
2 443
8 396
17 357
15 202
10 973
4 919
14 355
24 576
8 727
19 681
3 821
4 790
9 204
8 523
4 460
23 378
19 801
6 963
25 259
14 228
16 641
17 342
26 982
12 515
15 242
25 795
24 391
19 845
17 966
25 567
1 528
23 751
14 584
7 609
1 253
13 421
7 970
29 487
25 779
15 814
27 239
26 229
27 442
15 752
18 663
17 568
12 753
11 223
17 267
7 430
12 822
13 849
25 780
9 841
20 718
0 522
23 598
9 531
17 814
21 649
13 957
17 745
14 646
22 934
15 211
25 341
2 914
24 707
24 924
12 342
23 295
18 299
8 723
7 224
29 404
15 664
28 888
12 908
8 977
2 471
11 214
4 907
6 840
4 807
28 568
12 352
8 807
9 531
12 514
28 575
16 337
5 875
14 917
28 395
4 789
21 461
10 272
17 893
23 421
29 441
22 228
8 756
26 509
28 279
29 703
17 943
1 556
24 710
19 532
25 433
11 252
29 397
0 378
17 648
2 933
21 497
8 236
14 339
14 884
29 244
28 485
14 414
29 667
16 766
29 336
22 538
5 635
2 300
20 780
22 742
5 645
19 644
14 218
9 915
17 487
18 844
3 732
22 821
5 771
3 371
15 768
21 457
1 993
0 206
22 491
7 230
6 590
27 324
13 379
22 381
17 232
24 793
12 969
9 510
26 815
0 722
12 225
8 408
17 864
29 821
28 336
22 235
13 849
13 364
9 843
12 430
25 803
2 621
12 658
13 573
9 210
7 866
7 223
21 339
27 321
3 607
1 329
25 355
17 280
2 894
29 690
27 788
25 454
24 317
20 621
21 663
8 640
19 538
10 830
1 229
10 589
5 994
16 919
19 852
14 560
25 857
9 262
13 246
5 945
3 305
12 268
0 535
17 872
13 628
28 901
26 485
4 599
14 744
21 766
1 768
20 763
2 650
10 467
22 500
29 678
13 808
27 407
11 976
23 375
4 739
25 329
10 320
5 231
26 768
7 558
8 376
15 698
14 344
16 850
3 622
13 961
15 234
20 202
28 756
6 538
23 946
27 379
29 424
11 316
29 408
17 490
9 600
24 270
25 285
25 982
6 482
0 573
28 250
25 633
10 405
28 491
20 768
27 607
1 954
11 879
29 724
18 342
5 227
11 910
11 965
9 223
26 334
19 837
26 927
29 888
29 835
2 768
18 568
26 723
1 496
4 867
20 837
6 622
19 275
6 429
4 222
4 587
10 540
12 701
7 784
20 446
17 919
25 201
0 950
15 559
8 811
2 784
19 273
11 862
20 348
11 524
10 459
17 825
20 436
24 957
27 202
22 462
12 683
5 433
21 201
22 973
12 348
0 215
18 505
29 689
4 739
14 850
13 929
1 624
24 769
27 731
25 728
21 722
6 601
4 336
15 986
17 435
2 830
22 594
27 993
20 816
28 885
24 414
4 752
17 788
28 561
15 980
2 359
13 858
23 246
9 356
2 551
10 933
1 846
6 982
16 469
12 821
6 784
5 710
16 216
25 930
27 887
24 276
21 321
11 535
6 656
16 655
12 984
29 681
27 951
25 370
13 568
24 359
25 270
8 665
8 834
22 699
1 660
10 343
10 715
11 331
21 415
0 912
8 305
3 304
22 883
23 780
14 359
9 655
27 521
16 254
23 230
0 567
24 450
12 274
21 910
2 263
24 939
4 626
22 971
14 296
13 287
7 545
18 892
23 268
18 899
18 212
19 449
2 257
1 688
29 415
27 678
0 615
29 924
9 385
20 330
24 670
21 583
10 638
2 625
23 723
11 993
18 511
2 816
29 985
8 966
8 336
19 622
11 865
14 603
0 910
0 453
18 670
17 346
21 217
25 205
18 946
22 228
19 930
1 353
4 679
21 245
15 222
23 455
0 468
0 679
15 794
16 779
3 734
27 579
1 435
29 757
9 796
2 392
23 296
6 587
17 831
3 400
12 935
20 289
1 899
17 366
11 431
6 426
24 312
