500
23 209
25 685
5 291
3 974
23 430
22 399
20 255
17 394
6 330
2 869
17 391
28 702
16 513
21 494
18 439
2 809
6 982
27 326
19 608
25 968
3 868
22 758
4 758
24 229
17 942
19 635
15 615
2 974
14 476
3 702
25 982
20 811
6 328
11 574
24 951
9 490
21 573
19 650
1 656
21 821
20 332
6 212
6 700
8 428
27 906
13 638
28 472
20 947
7 653
28 622
25 698
15 520
26 812
22 531
16 513
4 486
26 826
28 938
21 561
27 429
4 800
6 484
13 767
7 568
12 818
25 775
5 562
18 281
12 799
3 797
29 286
10 695
26 905
4 591
15 683
5 554
11 203
2 673
12 681
11 587
10 881
1 773
3 754
6 593
7 774
9 901
20 215
5 970
17 497
28 319
16 687
27 995
17 832
11 409
29 259
13 612
8 609
3 922
12 929
13 874
13 818
9 301
14 209
5 815
20 316
5 996
23 713
26 253
26 632
17 658
6 525
5 455
16 521
1 948
10 764
12 790
17 674
0 693
25 765
12 933
15 476
22 431
14 326
15 298
16 706
0 498
2 574
1 932
14 462
11 906
16 820
6 563
17 718
17 964
24 916
21 765
29 856
26 514
10 262
18 229
14 398
3 313
23 374
12 620
4 235
15 681
7 548
23 682
29 852
22 498
4 602
0 686
16 891
11 730
22 350
22 707
0 335
23 897
2 432
23 488
4 675
14 739
4 915
8 244
8 857
0 895
27 881
5 718
14 769
22 410
2 419
14 702
19 823
13 504
17 374
19 673
22 631
20 331
9 844
10 842
21 549
19 830
23 245
6 829
1 448
19 765
22 653
28 622
7 403
16 668
15 379
8 998
10 891
4 855
7 981
13 340
17 281
18 255
9 853
28 310
26 960
23 346
29 932
24 787
3 230
5 983
6 627
0 925
7 889
13 805
15 880
3 728
9 680
5 523
15 763
21 617
13 323
10 608
22 589
7 271
20 467
16 836
25 522
23 626
23 817
13 1000
12 776
1 389
8 379
9 653
0 876
27 365
19 674
3 243
12 855
7 971
24 341
20 293
24 732
3 610
24 505
14 716
28 429
0 701
10 806
7 386
3 638
14 383
25 583
8 791
15 601
18 815
13 689
12 993
23 204
20 513
6 674
16 783
23 252
22 809
28 579
27 887
6 635
10 260
25 882
3 889
12 745
23 774
18 834
16 424
1 700
4 737
22 849
22 543
6 534
29 357
3 252
12 258
9 928
11 759
27 558
16 498
6 391
1 917
19 270
23 538
23 730
12 525
14 767
27 651
16 990
22 987
1 491
27 737
5 977
14 613
27 282
19 910
0 913
9 939
24 477
2 640
15 721
0 940
19 299
4 664
23 993
19 845
3 464
9 331
17 384
22 989
0 868
0 671
27 884
13 868
4 345
17 329
19 794
1 818
22 490
16 220
2 300
13 571
25 425
18 732
19 531
15 467
6 639
8 709
26 990
21 519
0 269
24 888
15 312
1 677
17 595
2 351
9 415
2 708
20 660
2 618
9 409
24 720
1 505
3 602
27 254
4 361
24 559
2 243
28 574
24 734
22 625
27 647
26 755
16 728
26 602
29 336
1 917
22 983
18 991
10 483
28 723
11 361
18 289
19 965
27 947
27 996
22 267
1 459
14 360
6 972
24 519
27 629
24 798
9 904
21 768
20 905
23 524
26 312
12 841
4 744
15 744
2 714
0 264
24 519
20 307
4 209
2 364
20 321
12 469
22 410
21 583
19 951
18 210
7 249
20 691
7 256
17 821
8 663
26 299
26 671
1 664
5 596
21 760
5 952
12 587
21 673
3 528
28 626
20 775
23 336
28 392
0 875
24 738
28 994
29 864
13 729
17 882
25 245
15 996
15 426
19 686
29 364
21 724
21 878
22 902
6 633
15 329
18 544
4 866
7 652
21 284
5 362
6 509
13 755
11 466
18 576
28 332
23 350
29 776
21 417
7 450
14 874
15 528
11 620
24 909
26 516
20 691
1 372
26 599
5 445
16 561
0 780
2 577
21 973
4 306
11 422
4 333
12 497
28 892
0 865
9 369
26 303
6 242
5 758
3 416
11 857
11 560
11 905
2 305
25 294
7 617
4 332
13 471
26 994
15 938
0 948
16 757
1 472
25 213
16 223
24 811
17 905
10 903
28 251
26 842
29 966
15 569
3 571
5 772
19 981
23 849
6 237
25 468
12 750
9 250
10 926
7 510
25 442
