500
15 274
9 358
26 779
10 495
23 529
8 422
0 387
19 712
19 614
16 286
8 914
11 511
22 601
6 898
9 587
19 831
18 556
3 633
16 495
26 332
4 982
6 329
29 232
14 893
4 569
11 733
25 973
4 413
12 819
6 346
25 942
20 331
2 416
17 762
17 759
4 525
2 218
25 643
28 968
23 986
5 763
0 593
23 323
25 758
24 505
20 365
6 974
23 476
12 700
1 204
8 267
26 531
7 785
19 763
15 592
29 218
26 279
10 514
2 355
7 610
8 975
2 538
13 438
26 440
14 659
5 555
22 727
28 912
2 260
21 805
28 969
18 801
23 842
15 482
12 242
20 802
25 628
10 801
25 701
2 275
19 278
12 371
5 290
19 523
29 707
27 278
16 484
17 764
13 965
4 261
11 323
12 249
21 668
13 465
19 939
5 455
16 854
0 425
13 998
25 776
24 275
21 611
28 965
28 810
28 295
18 696
25 624
16 531
4 591
10 955
16 380
13 845
15 317
12 393
10 232
26 794
28 268
14 922
12 563
25 495
7 859
9 610
28 330
9 203
21 357
4 350
26 728
2 452
8 571
6 582
27 916
23 660
12 732
8 805
24 761
16 422
22 204
8 919
18 940
29 328
3 743
5 681
21 432
27 676
13 952
19 826
19 977
14 277
15 914
3 681
29 365
22 442
6 421
9 677
17 630
1 873
15 786
15 989
16 580
26 237
3 519
9 405
15 442
9 745
2 354
5 279
9 326
10 944
13 770
9 343
18 992
17 413
26 932
10 694
17 828
25 687
3 915
17 781
9 514
27 955
5 546
5 380
28 619
10 789
19 816
16 597
0 747
4 779
5 654
20 995
28 433
19 211
22 667
28 421
8 271
2 560
26 465
25 423
17 636
29 718
13 979
3 917
27 690
6 558
17 468
15 846
9 881
27 550
4 484
1 883
16 414
14 355
3 505
3 877
1 578
10 654
26 507
8 293
11 388
4 983
26 873
28 205
27 495
11 578
4 282
5 781
16 460
3 360
19 304
19 249
28 200
0 481
23 351
1 537
22 614
28 348
0 463
2 679
26 947
5 628
13 202
9 230
17 784
7 821
16 780
8 905
22 856
2 652
0 284
22 870
22 344
27 262
25 990
2 465
17 563
0 948
11 279
25 976
13 724
27 637
14 374
4 504
29 928
10 945
10 801
18 818
18 292
24 783
9 692
4 271
14 913
21 234
25 801
26 251
3 595
24 683
17 235
26 597
1 618
4 806
10 532
5 760
28 945
26 337
24 775
21 741
28 644
15 587
13 786
29 331
2 286
16 759
22 783
6 923
9 212
28 600
6 938
19 615
13 288
23 882
25 428
27 886
16 550
27 746
17 587
23 232
2 218
0 213
7 425
25 545
8 319
26 265
0 377
0 334
24 888
29 520
2 926
8 741
22 471
9 250
16 764
20 637
3 874
27 848
17 314
20 829
17 284
19 455
24 914
20 880
18 209
7 423
2 645
19 288
4 326
16 638
18 937
21 453
6 859
15 742
6 761
14 809
18 261
18 271
24 252
11 470
14 506
15 572
23 686
7 490
6 648
25 439
4 943
17 307
19 369
20 584
1 867
2 338
23 817
26 738
17 371
4 500
11 309
12 529
0 226
9 775
10 522
5 432
6 736
24 224
29 701
4 216
25 228
17 926
11 447
15 710
25 593
10 561
1 953
7 491
1 878
10 982
13 217
28 223
3 376
8 893
5 693
4 669
3 477
12 557
17 683
4 325
10 441
18 508
3 786
9 729
3 765
13 837
24 265
19 566
28 648
26 737
9 432
28 381
17 650
26 681
12 464
14 619
25 797
27 298
21 354
23 596
24 240
27 353
28 999
29 734
14 632
19 210
12 929
7 653
4 633
23 702
19 896
8 738
17 908
26 732
12 968
27 665
6 798
27 969
7 383
22 909
6 426
5 944
15 553
26 455
15 445
5 648
10 520
11 426
3 536
9 556
22 657
6 596
25 983
21 994
9 327
11 628
13 258
22 660
6 779
11 897
5 252
12 760
1 993
11 378
21 576
1 231
17 990
24 218
4 982
26 512
29 940
6 423
8 644
20 916
26 210
25 332
25 614
12 261
2 296
20 476
18 515
21 485
14 520
19 237
29 279
24 930
5 508
26 262
27 445
6 621
27 824
8 662
3 494
24 408
22 553
5 638
15 606
12 485
11 454
28 336
28 820
24 741
15 990
8 603
11 541
23 268
3 678
17 282
