500
4 400
23 398
16 203
28 393
7 389
11 326
8 984
29 680
19 384
27 448
17 487
21 651
16 899
11 693
5 368
9 522
17 777
26 433
26 487
16 536
11 994
10 972
24 476
15 361
16 862
4 456
5 776
7 569
3 726
11 668
23 909
8 603
8 606
11 833
23 668
4 642
12 758
28 333
19 581
12 943
5 648
8 611
2 966
23 478
29 578
14 291
16 878
21 292
6 782
26 260
1 664
2 920
25 918
26 625
11 218
17 518
9 685
12 952
12 393
7 362
28 316
19 524
7 225
24 788
19 845
26 771
22 280
24 715
17 530
26 275
9 393
18 255
25 561
11 782
20 436
13 907
4 885
8 301
20 387
13 419
7 722
27 323
4 875
0 213
19 316
4 268
26 755
24 987
3 550
1 658
20 381
29 739
25 898
20 394
27 793
8 215
16 226
22 858
12 754
13 592
4 623
19 479
25 522
19 439
19 803
16 919
7 339
10 838
0 879
18 728
12 818
25 623
0 426
14 848
13 632
24 440
25 927
29 287
13 865
16 723
12 398
18 230
22 248
9 778
7 861
17 614
15 958
20 286
10 355
8 872
4 432
23 505
20 963
19 619
22 326
2 488
28 879
23 761
26 518
25 263
7 860
17 662
22 747
1 613
7 723
6 820
26 455
0 564
2 258
4 857
23 293
7 604
24 584
3 412
22 875
20 997
0 546
22 368
25 512
11 440
22 304
9 561
3 635
18 995
8 434
20 217
27 329
26 434
16 689
11 858
28 330
29 954
17 686
24 777
4 218
14 791
25 420
22 746
4 588
7 666
20 957
25 506
20 388
9 343
29 892
28 207
28 451
14 961
10 581
16 766
29 691
26 325
18 275
19 787
9 725
1 732
9 887
27 273
9 929
19 735
18 708
19 414
4 736
20 307
8 352
13 330
1 305
6 798
0 869
10 306
10 570
12 598
17 773
24 219
19 559
10 490
23 900
20 644
17 794
27 976
18 351
7 562
5 906
0 414
28 707
2 882
28 426
7 985
24 872
26 761
24 324
24 935
13 444
28 296
9 713
23 959
4 235
17 634
18 973
2 934
6 651
25 417
2 778
20 493
6 603
17 203
9 380
9 868
5 364
2 632
1 801
13 365
0 606
6 959
24 993
20 981
7 710
26 573
27 878
14 601
10 588
29 372
2 921
12 894
16 885
13 596
8 904
15 670
1 808
9 987
27 685
27 755
29 338
16 678
29 515
8 466
1 683
12 640
8 603
21 749
10 635
5 818
19 506
27 365
28 977
12 335
18 606
19 855
19 431
5 584
11 771
1 588
21 774
6 283
15 697
21 816
2 306
19 616
14 992
3 958
10 623
26 279
21 640
0 950
12 997
16 620
4 407
7 994
2 295
12 685
23 609
27 762
24 521
3 955
1 337
22 523
28 527
20 327
18 277
1 241
20 944
8 505
11 542
2 714
18 874
12 609
4 410
18 257
29 397
6 908
4 846
25 649
2 929
3 589
4 333
25 667
0 912
16 257
24 390
11 456
17 419
8 526
11 773
16 389
8 566
28 455
17 633
5 940
9 584
5 301
19 291
23 413
19 515
4 866
5 526
11 926
6 976
13 399
20 317
0 350
1 747
25 889
26 303
25 589
29 730
18 998
29 410
0 502
29 581
15 869
1 757
0 610
28 586
22 297
11 757
0 932
9 561
4 555
0 371
7 886
29 316
10 597
12 982
4 968
3 246
2 246
14 699
3 749
3 337
6 312
4 526
20 732
5 886
24 831
23 984
15 771
3 507
3 537
12 985
5 698
20 209
10 941
12 913
27 784
1 460
10 598
21 576
18 392
21 665
26 909
14 313
15 690
2 230
7 992
5 555
22 659
3 611
11 453
3 568
13 504
27 348
7 637
8 332
22 923
2 643
19 725
23 260
26 438
26 943
28 859
18 405
22 236
2 263
29 295
13 387
11 528
0 661
26 579
15 905
8 387
25 502
14 416
29 674
2 310
17 325
22 589
16 636
2 944
12 290
6 957
7 550
25 586
1 279
18 530
15 393
6 918
9 811
14 434
29 448
17 668
6 362
10 830
29 808
0 628
1 804
17 900
16 813
11 607
10 899
14 543
20 770
9 571
27 733
3 342
29 370
0 686
21 224
17 890
1 659
29 621
5 432
25 887
29 962
22 658
25 659
4 553
0 620
19 873
8 616
17 313
18 927
12 539
0 328
22 603
23 938
13 274
25 427
23 518
22 977
11 458
