500
2 783
18 690
8 732
13 251
14 633
3 627
2 535
12 580
13 422
6 273
8 556
4 805
12 694
16 990
22 936
18 952
10 672
12 687
0 571
23 981
1 240
24 490
2 680
7 246
15 558
21 248
2 929
3 900
20 535
13 968
5 875
17 705
19 961
3 593
17 803
2 481
12 814
25 338
6 834
6 851
25 583
4 492
27 870
20 511
14 610
2 520
21 227
3 879
6 646
6 651
1 843
9 670
10 564
12 428
10 779
29 475
24 712
21 620
17 379
21 996
20 654
26 408
28 486
23 513
3 617
7 600
20 655
24 599
1 914
10 949
7 427
9 489
25 731
15 510
13 269
20 580
20 486
10 506
3 537
26 755
23 934
11 999
19 513
3 676
21 274
2 403
7 375
15 706
19 225
29 227
7 731
15 322
22 312
27 849
20 871
16 280
26 676
29 268
0 944
1 904
20 418
20 510
28 471
25 575
18 231
0 315
10 611
0 747
26 216
28 705
23 988
15 309
29 710
28 400
14 562
17 455
27 618
0 584
18 223
14 972
9 474
0 384
24 276
27 864
23 542
26 827
14 705
6 477
26 753
21 994
2 398
2 770
14 986
12 389
3 625
15 498
27 300
21 384
24 787
10 616
23 480
3 834
17 686
23 398
22 667
13 998
3 277
16 388
24 769
26 650
3 613
3 372
7 394
24 751
26 656
25 609
28 589
18 565
14 767
25 895
6 600
29 236
8 447
3 454
4 534
23 409
15 764
18 273
25 442
0 641
13 835
19 733
21 661
20 339
29 444
7 466
1 911
28 323
27 716
1 393
10 406
10 907
20 889
26 626
29 910
20 993
17 366
4 703
27 831
2 835
29 829
22 365
17 729
3 732
9 829
5 880
19 813
10 886
18 761
22 677
10 348
29 293
13 959
6 507
14 409
15 323
16 901
4 686
21 446
28 235
22 875
8 985
2 295
28 657
23 607
29 525
6 965
23 225
29 727
17 915
4 261
24 833
15 571
22 720
18 297
19 390
22 787
24 486
12 510
15 214
6 412
24 262
3 253
25 422
18 786
7 520
27 936
16 895
21 468
3 944
18 871
0 231
19 751
27 299
24 752
12 825
29 723
27 372
24 901
29 688
23 550
23 237
26 997
18 255
13 508
8 688
3 973
10 694
9 402
27 812
10 268
18 628
16 311
26 608
19 996
17 923
15 773
4 701
19 424
16 224
29 650
20 499
27 761
0 812
23 650
17 572
8 848
16 617
28 595
25 519
4 757
1 806
3 965
19 768
13 766
9 607
23 803
29 278
6 904
9 554
4 542
17 450
18 242
25 933
17 889
25 840
4 915
3 589
12 631
1 855
6 778
10 349
25 824
24 396
11 203
18 993
10 875
12 939
10 307
27 543
20 974
20 330
12 603
14 319
8 267
27 635
21 294
11 616
28 396
22 310
24 417
9 898
19 797
25 211
15 248
22 495
7 334
25 294
18 405
10 267
18 594
7 491
18 352
21 789
13 232
26 524
6 935
4 383
19 617
14 831
1 661
0 445
26 762
18 319
10 832
13 332
5 310
5 346
25 716
9 258
19 561
17 480
5 423
4 297
29 471
3 288
21 411
9 383
10 847
27 676
13 887
26 906
0 557
27 539
14 857
20 991
27 657
3 840
19 911
23 324
10 774
24 372
7 896
24 816
0 476
22 574
27 982
4 996
19 300
15 437
18 688
13 883
21 394
29 673
8 300
22 793
15 422
12 333
14 835
28 793
20 922
20 853
22 423
11 349
27 545
9 871
25 633
18 400
20 947
18 971
0 493
23 676
4 819
28 216
12 829
19 247
23 294
12 315
16 219
1 734
21 716
28 924
25 480
15 811
29 252
7 301
6 301
0 924
6 324
19 641
15 873
19 598
7 994
1 592
24 914
19 687
22 704
0 796
24 836
4 590
24 415
19 281
9 663
25 463
0 634
22 939
20 694
26 211
15 406
6 983
15 551
15 974
0 417
15 829
8 996
2 934
26 367
12 677
19 660
11 386
14 766
16 630
20 955
24 671
13 554
21 335
16 919
28 777
14 742
6 721
17 708
5 623
6 550
25 983
24 524
17 716
12 814
20 897
22 899
15 848
23 668
29 505
14 789
8 825
11 204
20 874
12 531
13 558
23 488
15 968
22 588
10 268
4 832
2 558
13 879
23 252
28 762
16 933
24 272
10 340
26 330
11 427
9 485
4 855
27 497
7 912
22 351
18 395
29 806
14 823
