500
18 933
19 954
28 999
21 396
27 609
0 980
17 928
15 887
18 385
0 595
1 273
23 861
27 652
27 740
11 301
19 598
22 540
9 269
8 935
16 889
21 988
23 313
13 409
29 482
28 709
16 412
12 555
8 326
23 571
13 365
10 921
26 735
6 532
9 496
7 297
10 242
13 288
22 203
11 423
21 821
21 347
17 968
2 340
9 720
27 504
6 651
24 629
5 216
14 777
21 570
3 231
20 608
18 347
8 265
0 921
27 561
10 577
10 547
13 617
24 740
27 902
21 815
9 386
15 681
27 259
2 289
9 725
0 661
1 262
10 950
26 801
5 654
9 741
13 827
15 770
10 431
12 920
8 456
29 737
1 399
6 339
22 656
5 304
27 335
7 747
26 531
13 684
8 394
25 648
23 213
23 669
11 787
6 810
26 537
16 613
5 423
7 539
19 823
15 733
21 983
7 540
15 766
14 462
10 497
12 958
7 516
18 415
4 974
14 767
4 345
5 287
11 744
24 875
9 930
11 414
14 320
26 513
5 888
4 325
18 780
26 506
2 561
10 231
22 421
18 895
10 971
11 232
3 354
5 654
21 664
24 248
6 202
12 962
29 711
7 652
6 787
27 416
22 941
27 570
11 531
3 356
6 388
12 561
17 252
10 996
12 240
29 262
25 987
13 730
13 411
2 861
20 902
11 390
7 607
11 600
29 569
11 580
5 827
8 320
7 354
24 609
15 358
11 783
11 315
12 671
13 950
25 434
5 569
11 792
14 1000
2 321
20 259
28 696
16 549
19 888
10 913
16 623
14 602
22 514
10 831
22 929
13 561
12 992
23 986
19 909
8 701
1 515
8 731
13 270
27 397
15 509
3 333
27 262
9 497
16 453
22 292
27 865
7 288
0 881
12 332
10 855
23 456
3 232
10 917
28 584
4 910
14 843
1 492
27 253
13 356
6 368
15 324
27 832
14 341
14 905
6 984
28 265
5 361
5 346
24 658
16 742
16 242
23 847
22 563
1 904
6 391
25 779
0 920
24 739
0 848
19 255
3 295
17 905
4 729
11 755
5 901
8 453
23 280
21 595
11 500
19 465
4 830
27 251
19 248
25 529
3 381
4 807
19 414
23 325
3 274
26 886
12 733
26 617
1 458
24 846
2 537
21 784
5 580
23 536
13 530
21 865
10 908
26 893
23 796
14 814
5 618
19 344
23 474
15 312
22 287
29 278
11 316
17 625
2 413
15 299
26 807
5 653
25 225
12 592
15 628
3 706
14 567
3 912
15 268
13 417
23 489
4 346
4 536
29 888
23 555
1 382
17 742
18 648
2 726
19 908
16 907
19 846
4 421
23 760
15 308
10 666
7 493
12 411
1 277
4 461
6 793
17 896
4 920
10 371
25 418
14 230
18 540
15 448
9 943
27 972
25 868
24 975
20 348
14 370
27 318
10 743
20 678
24 719
15 802
22 848
29 685
11 459
21 224
16 373
15 409
16 950
20 968
19 791
2 578
27 536
28 296
25 967
12 478
10 940
19 358
2 481
28 725
2 706
16 368
16 393
11 781
13 940
27 990
11 498
11 430
9 748
7 884
26 471
27 700
5 421
6 653
20 302
14 774
16 943
14 417
0 295
28 251
12 611
21 297
19 474
14 422
11 547
11 562
15 736
8 273
18 579
7 576
9 824
26 845
2 867
24 581
1 477
3 944
19 471
25 412
2 434
25 265
10 282
16 271
6 571
14 575
28 964
7 502
16 309
11 387
17 788
20 638
19 794
19 299
5 845
27 575
1 1000
15 382
28 885
28 790
10 854
16 752
0 619
16 838
5 595
28 923
12 800
11 440
21 247
18 843
29 917
11 979
1 325
2 684
18 642
12 250
23 870
5 940
11 928
2 727
4 715
9 456
10 955
14 902
25 441
22 659
26 916
20 441
18 468
17 621
5 606
4 454
2 294
17 906
21 901
4 792
14 625
17 668
0 574
10 930
10 500
15 967
13 221
11 749
27 506
28 539
16 986
5 449
13 458
10 368
22 682
9 236
10 792
14 680
5 441
13 497
0 235
16 223
22 870
29 437
24 838
17 649
22 285
0 462
16 381
5 904
8 308
5 969
7 518
1 964
25 414
6 220
14 433
25 298
18 553
15 972
3 1000
26 628
20 500
14 921
13 354
6 754
19 715
20 895
5 461
13 351
8 966
5 496
12 906
0 706
3 685
12 396
18 797
18 982
14 942
3 522
8 878
19 655
25 801
8 557
