500
16 842
9 698
13 322
17 732
6 454
23 956
21 701
5 283
19 703
8 715
24 565
16 767
20 883
8 560
5 641
4 862
1 367
1 977
17 858
0 294
22 531
26 213
20 591
19 367
11 666
17 683
1 683
29 808
9 613
26 282
0 973
4 954
29 210
15 464
10 267
9 429
8 259
5 623
28 846
10 571
7 707
12 645
17 624
19 353
20 393
22 422
5 442
5 619
10 785
7 243
6 948
10 551
18 993
24 238
2 605
15 387
19 658
20 836
6 460
5 667
17 733
6 453
8 738
6 439
8 261
8 475
27 889
19 356
23 230
28 313
23 444
13 252
15 352
18 526
27 375
12 996
4 317
26 695
25 354
17 224
18 947
23 362
8 357
24 288
1 299
0 484
25 860
15 686
5 812
10 570
29 758
0 380
10 957
5 941
22 382
29 332
23 789
0 213
21 642
12 529
10 967
3 714
6 685
13 958
1 436
0 787
9 515
7 416
19 554
14 729
28 207
4 347
8 690
4 614
9 798
26 247
5 534
16 915
25 359
3 516
1 346
4 658
5 880
4 614
6 308
25 312
21 973
14 387
1 919
4 484
0 857
26 923
9 561
7 753
17 717
10 851
3 358
9 675
1 978
1 806
28 284
4 602
26 801
7 426
23 994
15 408
17 333
11 655
3 462
15 645
1 409
22 479
29 308
5 470
25 579
0 353
18 603
19 352
6 569
14 843
20 365
8 736
11 933
26 642
10 325
17 323
9 298
18 967
16 829
18 484
23 968
17 527
17 399
9 271
18 692
20 719
7 620
1 754
6 582
17 219
11 814
11 811
18 454
9 770
22 567
18 956
2 539
0 752
5 311
15 423
4 223
28 309
21 294
14 213
13 710
15 404
15 671
8 351
5 801
23 493
5 303
26 860
12 200
25 502
9 394
28 713
6 364
7 443
12 219
26 993
9 781
8 576
8 484
6 280
8 554
10 691
0 933
18 245
24 220
18 952
10 914
28 910
28 213
20 401
25 822
3 768
4 733
15 259
15 716
0 312
22 774
24 282
9 938
20 491
7 331
18 253
26 855
6 914
25 1000
21 489
21 398
4 605
13 297
29 283
2 802
0 662
21 715
8 216
14 917
0 335
23 385
8 877
12 879
4 667
19 966
25 463
13 810
29 734
24 311
26 931
11 782
27 893
0 847
14 762
11 809
24 634
29 718
0 320
18 731
29 808
3 837
18 888
2 450
23 574
3 813
16 703
12 929
11 665
12 874
4 814
27 976
12 452
11 925
4 540
2 864
12 465
28 392
4 276
5 955
3 819
12 960
22 402
15 290
26 565
7 975
5 681
2 814
22 770
6 243
19 947
28 338
26 205
7 744
1 464
17 911
17 641
19 946
28 389
29 758
29 619
20 707
6 272
29 732
22 692
26 299
18 461
16 817
8 450
19 485
24 480
6 934
17 957
1 643
24 629
12 610
19 346
16 577
12 300
5 434
1 274
27 913
6 924
10 411
22 262
10 715
6 313
10 980
14 436
0 897
28 299
19 206
2 327
1 845
8 468
13 708
26 232
14 521
22 952
28 345
12 867
24 487
21 358
6 621
0 220
27 677
29 509
18 215
1 565
23 454
21 352
27 571
28 753
14 599
12 939
5 770
8 937
17 959
21 435
2 798
19 548
6 309
9 716
15 933
20 743
23 685
29 308
5 617
11 642
27 701
14 873
8 924
9 981
29 311
25 296
20 582
16 314
10 535
28 864
0 620
20 460
25 212
7 533
8 260
26 771
16 909
23 997
8 477
27 818
12 493
16 900
22 904
5 653
20 367
26 880
13 578
13 254
28 812
8 460
6 809
12 455
24 672
6 498
25 671
6 219
14 477
15 493
25 591
7 763
6 334
0 791
10 886
24 848
25 245
11 764
9 498
18 232
7 487
8 599
28 320
2 739
13 947
1 841
21 282
6 939
13 261
18 445
26 841
10 773
29 384
26 247
29 500
13 991
21 728
20 232
16 572
12 356
23 830
12 893
26 845
5 610
25 402
11 276
14 876
2 399
18 677
24 827
25 550
18 614
4 652
6 211
7 901
8 647
26 583
20 248
10 359
16 482
26 813
18 819
21 433
16 660
5 403
23 543
14 418
4 817
1 532
28 280
11 382
19 909
20 822
2 605
23 396
16 519
11 307
19 339
27 658
5 479
24 404
19 930
28 507
11 383
5 320
21 697
12 654
22 439
29 696
14 419
26 863
10 390
4 959
6 657
