500
23 741
14 601
24 840
23 239
14 805
15 785
25 658
17 460
1 385
17 598
8 371
9 610
20 981
8 731
19 782
7 663
26 874
26 473
14 265
15 225
11 956
13 323
29 883
27 883
18 743
8 690
8 988
7 633
8 296
1 409
8 617
13 361
11 899
11 772
19 499
2 513
1 543
20 211
11 535
8 296
19 418
21 975
26 684
4 666
13 410
2 998
4 923
24 465
15 782
14 240
11 356
26 260
11 848
10 816
21 224
18 549
20 969
3 975
20 279
16 957
0 900
19 368
19 903
0 597
11 703
13 302
21 743
13 262
11 417
9 410
22 630
24 875
1 637
3 598
7 880
27 665
1 676
27 506
22 775
13 317
27 509
21 289
20 322
9 952
16 345
9 676
22 975
24 863
15 329
29 283
26 699
21 989
0 595
22 752
21 940
12 231
25 992
27 608
13 211
23 326
14 534
8 201
3 657
6 764
20 301
26 994
17 574
20 769
15 631
9 705
3 906
2 600
23 475
9 385
25 789
19 490
10 500
15 969
20 952
22 742
13 358
18 236
16 458
28 537
0 774
16 500
17 477
6 257
11 312
24 961
7 322
13 347
11 829
4 243
20 290
25 850
11 290
11 688
8 500
13 801
3 740
3 444
20 308
17 575
11 769
27 982
14 349
6 237
24 842
16 833
22 437
16 806
24 568
9 836
17 995
20 580
8 861
28 466
15 337
18 784
12 958
28 469
28 458
17 436
16 463
2 473
17 267
13 477
5 448
17 739
15 765
11 993
2 623
14 521
16 674
29 567
3 790
7 921
29 928
13 486
3 874
21 400
1 706
21 670
23 615
26 639
5 602
7 331
23 695
12 465
25 454
15 278
15 583
12 766
2 822
11 591
24 262
15 455
18 784
25 975
27 554
3 486
13 544
10 679
6 981
29 248
27 510
15 555
14 565
13 759
13 336
10 607
22 514
11 462
17 965
15 965
17 624
10 987
6 892
11 491
0 949
11 588
15 330
19 737
4 858
17 522
20 572
1 638
29 261
3 708
6 397
10 412
20 794
12 301
13 894
19 219
17 242
0 281
26 792
1 476
20 966
27 584
24 373
20 523
14 670
12 378
16 443
10 923
4 955
12 365
21 840
8 475
27 264
9 672
13 806
29 374
10 334
23 827
11 429
9 673
28 693
16 381
18 656
10 842
10 469
14 324
1 318
22 744
4 787
24 764
2 964
26 297
6 970
18 694
9 752
2 226
29 276
14 574
12 449
19 314
14 723
5 701
10 335
4 314
25 560
14 845
24 322
14 217
5 240
1 512
27 620
7 525
21 878
3 431
9 909
5 318
21 850
11 739
20 473
0 923
10 773
27 568
27 453
26 694
11 586
22 526
0 571
20 968
28 893
3 746
9 486
27 969
13 390
26 686
8 529
5 810
23 813
8 464
14 703
26 889
5 472
22 797
12 958
25 329
20 235
14 824
10 480
20 595
18 444
18 715
10 673
11 247
7 735
3 987
8 883
1 286
0 359
8 370
28 672
11 897
5 603
1 301
9 844
28 321
16 328
16 278
13 312
10 606
5 284
24 940
28 280
27 587
21 360
28 919
15 327
27 654
29 757
9 461
22 944
7 891
7 334
5 400
5 758
0 389
5 618
29 620
13 635
6 509
23 446
20 620
29 834
26 873
9 994
7 692
9 800
11 230
9 609
1 341
0 741
19 583
2 677
24 385
16 964
20 529
2 645
9 919
27 322
25 818
5 576
28 606
4 474
8 343
25 430
0 870
24 400
23 550
11 211
22 776
20 235
2 312
19 542
26 824
28 323
7 632
12 629
23 233
20 470
27 575
23 695
0 765
28 956
26 241
3 617
27 871
19 945
17 928
23 387
7 518
29 841
12 332
29 664
16 249
26 726
26 917
13 830
5 742
25 971
1 311
28 672
19 314
28 493
12 755
29 312
22 378
11 283
3 885
15 676
19 827
17 887
18 696
2 271
25 753
0 385
6 757
29 374
3 213
20 969
19 459
21 503
4 485
12 724
28 819
18 546
4 436
28 808
3 830
26 217
27 423
23 736
25 547
9 708
17 632
11 256
1 355
10 935
15 641
16 608
11 820
12 298
10 460
6 293
26 479
17 697
27 833
3 282
18 827
26 261
19 591
6 451
26 548
15 757
18 881
1 587
17 456
7 471
7 852
27 353
9 557
29 261
16 262
27 960
3 470
8 651
24 783
29 807
25 639
5 771
24 955
16 229
19 516
