500
2 431
24 289
23 810
21 462
24 681
10 226
4 813
18 836
20 742
3 799
16 619
10 473
18 742
19 676
20 748
24 589
23 895
9 536
25 314
24 764
3 659
21 542
28 532
8 353
2 371
28 602
14 966
16 485
5 285
3 555
27 232
10 610
27 295
4 513
12 390
10 744
26 855
28 690
0 309
18 940
6 294
11 247
12 841
20 275
2 964
20 454
27 967
12 829
20 739
13 460
5 893
7 481
6 267
10 922
0 403
14 652
8 557
22 428
29 725
26 280
11 814
2 493
27 299
9 211
5 230
21 618
14 426
2 999
27 776
15 835
14 675
28 895
29 522
11 929
0 681
23 319
15 636
23 690
23 809
15 829
10 785
20 970
8 342
4 294
22 270
26 876
13 281
21 947
6 460
3 605
11 236
29 926
7 554
11 757
7 765
6 872
23 370
28 769
7 557
27 850
16 727
1 719
8 562
25 484
12 853
23 689
4 435
21 835
18 942
25 982
6 772
23 675
8 489
0 713
14 491
26 493
14 280
21 492
7 550
24 482
19 697
14 816
27 956
25 656
10 985
25 942
8 528
17 616
25 222
4 275
13 255
11 649
5 954
6 631
19 324
3 390
29 774
28 698
22 419
25 469
25 471
28 727
2 369
9 956
11 733
2 565
18 365
11 475
27 818
17 963
2 901
23 938
19 609
28 318
20 289
28 383
3 958
14 880
8 677
1 325
16 790
24 769
4 265
20 429
21 646
9 859
25 567
9 353
29 384
14 953
25 721
28 390
17 903
19 703
24 733
23 703
2 913
22 715
0 930
19 341
24 393
9 318
20 225
10 402
13 782
29 582
21 268
10 736
26 782
2 545
26 924
6 597
6 373
11 552
7 787
12 377
19 300
2 418
9 606
8 464
0 489
7 338
7 408
12 841
21 621
19 407
27 760
10 306
3 723
17 409
6 943
13 506
10 447
3 683
8 811
11 762
21 757
20 840
4 303
28 283
7 854
27 941
26 347
29 585
7 683
15 491
14 609
15 298
6 382
15 462
23 532
23 245
3 895
5 223
15 553
7 382
18 283
6 270
10 941
9 532
21 406
0 302
2 292
15 532
19 919
0 472
2 644
20 306
17 731
14 678
18 616
11 614
2 610
26 519
7 651
8 877
26 407
28 399
21 405
26 497
18 872
26 426
29 503
6 323
11 720
10 673
24 243
3 736
12 461
10 725
14 522
26 918
29 502
14 249
14 297
26 244
10 465
9 763
4 516
18 305
11 996
2 593
29 576
3 857
13 770
29 913
8 599
29 501
8 652
24 212
17 618
29 711
16 603
1 560
2 686
25 649
19 435
15 647
21 864
3 864
1 967
25 710
5 655
8 343
16 998
6 499
29 305
7 739
3 552
26 940
12 650
0 870
0 264
23 325
2 941
8 288
9 847
0 752
3 758
17 476
17 960
12 608
23 458
25 609
5 649
5 863
23 543
18 862
10 915
5 886
6 319
24 767
3 979
7 882
19 981
10 267
8 748
8 490
1 384
24 822
19 518
27 763
21 628
10 669
24 805
27 346
13 537
4 650
20 430
3 749
22 928
10 210
17 358
0 540
21 805
14 359
3 618
5 635
27 627
5 797
17 292
5 737
11 902
1 853
4 529
6 487
7 336
2 956
0 953
11 765
11 631
10 914
16 895
3 208
8 474
11 457
11 856
4 293
0 614
28 808
7 385
14 788
5 952
24 360
12 976
18 420
7 823
20 370
12 636
21 985
13 577
8 513
24 701
6 622
24 610
0 422
7 776
15 476
14 459
19 1000
12 687
23 895
16 260
1 545
13 682
27 347
11 611
7 824
17 416
0 331
3 955
0 852
4 724
4 579
21 602
11 532
22 540
12 388
14 262
12 442
25 323
3 242
10 697
29 990
19 881
13 992
25 200
15 478
15 627
26 891
15 422
28 740
29 615
8 208
11 602
16 758
5 319
0 570
24 540
23 816
28 316
0 261
0 770
1 847
13 863
7 298
28 739
13 522
24 435
11 793
28 818
14 281
3 819
6 863
10 591
28 505
11 967
20 393
9 705
19 968
3 971
15 215
17 899
13 589
13 202
24 285
2 491
3 499
27 620
9 258
28 895
22 339
4 943
18 390
8 407
12 963
0 996
6 546
17 652
21 224
22 651
14 356
0 568
18 585
2 285
21 438
21 280
9 455
25 785
27 343
29 956
17 814
2 419
23 386
27 232
5 446
16 710
12 227
10 716
10 871
