500
6 786
25 229
4 314
13 722
25 985
24 708
27 400
2 992
8 846
4 583
13 251
21 263
3 696
11 804
23 795
22 935
27 711
21 399
3 718
20 555
6 934
29 634
22 484
23 666
8 823
29 850
21 446
18 274
25 261
5 665
0 966
9 666
3 741
9 655
6 959
26 758
29 467
4 346
10 374
27 835
24 690
29 958
25 630
3 639
4 974
8 335
16 261
0 938
27 377
11 600
18 463
19 861
4 862
2 556
8 449
6 695
12 756
2 968
13 247
0 695
26 832
13 341
12 887
28 821
6 998
28 457
8 284
10 666
18 598
6 274
27 269
0 960
4 832
5 556
28 630
15 336
3 560
1 858
1 308
17 517
8 389
16 713
22 644
17 974
7 952
23 411
10 431
8 242
15 860
7 803
12 324
4 309
0 922
22 298
16 378
21 217
18 849
10 757
23 946
5 790
7 619
2 595
19 553
16 552
25 881
13 213
8 298
10 432
11 723
24 216
3 200
2 426
13 393
22 994
7 892
14 537
16 340
5 816
23 471
22 313
27 638
14 458
12 974
4 658
3 425
12 812
25 885
11 563
18 996
13 455
4 592
26 558
3 924
0 661
18 270
14 471
6 715
27 653
20 759
18 556
11 827
9 846
5 906
17 233
20 512
17 670
5 821
18 449
13 919
28 688
6 634
14 214
10 263
25 944
6 921
24 220
29 301
5 721
5 232
10 281
25 961
6 736
14 516
26 496
1 313
1 745
23 562
2 288
10 959
14 313
27 436
0 586
6 384
23 312
5 658
21 843
6 847
4 678
6 537
13 490
26 710
17 202
19 994
18 738
19 356
27 694
11 346
19 702
18 630
17 728
11 891
5 803
25 766
23 680
17 672
26 202
29 854
0 902
17 952
7 851
6 262
12 588
20 336
20 525
3 807
3 577
4 822
7 652
2 594
17 981
7 801
21 591
13 621
9 791
15 648
24 779
12 539
2 727
18 671
0 553
22 307
7 496
20 956
26 560
1 811
7 990
18 591
5 500
15 981
28 565
14 942
27 855
19 889
6 789
14 790
28 465
19 226
15 975
22 791
20 330
12 421
27 387
28 467
23 985
18 299
4 594
7 322
28 710
19 896
4 961
11 790
8 479
27 537
14 879
26 264
28 990
11 904
2 567
2 528
0 841
21 990
29 649
4 652
26 795
5 868
10 584
3 481
25 501
28 411
17 588
4 416
29 921
9 455
25 318
23 725
3 943
15 882
15 957
1 655
9 288
24 355
9 978
22 714
4 808
13 307
12 983
24 887
19 842
4 833
21 999
6 643
19 771
17 706
5 939
12 714
29 840
14 232
22 654
25 884
12 413
0 995
5 936
2 293
27 738
4 470
20 641
1 253
23 745
14 323
29 260
24 526
20 242
26 904
7 768
19 505
22 838
3 509
11 390
22 666
1 729
23 597
14 465
22 270
25 426
2 701
11 924
27 961
26 402
5 217
20 318
0 467
22 802
23 551
22 441
11 323
4 265
1 856
20 415
12 829
15 798
29 380
12 301
10 737
1 512
15 884
1 671
4 994
0 726
7 807
25 634
1 701
3 796
28 914
7 701
24 701
15 758
23 401
22 860
24 388
24 796
13 738
1 269
28 229
13 640
5 496
27 266
4 857
14 216
27 997
5 309
20 605
0 982
11 789
1 462
24 320
5 985
21 757
9 642
2 757
22 249
2 637
4 931
14 582
21 924
5 681
26 818
29 687
29 697
10 235
15 926
3 399
9 424
20 499
2 895
11 204
13 529
9 851
12 422
19 438
28 839
18 1000
12 499
23 680
8 908
18 241
7 742
5 368
4 580
18 796
15 339
26 663
10 452
28 899
13 630
0 993
13 628
27 930
22 698
28 899
8 376
4 910
16 713
18 426
6 602
12 226
7 428
27 890
12 412
1 464
2 796
18 799
6 519
5 519
21 895
12 279
7 936
15 711
15 830
3 818
2 814
22 379
20 973
7 484
26 750
3 749
20 620
16 963
11 653
16 720
15 563
24 636
21 523
28 701
19 485
29 381
25 656
0 845
5 322
6 874
20 478
6 301
16 691
15 635
18 396
2 677
19 284
19 668
11 918
14 900
4 536
5 480
5 235
16 345
13 555
1 681
28 265
4 551
23 252
5 720
8 694
7 999
27 755
22 508
1 520
14 745
13 678
12 847
3 922
8 737
9 474
10 547
20 726
0 354
29 757
16 507
16 202
25 544
5 949
24 622
26 977
