500
18 712
10 496
6 425
6 665
17 643
6 448
28 630
11 310
20 509
24 389
6 471
14 956
26 219
14 504
25 627
24 973
1 721
16 522
25 851
29 785
11 386
19 510
16 373
6 454
22 979
22 776
22 820
2 438
25 505
7 747
27 285
15 438
9 625
8 447
18 732
10 791
15 763
18 800
4 789
25 636
16 692
6 303
16 946
14 490
20 788
24 517
3 254
10 383
15 735
26 806
2 400
17 261
25 246
13 516
22 953
27 311
10 604
13 582
21 246
19 532
0 433
15 249
11 692
23 880
1 590
12 443
12 320
24 764
18 521
4 692
3 539
15 780
9 781
25 305
8 655
4 627
23 920
19 621
24 844
25 352
6 612
10 248
17 720
28 953
19 629
28 218
6 319
26 564
21 979
21 737
25 696
25 871
28 499
22 298
23 854
11 349
17 255
22 810
29 927
28 578
22 828
21 285
10 214
15 729
10 893
18 927
24 398
15 473
14 695
14 209
16 237
15 655
24 729
16 816
15 764
12 374
18 566
0 647
0 319
18 882
11 702
28 919
18 896
15 575
6 867
16 271
8 974
18 626
17 868
12 746
22 414
12 748
8 711
21 832
16 326
11 592
12 215
11 553
16 883
10 671
18 930
8 228
2 710
14 545
28 363
7 290
6 885
9 602
11 827
27 653
0 709
22 706
8 834
18 891
5 849
21 482
12 310
11 911
10 482
15 970
28 358
1 956
27 526
15 532
14 616
21 698
29 423
28 281
29 555
16 233
22 459
16 884
9 752
3 898
6 884
1 383
10 701
3 425
26 560
20 239
12 406
24 212
9 508
25 970
19 352
24 949
13 241
9 828
26 348
6 483
11 813
22 547
14 950
2 250
14 386
21 243
22 365
28 589
27 730
20 514
23 842
8 294
21 203
26 241
15 351
9 626
21 211
11 726
26 475
28 761
10 502
16 213
18 716
19 412
22 243
25 708
1 959
3 869
25 371
22 838
27 787
26 766
9 241
17 757
13 986
28 785
22 909
18 780
2 602
22 286
0 600
14 945
16 291
21 702
2 203
3 972
4 287
24 260
4 498
12 732
28 244
0 739
23 782
25 604
14 658
7 843
26 259
28 968
18 323
22 579
18 669
26 404
28 226
20 808
15 375
18 488
18 301
2 728
6 719
1 392
8 742
0 598
15 540
3 402
16 744
4 234
9 334
15 864
16 674
6 254
5 944
13 314
4 766
9 605
29 786
4 688
26 792
10 992
20 977
27 777
19 290
0 927
21 222
5 444
13 418
12 636
1 833
22 328
9 300
17 553
27 247
1 660
7 519
8 874
5 375
28 554
18 548
20 447
6 747
25 477
3 450
10 645
17 246
5 506
27 749
22 814
10 597
8 951
17 429
3 790
10 827
12 207
20 201
11 463
18 660
12 402
29 999
5 960
21 565
24 810
12 260
2 230
10 320
17 728
29 911
1 267
24 780
14 529
4 886
23 660
4 739
22 674
6 203
6 543
1 483
0 851
26 332
18 930
8 506
25 605
10 866
6 526
26 960
15 716
14 490
28 494
29 819
18 778
9 991
1 401
8 882
13 243
20 894
23 217
23 761
4 396
13 453
2 929
1 230
11 464
4 479
0 960
10 909
25 440
15 956
18 443
7 849
1 216
3 688
7 748
21 639
13 642
26 258
19 848
18 330
17 596
11 455
2 646
8 983
23 769
22 231
29 253
6 925
10 786
19 836
7 867
28 578
9 214
5 497
10 453
16 293
21 713
15 681
0 465
8 766
9 949
9 989
22 451
8 931
10 874
7 913
2 747
23 418
4 326
29 686
3 917
2 875
1 738
23 576
9 669
7 900
23 930
14 631
22 759
3 684
11 879
19 949
22 828
1 654
8 887
13 510
28 681
29 694
10 851
21 618
29 516
14 994
11 296
26 242
2 302
29 510
10 434
7 397
25 418
5 518
21 275
13 465
18 647
24 723
2 689
1 383
12 569
4 415
3 726
20 670
13 968
15 904
28 979
14 605
17 560
1 209
3 961
20 242
12 269
8 543
7 996
16 733
4 936
15 602
15 420
11 213
27 603
12 255
25 838
28 380
24 636
25 357
15 592
26 905
29 400
10 308
1 339
5 885
24 941
5 358
17 439
10 390
15 594
2 506
22 442
1 808
28 971
21 794
2 266
3 256
17 375
10 870
4 432
29 257
19 628
16 781
0 343
24 855
3 694
15 417
10 817
13 283
17 323
1 623
20 311
