500
2 982
7 388
27 353
1 492
0 524
29 590
12 618
2 742
26 229
21 351
20 722
7 772
1 589
12 810
24 576
28 809
23 222
19 798
16 762
4 543
7 791
1 295
9 314
9 219
14 492
1 615
22 744
25 359
24 726
11 811
24 449
19 543
11 262
25 524
11 318
27 269
24 724
12 644
4 617
3 611
18 239
7 448
9 895
10 820
23 561
13 520
21 955
24 735
1 524
3 472
11 384
3 555
25 480
17 683
8 350
11 206
4 674
18 612
15 417
20 265
0 525
3 685
23 705
7 524
16 552
7 934
0 846
22 608
24 636
19 544
24 767
17 274
27 799
23 947
12 599
13 615
8 965
12 270
12 664
27 574
13 499
12 527
7 516
16 271
23 608
26 363
4 508
17 660
26 366
23 639
28 417
11 853
7 570
14 670
27 656
25 716
17 600
13 213
28 268
1 877
15 289
6 376
2 431
21 820
28 678
24 700
19 765
15 724
24 293
14 242
25 945
11 620
2 708
17 975
8 955
3 723
27 659
9 556
9 442
13 846
13 663
29 968
10 205
15 392
21 246
9 472
0 297
3 962
22 392
10 553
17 227
22 215
26 972
1 357
23 545
22 996
8 650
25 669
11 993
19 590
25 453
17 463
15 511
19 873
23 637
21 784
17 688
18 783
3 440
13 478
16 483
9 754
25 439
18 757
25 556
0 743
22 387
3 427
5 309
12 569
18 950
21 1000
7 468
13 568
7 939
11 702
5 362
22 520
18 348
28 426
3 946
15 441
3 891
10 966
27 836
8 586
19 868
17 715
16 768
8 502
6 820
26 989
23 207
7 395
20 984
16 798
29 711
1 596
18 576
25 767
18 427
5 799
15 641
22 749
7 314
16 265
5 848
24 551
21 355
6 678
12 286
20 812
3 758
6 814
29 901
10 227
27 462
29 987
27 820
0 751
26 480
26 731
18 386
1 761
21 757
1 594
4 479
22 323
25 330
11 892
12 611
15 453
14 897
26 597
15 252
20 610
27 331
25 909
26 603
24 555
16 324
10 352
11 293
29 771
11 432
11 543
5 690
0 526
1 899
12 785
24 970
23 253
16 744
10 273
3 388
11 971
24 517
14 827
5 535
6 220
9 918
17 254
22 728
12 961
5 821
6 438
1 561
7 479
20 603
16 603
25 821
8 271
14 821
3 313
0 841
18 349
16 371
12 735
15 820
20 810
22 672
19 508
26 929
6 550
17 640
7 481
20 950
18 935
8 739
6 675
27 626
18 434
26 564
28 367
28 666
2 520
10 502
14 685
10 501
7 703
13 464
24 725
13 437
5 811
29 470
3 509
22 959
29 871
27 601
6 606
8 635
9 433
25 663
25 201
23 983
17 617
4 776
22 763
18 537
18 946
12 403
3 561
17 712
4 930
18 372
20 753
19 931
1 583
6 825
21 908
5 760
8 706
9 655
17 845
6 957
22 865
1 748
7 646
8 716
19 483
7 703
29 819
0 910
3 880
20 216
7 279
5 995
4 353
26 851
5 566
20 230
7 857
26 399
24 448
9 687
14 460
20 346
15 691
18 601
3 531
4 589
17 216
13 648
27 313
18 726
15 898
2 705
25 421
4 752
25 788
14 599
15 748
7 327
11 621
14 745
10 704
27 463
26 607
0 994
11 239
28 561
9 464
13 989
15 647
2 693
24 860
22 344
21 929
6 604
22 811
13 890
5 352
3 521
15 653
2 323
25 601
4 649
4 712
26 268
19 430
15 635
29 306
28 632
9 679
11 931
13 579
5 418
21 304
10 450
8 332
23 524
12 254
24 905
12 508
23 730
10 852
22 787
3 222
4 870
20 491
3 965
17 820
3 928
25 391
20 654
5 375
6 212
19 373
2 813
0 683
18 995
6 580
8 634
27 312
18 330
11 286
16 644
17 639
22 713
1 761
4 940
28 464
15 539
0 321
6 592
28 905
2 845
17 736
17 415
1 845
5 468
12 781
11 804
21 571
10 687
18 311
3 851
6 370
16 625
22 598
21 206
5 850
16 628
10 675
18 918
11 590
20 852
10 985
14 908
8 503
10 450
18 282
25 738
9 570
14 710
6 764
18 730
1 782
14 457
16 750
16 868
24 373
7 405
10 762
24 803
15 681
7 799
26 431
14 468
26 895
17 436
18 963
0 274
7 865
22 740
24 854
27 788
4 316
15 425
18 940
1 300
9 238
0 241
23 231
17 453
1 595
2 888
23 895
25 674
13 495
