500
28 660
1 929
18 655
20 332
25 902
14 655
0 642
1 739
19 566
14 821
1 634
5 387
28 255
13 394
4 657
15 737
3 409
9 836
28 244
10 579
2 470
7 478
17 820
10 323
7 618
22 427
29 411
1 719
27 387
26 912
24 627
8 949
18 694
3 407
28 385
26 269
26 275
2 814
14 219
4 270
22 485
24 930
23 792
8 856
5 591
15 447
8 322
15 244
25 727
9 325
0 967
11 651
25 378
28 209
27 710
26 506
1 363
15 894
4 663
0 932
8 711
19 798
0 596
24 949
24 773
18 708
21 501
5 504
10 652
5 570
17 485
17 900
6 572
12 986
25 912
7 219
29 483
14 743
6 341
4 449
14 524
20 385
24 485
24 724
2 715
5 712
19 453
14 302
28 290
6 521
29 245
20 872
13 830
2 999
7 978
29 584
0 238
17 926
26 700
3 366
16 651
23 832
28 445
20 332
8 295
29 574
16 390
21 752
1 543
16 860
10 855
20 794
26 396
27 266
7 529
10 996
29 771
13 423
21 785
16 730
28 731
11 275
15 877
10 928
6 546
25 843
28 761
28 401
25 762
26 852
23 203
25 256
22 872
3 241
13 272
13 657
1 319
11 805
11 840
10 566
22 852
22 367
29 725
4 850
24 874
20 809
1 458
23 925
4 616
25 275
0 211
26 726
21 962
22 966
21 491
25 768
15 458
1 560
19 346
26 778
1 772
22 353
18 230
19 351
20 866
25 683
25 289
19 619
0 858
23 966
19 691
15 809
26 262
1 773
15 901
20 620
4 511
0 831
21 928
13 790
9 904
10 246
22 678
19 837
10 903
26 706
29 371
3 605
25 689
13 970
17 462
15 515
4 742
21 488
7 649
24 281
14 461
25 468
3 737
9 886
17 612
7 816
5 673
9 637
16 665
11 327
29 603
7 784
4 895
19 386
2 704
18 696
13 302
10 645
18 290
7 206
22 515
13 927
16 410
2 551
24 258
12 912
2 275
8 689
29 492
3 557
7 535
18 200
15 349
9 221
17 911
1 236
8 619
7 886
25 205
1 300
4 783
5 497
21 487
14 771
29 308
18 648
10 398
15 568
25 569
29 828
0 830
5 751
14 616
11 601
8 264
24 716
1 615
26 213
13 210
0 569
9 878
8 649
25 558
16 256
0 336
14 246
7 935
4 645
25 505
13 234
29 503
18 554
17 594
15 406
29 505
14 772
2 990
22 274
27 791
6 825
22 471
24 419
2 789
3 435
3 457
28 696
9 971
15 869
11 348
13 366
3 343
11 931
9 830
25 753
15 304
27 362
21 350
16 990
15 864
14 692
20 601
8 449
6 622
26 267
12 971
9 986
26 489
17 320
0 292
6 356
11 318
0 773
12 457
4 789
1 583
25 716
15 475
23 688
28 820
21 567
16 965
1 650
13 647
6 877
27 404
20 308
11 945
13 690
4 958
27 557
8 444
12 526
13 562
0 561
13 243
19 380
6 241
18 849
18 376
16 626
28 443
14 896
3 303
9 468
13 389
1 351
2 750
5 274
25 783
0 445
4 918
16 877
12 994
12 580
4 312
14 261
10 301
24 485
27 756
24 560
4 365
0 499
25 748
26 294
27 848
2 400
2 706
20 879
6 239
7 375
17 446
24 493
6 333
17 443
0 232
16 317
13 927
17 957
10 409
24 296
10 801
19 422
21 560
10 326
16 599
29 797
22 267
19 464
27 936
8 766
0 266
18 324
29 332
27 454
1 351
29 961
1 418
12 726
21 1000
3 374
23 725
27 636
26 751
11 309
18 415
17 456
7 394
13 955
12 256
12 588
5 359
18 594
23 250
21 355
19 467
1 378
26 675
23 443
29 661
2 300
19 505
27 490
29 502
3 400
21 388
20 240
26 522
7 215
3 627
15 931
27 737
26 331
24 233
26 708
17 751
0 519
7 224
18 595
14 296
9 966
9 323
1 474
22 766
14 997
18 805
22 928
25 904
22 906
12 916
24 730
23 976
24 220
22 789
24 383
16 663
27 510
5 313
17 570
7 246
18 510
14 352
27 980
20 593
13 786
12 712
3 917
28 739
11 475
10 992
18 203
0 677
20 344
22 850
17 561
20 432
8 453
2 999
14 591
8 967
11 821
28 287
15 665
29 872
9 790
0 559
13 526
15 853
9 597
5 570
12 409
23 803
29 716
29 752
7 645
4 950
25 967
17 214
2 759
20 227
25 559
20 525
28 569
16 226
11 845
