500
25 243
11 346
26 786
1 589
13 782
21 790
13 342
5 242
13 442
4 410
28 881
21 760
19 533
7 716
10 217
10 362
28 758
15 428
20 800
11 540
13 413
19 525
9 777
7 745
24 884
15 995
12 890
14 865
22 358
17 396
27 928
6 900
11 386
21 255
29 714
21 799
24 795
1 274
18 490
4 369
16 448
16 427
14 614
3 572
8 976
25 665
15 697
18 277
18 769
2 508
2 684
2 812
19 418
28 228
26 212
7 670
1 884
29 885
23 344
23 822
12 652
27 616
6 609
7 244
21 269
8 802
16 202
19 733
28 412
20 769
27 677
26 258
23 328
10 561
16 379
23 288
4 240
1 265
16 597
19 727
29 606
16 535
0 868
5 268
9 402
11 672
8 977
2 385
4 246
23 431
16 920
15 875
18 299
14 933
23 347
17 406
23 728
21 265
18 582
17 840
28 734
29 290
5 762
20 318
12 217
24 602
29 382
13 533
1 814
6 244
23 655
27 579
7 694
25 451
17 886
18 906
22 895
2 444
3 956
12 922
0 703
25 584
4 271
0 594
13 574
20 954
6 264
2 697
3 233
0 959
19 986
12 622
24 455
25 910
0 440
24 487
12 289
12 961
12 803
1 673
15 446
21 879
17 227
13 596
5 592
18 413
25 461
14 566
12 248
9 911
20 490
7 292
4 309
26 691
2 747
20 308
28 335
2 696
1 450
2 457
20 266
16 477
10 933
1 823
10 825
24 297
19 636
7 478
19 692
6 248
2 706
0 987
15 544
19 458
24 288
29 864
7 837
4 730
4 538
11 787
21 509
25 223
28 675
15 476
22 977
1 703
3 705
18 869
6 930
1 715
26 485
10 601
9 941
7 243
14 888
7 574
25 258
25 425
13 348
3 334
20 374
21 444
28 342
19 436
21 886
2 445
8 225
28 854
7 934
5 583
27 464
8 983
14 508
24 256
2 247
17 807
13 888
0 894
29 872
22 943
6 554
29 514
27 878
3 752
20 652
6 643
23 522
12 220
6 857
4 660
15 279
3 280
0 554
5 709
10 966
23 992
28 632
0 261
10 224
29 628
10 709
19 863
23 767
17 430
3 636
8 508
26 624
9 697
0 621
21 204
25 915
13 685
17 362
12 810
28 270
6 960
6 585
1 589
10 701
4 272
22 774
22 950
26 901
19 919
2 457
27 381
6 412
3 786
18 647
19 473
16 440
8 832
26 671
2 200
12 669
20 599
21 905
28 572
14 607
13 763
20 658
21 996
4 968
13 946
7 621
24 663
9 686
9 218
3 496
18 931
0 905
15 528
13 941
7 374
5 603
7 807
11 684
28 273
10 682
9 947
27 313
23 702
20 659
23 771
25 709
20 421
24 295
7 902
21 307
0 539
18 934
2 670
10 615
13 499
20 528
20 545
21 658
1 847
21 290
3 230
4 232
15 592
8 638
25 213
25 981
17 292
12 677
5 833
5 539
16 213
27 642
15 688
18 607
19 937
17 623
4 604
2 460
20 775
15 890
15 317
17 377
24 310
15 463
2 912
6 351
3 782
26 369
4 927
12 961
18 643
15 440
4 313
21 686
25 424
18 212
13 953
26 938
13 958
10 883
28 663
21 469
28 633
12 321
2 846
2 856
0 314
7 268
7 307
1 226
12 825
2 225
4 556
25 882
0 576
24 640
12 421
21 789
17 817
7 522
18 603
12 519
26 359
2 526
16 254
9 557
27 451
13 516
8 241
7 778
9 977
9 658
19 859
21 793
2 225
17 720
7 860
0 456
7 714
3 881
22 811
6 536
4 230
15 440
15 887
16 569
3 766
24 984
18 460
4 349
14 235
5 824
11 318
13 783
29 521
12 227
15 219
9 968
28 469
25 863
24 562
27 444
7 719
5 485
21 409
13 638
9 751
3 380
12 847
19 566
1 236
16 916
12 303
7 237
8 722
25 977
29 466
13 313
4 916
26 619
23 652
9 847
3 390
23 204
25 367
8 699
3 915
6 707
19 291
23 556
0 284
1 557
12 493
26 860
12 420
20 414
27 677
13 867
8 792
4 318
2 892
16 541
27 563
14 334
28 377
8 827
11 223
2 239
20 435
8 671
22 610
27 821
29 370
6 251
0 209
9 415
11 883
26 669
5 964
8 894
17 333
6 560
1 847
9 717
2 601
22 269
10 517
29 513
2 649
5 449
7 990
22 594
17 243
9 975
18 647
0 304
22 476
5 489
0 292
2 460
24 759
