500
19 855
11 693
28 753
10 703
15 341
11 691
26 239
21 730
25 662
24 693
16 454
28 312
5 607
29 331
14 585
0 655
21 480
15 586
10 742
5 344
28 261
7 656
14 399
3 884
2 506
18 850
8 557
15 470
1 868
25 654
19 659
15 587
11 292
16 513
9 497
5 522
17 365
5 438
13 482
23 675
10 488
29 273
14 537
0 745
0 932
23 777
4 843
6 531
4 823
29 604
11 216
16 591
19 492
9 213
7 345
24 320
25 213
2 923
29 362
15 659
25 940
9 854
18 228
9 670
23 999
20 769
9 979
23 273
28 667
21 728
18 430
28 748
25 363
27 724
21 913
29 451
12 584
23 666
8 467
28 701
25 653
21 276
17 697
0 337
14 644
10 698
3 655
27 975
5 278
15 408
2 377
14 739
0 322
25 494
11 604
29 484
2 985
12 979
3 815
6 708
13 485
13 956
20 954
14 407
15 397
9 322
25 844
5 639
24 919
23 432
14 510
17 845
13 822
9 438
4 289
19 426
1 981
15 577
14 204
19 464
29 919
2 200
1 518
6 630
27 977
17 370
13 430
9 279
13 742
6 507
13 705
14 407
4 773
6 239
26 655
24 613
4 728
17 562
20 708
24 202
5 494
1 490
16 589
17 732
5 931
4 877
26 546
0 905
27 978
29 409
28 946
19 792
9 488
13 990
6 802
28 440
27 1000
3 398
5 912
1 584
29 939
19 345
5 527
29 261
29 781
7 807
12 782
22 729
13 222
3 237
22 793
15 577
19 573
27 333
0 220
16 364
16 971
27 930
14 529
5 331
9 723
13 459
19 631
25 699
15 222
14 563
3 278
11 457
26 568
11 562
1 842
28 709
1 695
26 300
0 625
14 954
20 946
1 299
9 294
24 865
5 602
20 404
11 549
25 827
12 850
10 535
29 558
7 263
9 705
19 416
17 382
15 268
23 807
23 442
12 758
9 282
28 842
5 344
26 794
27 324
13 263
1 364
2 273
11 990
23 367
26 938
11 723
7 414
2 633
21 563
14 881
9 510
22 498
15 987
13 345
9 787
21 549
5 419
27 443
26 592
19 725
19 620
4 458
1 706
19 383
16 851
13 490
28 442
12 347
29 870
22 941
8 1000
9 333
8 397
4 776
4 536
27 692
16 753
17 361
25 520
14 636
22 552
24 860
9 208
8 305
14 210
18 512
13 369
6 562
23 948
15 258
3 402
26 283
6 966
21 901
5 880
20 527
11 848
1 542
6 665
18 478
15 912
14 754
8 833
28 961
29 730
10 241
8 631
7 232
23 385
23 704
25 642
11 695
13 637
3 442
17 860
25 282
1 696
27 203
20 341
5 256
29 914
5 236
5 836
28 602
9 422
2 848
26 440
3 969
1 853
18 755
1 658
7 348
19 845
15 720
5 848
11 506
12 349
13 363
20 365
26 293
19 436
14 222
16 795
13 921
7 988
4 779
8 720
5 884
19 778
21 509
5 847
25 949
6 303
24 649
17 723
16 745
10 266
14 893
25 565
19 228
25 549
24 398
28 462
17 665
26 616
27 859
23 332
17 847
17 610
2 520
23 782
17 236
24 557
27 590
18 771
8 972
10 697
3 675
7 276
2 965
26 342
4 799
17 223
1 502
17 742
10 906
22 258
18 534
16 349
26 938
17 311
12 386
6 455
4 432
21 999
28 792
11 884
2 609
8 936
11 312
13 833
3 513
5 656
25 326
5 833
19 910
29 825
24 907
18 858
10 465
0 949
26 442
8 742
15 329
29 471
19 360
16 275
11 845
15 664
7 233
18 709
3 334
25 924
29 921
3 817
7 696
18 943
3 451
4 712
13 247
12 903
16 845
16 422
11 559
25 545
4 785
0 962
29 450
0 284
15 804
24 231
18 573
26 806
14 787
13 613
12 873
12 503
24 730
4 405
2 423
3 446
20 233
24 813
26 739
23 522
5 238
27 819
2 350
3 941
10 318
15 398
7 567
10 716
1 241
21 829
10 645
5 1000
23 292
3 830
8 904
17 929
21 351
7 391
23 315
12 315
28 806
28 743
17 910
2 979
18 485
25 327
27 662
7 215
22 846
20 680
21 329
3 955
29 461
6 958
24 891
2 240
5 375
2 776
7 833
27 667
18 504
24 262
4 774
11 289
19 619
4 837
2 800
10 719
7 926
6 443
22 381
28 913
20 851
19 537
0 785
16 255
20 875
5 321
13 227
23 979
5 385
1 371
21 508
1 250
