500
11 335
15 288
13 536
8 680
4 629
1 723
22 465
25 405
19 583
19 249
10 856
16 994
0 819
13 453
23 293
23 752
19 976
14 252
0 412
15 865
17 847
24 616
4 250
6 930
14 242
20 604
22 363
24 388
12 370
10 302
29 609
21 707
18 331
0 892
13 686
23 371
3 233
14 841
7 943
25 807
13 887
18 648
26 275
14 323
0 471
12 833
4 965
4 577
6 824
19 325
14 760
24 987
12 525
8 555
5 506
27 356
25 758
0 226
10 626
13 502
18 821
25 436
24 781
8 939
23 285
11 553
27 764
14 270
10 861
26 481
4 381
9 389
18 765
17 758
21 336
25 778
27 559
21 327
20 905
19 952
26 810
2 501
10 648
20 300
13 970
12 530
11 316
0 350
17 566
13 567
8 717
22 484
25 499
17 695
7 204
16 943
2 210
21 680
28 650
8 887
19 532
29 590
9 597
5 926
20 344
3 248
14 319
22 944
2 963
13 344
15 565
26 449
18 714
2 531
3 653
17 818
5 764
19 924
13 951
8 914
20 710
10 787
12 688
7 698
14 373
21 724
26 539
8 723
22 562
14 945
1 516
28 246
0 480
17 318
16 447
24 479
11 379
22 980
11 886
27 313
0 989
19 979
10 956
2 795
23 390
11 687
22 703
23 742
16 462
23 367
14 650
2 425
22 742
26 219
24 751
5 533
8 504
1 862
20 667
5 608
4 383
7 678
8 202
28 465
18 572
14 310
4 751
22 506
17 610
20 778
12 587
27 472
15 328
16 754
5 445
6 880
20 618
24 851
22 231
3 506
8 390
6 240
22 746
22 733
13 861
19 347
3 641
0 352
23 226
24 393
4 518
7 205
14 210
25 223
7 968
26 894
6 998
23 969
25 540
20 488
17 768
2 268
29 332
29 485
21 754
21 474
23 228
6 665
24 739
11 513
26 670
17 413
5 541
9 255
12 698
19 717
20 555
1 402
13 378
1 688
15 855
28 844
4 883
12 823
19 957
15 993
22 746
21 854
27 784
24 778
21 632
4 796
18 939
26 298
11 634
4 754
0 977
10 686
25 256
12 647
7 841
10 252
9 749
10 208
26 243
25 899
5 212
3 417
0 566
16 893
11 394
12 665
26 674
27 640
11 657
17 581
0 333
14 279
28 618
5 461
15 546
13 859
16 537
21 223
12 746
19 347
22 247
14 526
12 295
8 375
6 644
3 741
17 930
2 224
17 448
28 805
23 817
14 704
28 790
15 725
6 210
3 501
26 598
24 690
21 757
20 639
3 461
13 436
19 617
15 329
14 284
24 822
3 855
20 322
16 581
24 343
8 902
3 433
9 797
23 469
4 913
6 725
19 209
14 916
3 724
12 530
22 560
27 314
28 881
23 486
26 836
19 831
15 412
19 561
9 308
0 805
20 241
24 344
15 383
20 286
25 601
2 315
7 251
17 924
22 871
15 254
5 540
7 377
26 886
5 994
4 994
14 942
17 778
20 485
23 935
25 209
2 400
8 465
7 802
29 866
17 201
9 916
20 991
19 986
14 259
15 442
28 659
24 296
6 934
2 482
10 968
28 501
18 360
13 436
27 529
25 405
4 225
12 828
2 801
13 574
28 292
8 778
12 774
3 923
17 447
29 244
6 626
21 775
13 490
6 423
28 410
11 428
27 791
17 345
6 210
6 961
13 638
18 428
11 245
24 466
8 342
10 639
23 500
2 317
0 896
15 934
21 539
28 593
20 370
28 343
11 801
9 805
5 536
0 936
28 541
17 453
9 283
21 388
5 911
6 344
18 701
17 400
9 532
12 426
22 282
12 380
8 992
12 482
8 942
9 412
15 430
10 460
0 869
29 618
19 446
10 836
8 739
4 738
6 856
21 491
29 982
26 737
14 356
22 218
11 408
14 557
26 613
22 510
27 544
12 586
2 644
3 388
20 638
1 826
20 544
13 882
1 321
22 823
19 616
19 599
1 442
14 657
1 297
28 452
2 958
22 611
16 644
19 551
5 890
20 937
15 701
17 737
16 994
9 439
24 477
25 635
6 703
18 634
13 853
0 361
2 748
5 226
2 976
6 352
15 518
14 244
2 775
13 765
7 370
1 333
17 892
8 762
19 582
9 587
22 384
18 940
23 559
20 849
12 266
22 242
3 341
26 996
1 661
24 709
6 680
4 962
27 276
5 412
29 362
6 715
8 564
19 934
20 832
2 728
28 778
5 990
12 313
14 509
19 799
4 287
