500
7 249
18 669
1 503
21 544
6 347
10 932
20 681
17 281
5 799
19 386
21 327
13 1000
8 731
16 573
6 501
22 704
29 350
0 842
29 982
10 877
28 735
3 346
3 927
0 492
3 475
10 786
14 447
15 934
16 838
2 611
19 393
4 980
19 384
2 302
15 612
7 745
21 740
5 271
3 614
4 287
13 501
21 254
1 775
18 801
4 794
27 540
12 451
1 497
4 862
0 850
3 306
25 575
14 533
29 508
10 488
26 983
16 572
9 363
5 536
6 881
26 264
9 729
5 488
21 715
29 579
7 562
4 681
9 350
17 266
0 959
15 680
24 440
17 454
16 521
29 453
7 414
24 909
8 262
21 302
2 997
13 754
7 794
28 651
29 992
10 346
12 723
8 310
12 827
2 844
13 709
3 292
6 960
25 283
25 832
8 821
24 414
3 931
6 965
10 883
19 971
17 837
14 928
8 327
4 924
27 330
28 317
6 983
7 918
1 487
3 692
10 330
26 265
20 946
28 867
26 205
11 858
29 822
10 850
5 924
8 754
21 609
8 949
18 302
16 920
11 444
8 380
19 868
9 947
6 667
16 905
13 505
18 315
1 913
25 227
4 651
11 546
23 914
28 876
4 525
29 319
23 303
0 784
18 679
14 608
13 457
2 276
1 545
10 707
7 210
8 611
10 284
2 779
28 931
9 399
19 502
7 251
14 805
17 865
5 585
19 731
2 467
4 474
13 621
9 528
11 629
29 858
12 721
12 224
28 322
25 693
10 352
5 556
9 973
5 906
7 572
5 593
24 827
18 862
26 327
16 776
8 457
28 920
5 769
18 776
27 394
11 378
9 843
26 332
29 833
10 681
3 975
23 853
1 570
13 596
26 640
13 377
21 679
21 910
0 242
3 371
5 531
24 556
15 263
11 433
13 942
19 282
25 759
11 284
8 542
10 209
10 627
11 240
4 699
6 219
19 637
28 377
4 791
11 919
13 446
20 454
5 893
16 342
25 874
24 746
28 341
11 486
25 673
1 692
19 616
6 558
29 248
5 409
24 916
7 976
28 219
4 913
5 536
22 990
19 767
11 691
20 508
18 439
13 912
17 473
18 873
16 761
6 373
9 206
29 996
12 408
25 836
1 831
20 575
17 650
12 872
27 499
11 727
3 833
0 400
12 283
27 271
25 740
20 921
27 224
13 624
17 530
6 833
25 298
20 879
16 813
5 690
4 722
11 892
17 731
5 442
3 770
25 209
22 759
23 834
3 717
10 716
13 767
13 501
18 441
15 523
23 430
22 662
2 312
10 200
18 341
21 614
11 834
10 944
23 514
1 961
13 920
18 781
8 373
2 276
2 992
21 607
3 958
2 903
13 815
0 222
22 665
10 500
7 367
1 661
18 259
22 940
29 559
4 781
20 963
15 912
3 867
5 280
22 359
27 734
17 839
18 426
10 478
5 977
1 814
29 723
27 447
16 708
8 777
10 327
25 647
12 790
29 770
1 226
4 314
19 730
21 272
18 742
0 509
24 414
12 426
11 898
7 269
12 359
18 502
13 803
13 360
3 859
20 295
21 975
8 623
7 505
10 207
20 593
15 712
20 657
24 815
3 306
9 523
13 519
11 360
12 308
16 466
9 627
4 840
16 877
3 829
15 829
28 402
9 817
21 799
27 545
1 717
16 433
23 225
7 437
10 351
17 239
20 331
22 882
23 761
0 417
20 322
26 372
8 499
7 633
14 671
18 554
0 725
4 728
29 222
10 437
15 229
7 407
17 497
0 289
18 620
28 557
18 842
27 540
1 255
27 800
24 722
0 631
20 964
3 846
12 520
0 334
27 390
27 542
6 950
29 639
21 986
8 712
0 257
29 457
5 447
16 742
16 685
6 868
9 791
5 555
11 709
20 736
3 783
10 855
25 444
17 584
25 900
28 788
9 512
4 493
3 374
5 721
26 528
19 605
6 424
2 842
11 737
25 517
16 382
9 698
3 648
1 647
19 377
20 896
7 544
15 845
18 305
6 315
18 681
13 424
14 788
7 238
27 241
13 314
27 584
29 812
3 709
16 679
1 974
13 747
25 336
10 265
11 966
3 681
6 368
17 768
26 759
18 625
21 547
10 913
3 980
7 384
12 652
24 365
6 440
4 910
23 667
25 399
19 748
8 278
0 593
8 688
18 507
4 238
3 654
28 738
17 446
7 593
13 702
19 278
28 722
14 843
20 861
6 826
4 552
7 849
20 501
21 285
4 968
