500
12 816
29 633
13 329
20 470
27 726
8 946
26 325
25 503
26 325
18 880
11 690
0 606
15 464
7 474
6 571
18 580
5 811
16 246
16 606
1 988
24 412
29 415
2 250
29 496
2 898
23 818
29 875
3 539
13 950
7 301
15 637
11 368
24 203
8 746
17 448
4 927
12 931
2 339
20 263
19 815
29 299
17 213
3 880
24 532
23 682
16 777
13 421
28 542
6 823
14 612
9 585
0 262
15 473
17 673
18 338
22 838
22 255
18 319
28 330
27 472
13 853
3 829
16 297
14 742
13 994
26 555
10 384
18 998
10 933
17 825
26 880
9 759
15 713
25 203
25 228
27 314
10 382
20 307
3 569
29 704
22 713
1 392
21 537
6 304
0 234
9 837
5 575
25 485
16 927
12 811
10 336
2 517
13 922
29 449
3 442
8 787
21 378
18 989
24 785
19 968
25 864
24 696
0 817
14 932
29 534
24 315
26 455
11 392
16 267
27 684
18 565
19 610
1 889
9 462
1 676
25 516
22 621
11 902
6 447
13 449
18 565
23 913
27 221
26 830
27 383
6 663
21 482
20 437
12 470
27 690
11 947
11 644
9 719
4 789
1 505
0 354
1 232
6 730
19 589
24 453
13 281
19 628
8 533
18 768
17 298
2 446
3 359
28 229
1 712
0 379
6 607
23 747
7 776
8 685
26 382
22 504
9 569
20 590
8 735
3 485
9 818
4 240
23 831
2 547
14 264
25 462
15 996
23 734
0 268
18 598
4 860
12 393
26 907
0 516
11 631
28 955
3 807
18 408
5 576
19 739
15 626
13 933
23 958
4 573
19 532
9 679
8 261
1 668
19 938
1 431
20 243
4 569
17 606
26 648
29 734
2 457
14 361
22 622
14 620
9 635
11 780
22 401
13 824
24 617
1 211
14 338
28 233
4 601
3 251
3 688
21 686
0 245
29 774
7 819
3 622
26 653
9 822
28 560
23 811
22 432
20 605
4 398
25 352
20 446
28 1000
2 392
19 946
25 327
16 260
14 871
4 845
7 715
1 733
4 211
0 832
28 770
28 955
29 720
20 517
18 569
10 942
3 407
14 745
1 218
29 638
3 324
27 826
20 972
19 952
21 316
11 509
3 543
0 482
23 230
29 327
24 436
10 591
27 384
8 401
27 309
29 829
3 478
5 864
6 970
1 863
0 732
29 993
13 907
26 972
17 575
21 815
28 868
27 546
24 513
16 957
24 591
6 876
15 650
9 881
15 370
27 463
21 308
26 218
8 819
21 897
28 655
25 201
6 676
3 863
13 223
3 840
26 863
0 596
2 853
13 505
10 250
3 391
19 454
0 431
11 861
24 312
26 476
21 207
6 383
8 985
13 805
7 727
23 971
29 267
20 393
8 768
15 610
29 966
3 353
3 912
4 795
17 916
12 721
2 496
7 991
7 820
13 206
2 363
20 628
3 209
24 517
5 429
14 662
5 524
9 474
3 944
4 887
18 999
17 680
26 505
6 508
27 487
28 861
14 863
19 451
1 874
12 295
0 566
28 710
2 441
13 638
23 749
20 350
23 757
6 901
27 895
17 523
21 214
23 605
9 222
19 958
18 331
5 904
26 372
25 486
23 580
29 636
19 985
21 286
21 449
25 474
29 298
23 741
13 338
8 222
23 299
5 626
9 548
21 438
28 792
11 262
20 890
23 318
16 654
17 453
5 333
27 722
21 741
18 363
22 330
4 327
14 661
3 256
13 645
28 233
16 557
12 976
23 933
22 531
16 362
14 771
6 207
24 528
5 822
17 343
6 507
21 879
28 462
8 394
13 621
4 972
16 604
5 637
22 918
10 369
24 887
19 208
17 894
14 722
3 507
14 983
24 720
5 501
2 493
16 378
5 535
17 983
16 719
1 340
4 230
16 657
7 971
16 294
27 488
21 604
25 730
10 400
0 769
17 458
4 751
3 888
14 437
19 542
4 918
26 765
18 349
10 794
15 522
3 937
24 249
20 289
7 508
27 264
25 370
14 429
20 216
10 935
16 363
23 485
16 262
13 831
19 588
24 395
25 314
11 387
16 692
25 392
4 867
4 285
11 831
13 265
19 934
10 257
5 891
17 852
4 884
11 724
19 315
22 616
11 670
0 667
7 349
26 617
26 434
27 671
14 978
24 391
27 494
12 220
26 288
1 708
1 293
14 506
20 487
18 856
29 896
23 702
26 547
29 459
5 916
9 672
6 760
17 585
4 893
2 563
