500
3 878
28 772
10 911
9 799
24 592
15 870
27 467
18 398
3 263
23 275
27 269
4 321
20 648
19 541
19 368
6 442
23 816
2 387
9 314
22 300
1 702
24 412
11 793
21 997
25 245
2 715
16 468
11 279
8 778
8 679
5 626
21 312
12 872
11 741
25 881
9 215
25 455
29 422
27 887
17 900
13 411
24 420
11 944
0 760
10 757
20 880
19 909
14 744
25 881
13 447
24 593
14 571
22 422
19 466
23 407
5 423
20 922
24 858
4 663
20 557
26 867
5 249
0 994
10 265
17 351
28 538
23 315
19 993
21 881
13 527
13 943
25 254
22 700
10 770
19 637
9 716
7 664
2 378
22 463
13 605
18 480
17 306
9 326
28 415
11 422
5 760
2 305
5 634
9 432
23 285
0 986
0 827
19 209
22 715
10 919
9 311
25 799
25 506
3 382
12 388
0 671
0 370
27 748
29 573
26 927
11 400
24 435
4 210
9 952
2 945
23 460
22 382
19 330
2 414
28 880
19 715
10 605
20 676
19 260
19 778
26 361
22 853
21 875
7 226
5 836
5 679
24 993
5 764
28 713
2 476
1 303
24 322
6 247
1 488
26 417
17 422
3 686
2 429
8 652
2 719
25 831
8 441
12 705
18 850
4 578
18 254
29 364
25 324
11 546
11 328
24 373
29 869
26 656
5 981
2 649
23 355
13 874
2 782
0 727
28 973
25 252
19 380
16 383
6 872
25 807
3 999
13 291
2 374
25 553
22 895
3 294
15 944
20 769
9 378
2 297
2 898
20 755
4 322
19 298
15 572
29 748
24 447
16 675
26 562
19 836
19 803
24 388
6 924
16 999
20 974
21 713
1 319
27 686
18 940
12 678
20 519
19 246
12 877
2 930
22 725
6 375
20 991
4 821
1 532
7 799
9 489
27 267
13 656
8 316
0 783
25 817
27 507
3 796
0 696
1 849
9 254
3 883
25 362
28 725
16 446
1 573
5 435
20 982
6 493
22 937
13 508
8 609
0 396
8 847
28 239
1 307
28 437
6 204
2 925
8 878
0 734
9 804
11 709
2 866
0 578
27 567
4 659
14 999
25 238
22 572
23 857
0 661
10 352
29 441
21 889
10 341
18 559
25 736
10 454
8 890
18 222
12 597
10 545
6 637
21 704
17 390
26 828
23 915
0 784
8 475
5 969
1 713
20 232
18 611
16 537
26 740
4 452
1 463
18 442
8 689
6 404
2 603
15 713
27 615
22 208
18 260
28 358
3 667
14 377
1 584
28 548
13 558
17 699
5 417
26 211
28 617
19 481
5 954
8 364
17 903
20 502
6 654
7 210
27 820
15 632
27 455
16 453
20 799
17 600
18 598
0 890
15 779
24 439
27 284
20 859
29 993
5 687
8 338
23 494
5 207
17 587
7 719
21 595
0 905
17 201
9 312
14 319
17 652
0 361
24 535
19 346
0 691
16 437
6 260
5 315
15 389
17 494
9 950
3 902
2 807
29 419
25 963
27 932
19 522
13 756
10 997
28 665
15 748
18 644
29 231
28 420
16 436
5 739
14 690
2 211
10 348
29 561
0 944
18 770
21 392
18 423
27 544
21 447
18 690
10 935
6 700
20 803
17 353
8 409
11 402
26 710
19 420
10 456
21 755
18 747
22 216
8 480
9 789
28 732
25 359
21 556
22 252
9 878
21 306
21 210
4 251
11 394
28 695
13 421
22 510
19 745
19 209
19 945
15 710
1 966
8 250
28 767
6 574
12 526
13 274
4 955
27 973
9 664
15 944
8 410
2 777
28 288
2 255
16 559
15 563
14 617
7 830
18 302
6 861
2 973
8 328
13 627
16 377
24 585
4 827
6 400
9 505
9 272
18 757
2 394
17 362
6 938
1 859
10 257
15 857
16 203
18 725
14 818
1 903
9 799
23 826
29 977
29 830
5 689
19 484
22 652
27 367
17 363
5 641
22 353
5 299
11 538
2 660
18 665
5 218
17 213
8 681
23 974
0 460
14 952
24 540
20 431
17 723
3 835
9 665
27 691
6 784
5 833
20 997
11 722
28 427
7 855
3 302
0 486
27 918
23 487
25 547
16 377
5 487
8 856
3 338
17 536
16 325
15 559
24 884
16 572
18 968
26 676
26 816
3 513
2 944
17 258
28 406
9 498
20 306
21 382
18 379
10 936
4 552
18 521
7 325
2 858
28 894
2 790
5 221
7 594
15 771
13 742
20 493
10 584
