500
28 734
5 315
24 448
4 497
8 577
28 838
10 798
29 549
17 246
28 271
24 741
26 280
4 722
27 845
10 990
6 787
14 667
3 225
2 819
18 613
23 577
10 596
22 523
26 996
10 390
18 591
16 932
19 501
24 320
7 692
9 513
11 217
6 949
10 794
28 556
23 620
10 369
17 504
22 535
14 407
18 638
8 224
19 552
27 611
19 220
18 622
19 201
18 759
0 967
22 555
2 596
19 962
9 208
3 257
15 657
5 918
18 601
13 609
11 561
27 787
29 517
18 354
24 780
6 353
4 791
11 265
6 381
4 892
20 829
18 285
25 775
4 327
20 419
8 578
0 937
20 378
24 537
17 543
11 331
8 970
22 446
10 542
10 748
12 521
20 533
16 522
26 756
21 431
26 941
7 512
26 622
24 264
21 260
15 339
0 801
8 784
22 220
13 828
28 918
22 722
12 296
19 237
7 767
18 213
22 936
22 480
17 739
0 357
21 957
20 671
22 529
7 993
26 588
11 739
5 235
16 315
17 441
2 468
10 586
21 466
10 882
29 377
11 950
29 861
2 297
14 275
18 396
11 617
15 556
29 309
1 949
8 451
21 815
9 910
10 739
11 341
18 348
24 689
7 529
11 375
6 890
25 286
6 548
23 312
14 789
8 938
26 268
26 788
28 821
22 639
12 401
8 249
25 519
18 734
10 839
4 435
18 281
28 716
11 880
7 214
20 461
16 909
27 320
26 217
27 536
29 861
27 755
19 504
1 602
12 235
5 467
23 306
28 638
26 336
17 713
18 912
28 845
5 428
9 790
24 756
1 328
10 770
6 486
25 452
29 919
5 254
4 496
22 294
27 465
4 365
24 714
22 930
4 499
25 811
2 775
19 207
1 383
3 733
3 662
0 585
16 978
2 680
20 481
1 731
25 959
17 744
20 228
0 942
19 579
1 667
20 515
18 913
21 511
18 540
29 433
25 590
17 429
17 543
27 720
19 785
14 604
17 475
7 842
0 246
5 820
7 389
24 494
26 468
9 543
22 523
17 771
9 835
9 375
29 618
27 287
16 231
23 713
3 964
25 583
24 296
29 509
27 396
22 554
27 359
0 393
19 784
14 750
29 586
13 210
27 450
22 392
19 256
20 735
23 946
23 945
25 408
7 395
29 806
22 256
16 750
28 494
28 516
11 200
13 517
23 368
28 653
1 403
8 557
25 989
19 587
17 769
26 707
15 378
8 400
20 874
4 414
15 817
0 931
24 976
14 825
17 494
12 766
17 775
14 227
9 270
11 314
5 857
11 529
24 944
22 473
6 656
17 662
13 520
26 590
4 376
2 458
4 285
19 595
6 541
8 638
0 853
28 247
11 492
26 780
20 744
29 619
27 317
9 429
24 441
0 595
29 425
5 602
3 905
16 924
28 672
1 472
0 504
28 971
28 469
6 852
14 433
5 648
5 263
11 643
7 756
11 734
12 221
19 874
3 726
24 826
12 408
17 681
16 635
8 444
23 509
16 390
15 619
13 883
3 801
23 787
17 829
22 907
11 288
13 500
8 857
0 947
23 337
14 850
2 328
18 570
1 488
14 739
4 665
2 921
28 656
12 653
24 963
10 869
3 632
5 650
22 973
15 292
2 782
6 951
27 528
13 409
27 386
21 993
22 792
13 858
11 975
14 656
15 902
25 283
9 461
11 575
19 618
1 236
26 833
17 580
16 976
11 274
29 323
23 552
11 755
26 428
29 426
3 947
22 286
25 700
28 214
5 417
23 989
9 863
18 517
13 439
12 802
15 824
2 271
18 315
5 638
3 564
10 222
9 249
8 252
16 713
6 990
21 952
21 471
18 278
11 710
28 877
11 600
17 865
22 849
8 948
28 448
10 831
5 375
22 429
4 785
12 318
17 870
11 552
28 564
26 504
7 659
9 204
21 266
16 955
19 234
8 774
28 786
19 475
20 995
6 436
14 265
24 568
8 881
13 567
7 292
27 730
21 725
7 514
25 934
27 302
1 343
20 842
9 694
1 650
18 777
12 244
13 456
13 474
23 972
11 549
16 727
14 948
7 342
23 554
15 937
12 707
21 729
29 460
15 910
27 494
15 386
13 964
24 905
22 635
4 967
8 968
25 655
13 298
17 688
15 526
28 362
11 316
15 375
7 789
11 421
8 893
29 539
5 665
14 368
20 661
8 553
29 500
9 330
28 246
2 984
29 601
21 555
4 234
25 740
12 814
9 289
19 847
19 521
10 642
