500
22 271
0 869
3 205
7 361
14 999
5 633
6 824
18 235
12 955
15 680
6 849
14 785
26 978
19 235
19 439
1 240
24 853
14 879
21 533
23 657
7 717
26 666
26 469
27 240
24 247
13 854
16 658
16 959
19 988
25 716
16 743
24 752
11 392
21 448
8 901
15 288
29 399
2 622
29 235
7 861
11 262
7 542
8 715
1 431
14 395
25 257
5 719
28 226
22 482
13 885
29 853
24 586
19 905
15 508
11 328
13 964
20 637
3 453
23 321
9 322
22 832
6 659
18 364
17 978
3 367
8 652
21 918
7 936
14 380
16 317
3 708
14 803
11 436
9 749
7 993
5 284
4 507
11 379
9 419
23 274
7 508
4 202
24 434
17 239
26 848
29 780
29 669
18 812
2 731
7 730
19 678
19 493
19 275
21 689
22 520
19 223
11 683
10 293
16 471
23 576
23 885
20 672
11 805
27 210
12 882
11 729
21 260
11 377
4 946
2 735
19 266
24 796
3 439
15 838
5 726
23 378
14 673
25 518
11 893
5 232
12 723
6 240
8 986
15 790
22 893
25 682
14 623
15 564
24 549
28 534
18 779
24 977
4 884
6 533
22 619
17 541
9 575
4 379
5 488
15 825
3 240
22 538
0 454
14 203
14 353
5 1000
10 753
6 449
11 802
17 314
0 487
15 971
14 481
14 862
10 812
25 945
23 734
15 443
16 662
23 624
19 460
22 561
18 281
0 534
15 442
25 767
27 703
8 325
25 547
27 761
3 934
20 634
13 461
25 633
25 314
24 423
10 788
0 595
17 491
3 571
27 693
8 900
25 397
7 650
13 969
13 458
7 960
14 868
18 287
5 324
14 540
15 788
28 984
20 423
1 481
29 303
1 663
27 494
9 252
7 988
21 851
12 697
3 805
14 661
11 369
12 668
26 928
15 244
2 373
16 502
1 493
16 320
13 366
25 704
6 967
10 650
13 607
9 531
17 824
4 285
13 884
23 974
20 703
27 590
16 762
2 447
29 931
23 994
17 367
14 670
25 600
13 712
29 511
23 826
12 924
3 683
23 851
29 917
24 850
9 987
23 473
29 601
12 645
1 335
14 786
20 360
3 506
26 860
15 995
17 322
1 296
6 287
1 355
24 912
28 885
6 978
4 851
16 463
29 877
18 694
4 755
12 594
4 385
15 383
5 936
7 571
14 285
27 690
3 281
21 764
17 788
13 785
18 828
4 507
13 878
29 972
16 810
21 240
10 967
8 320
19 422
9 554
26 617
16 336
8 528
9 231
4 595
2 216
4 334
15 674
15 296
24 322
20 356
23 312
9 887
0 279
9 835
5 867
5 329
16 416
26 521
27 893
20 570
20 459
1 441
25 955
25 706
7 760
0 814
23 433
4 591
16 276
6 633
17 420
15 454
7 335
10 939
14 839
20 924
2 764
25 907
18 786
12 240
27 293
3 840
18 242
29 912
2 273
26 765
11 681
17 425
6 674
10 651
29 625
3 908
17 705
3 717
2 895
10 344
27 716
21 916
25 521
4 825
17 686
4 816
18 496
28 704
18 547
8 658
18 283
8 200
8 795
21 242
24 234
1 757
1 669
29 274
17 696
17 632
9 204
0 756
11 471
21 553
20 233
17 426
6 716
8 728
6 688
10 560
18 948
23 262
3 701
26 839
10 870
21 510
10 996
12 798
6 625
19 839
27 505
7 201
2 782
22 356
23 290
4 590
15 811
7 377
16 230
22 237
22 687
15 417
3 287
9 525
26 312
16 661
26 699
24 715
15 794
25 350
5 738
15 501
14 482
9 715
12 354
9 230
4 634
23 831
16 726
19 714
1 451
2 411
8 836
21 281
20 635
7 351
22 787
3 907
6 932
3 241
7 603
7 550
6 332
22 625
8 277
25 906
22 967
10 709
7 366
0 861
10 870
24 865
23 490
29 777
17 401
27 372
2 350
27 943
27 477
3 344
17 842
19 825
8 466
8 403
21 465
1 893
15 707
7 584
2 415
1 414
25 985
28 636
28 910
2 473
1 693
2 810
18 466
11 338
14 426
4 234
19 580
13 359
18 668
26 493
14 835
29 861
7 248
7 281
24 752
24 604
9 779
13 407
19 547
19 753
19 309
11 722
1 283
21 676
9 363
2 578
27 573
11 985
19 375
28 530
16 646
18 881
24 573
13 462
11 755
1 871
27 613
11 453
4 672
13 767
24 894
7 399
12 756
9 762
8 771
26 809
12 867
