500
16 979
4 794
13 426
29 522
19 781
11 259
10 680
0 586
25 445
22 369
19 959
2 867
10 780
12 585
5 844
23 990
1 493
28 687
12 443
2 786
16 960
18 250
7 855
12 743
28 769
12 294
28 379
9 995
2 988
10 474
25 378
26 358
23 331
28 897
5 252
9 655
21 521
23 367
14 645
0 458
23 417
16 370
20 454
24 735
9 359
15 527
23 876
8 453
8 713
18 387
26 668
0 475
2 935
16 692
29 248
5 803
14 501
8 430
2 254
23 669
12 254
11 919
11 989
3 630
5 286
6 381
16 751
24 948
18 541
8 893
21 689
12 647
12 658
8 366
9 465
20 303
16 452
12 433
2 410
28 674
2 581
17 300
2 862
15 532
5 521
12 331
8 617
23 595
16 928
21 666
24 830
26 721
14 519
17 989
18 567
18 395
20 783
26 867
14 795
6 513
10 971
6 809
20 507
7 630
2 317
21 996
23 758
21 769
19 246
10 862
0 273
29 361
1 290
20 826
2 789
15 735
6 900
25 913
3 983
27 653
29 604
22 685
7 897
19 521
27 529
3 347
8 715
21 238
28 872
25 413
21 861
10 757
13 553
16 434
7 571
21 472
17 528
24 636
11 935
21 883
13 726
5 305
23 443
18 690
9 437
10 765
26 405
8 524
8 654
11 670
29 277
9 567
28 258
24 823
24 437
2 322
11 881
7 587
28 846
18 461
14 708
17 293
13 625
2 647
21 549
20 990
0 473
1 654
9 916
24 405
8 263
15 577
6 218
25 829
9 425
7 396
9 581
19 254
10 382
10 537
8 997
4 298
8 830
27 463
18 820
27 341
0 348
29 797
28 444
16 613
20 784
28 769
15 387
12 206
2 427
5 444
7 320
8 202
11 369
23 699
20 948
26 266
0 715
26 664
20 665
13 613
26 763
12 214
1 602
11 682
22 694
17 449
11 335
28 498
12 665
8 414
4 726
7 568
24 504
12 867
24 358
3 789
21 599
17 624
2 487
24 676
11 715
5 322
3 835
13 776
21 659
16 662
11 344
23 382
12 457
26 340
14 225
6 867
24 814
17 457
6 465
14 584
19 265
14 294
20 465
1 709
22 691
7 377
28 216
25 632
26 642
12 860
6 510
11 823
8 938
10 235
21 506
28 819
3 438
12 408
27 441
4 283
24 250
0 901
7 673
12 427
3 551
9 796
18 925
8 641
14 715
28 971
27 930
27 816
25 439
16 686
0 663
6 570
23 641
0 431
20 393
19 907
21 923
14 897
26 329
23 904
16 212
13 528
25 844
23 299
9 204
23 445
19 649
4 942
20 217
6 432
18 470
12 422
3 956
13 852
9 418
13 297
18 292
22 553
26 886
6 696
28 412
15 581
0 364
11 850
3 767
11 897
11 879
18 974
28 211
17 978
23 689
2 847
7 255
29 645
8 328
4 555
6 943
21 244
26 793
25 996
26 353
10 978
15 961
22 211
29 784
26 411
6 602
11 848
1 852
5 209
28 440
26 724
2 924
16 980
4 528
1 261
22 912
2 277
1 467
2 632
23 993
9 831
27 531
0 300
29 639
2 925
28 954
26 565
6 496
28 946
9 555
22 794
9 908
7 726
24 285
8 759
29 865
22 498
4 688
19 756
14 737
29 550
17 491
20 749
11 614
1 819
23 916
16 342
3 790
22 704
15 657
15 640
28 332
28 229
18 509
0 206
27 682
28 249
19 201
5 645
5 610
19 244
12 581
8 357
17 269
27 200
13 772
9 698
25 726
23 624
13 723
28 235
15 494
4 225
11 901
19 931
8 990
26 679
26 921
9 1000
14 798
2 450
8 837
8 400
14 551
21 855
24 381
0 988
5 497
9 530
4 267
3 521
12 251
14 831
25 856
29 498
8 967
8 694
21 694
0 949
8 859
17 231
17 366
26 595
29 448
9 473
21 334
9 893
18 235
14 422
29 289
19 882
22 522
21 523
9 600
5 351
22 219
2 441
19 675
13 763
6 585
24 995
11 281
0 907
22 538
1 822
10 371
29 614
29 932
19 422
0 615
23 211
28 302
4 392
1 459
13 262
21 734
19 778
22 479
22 884
16 367
15 627
18 850
18 619
10 790
23 672
27 464
28 728
2 639
3 926
20 780
11 814
24 756
17 201
19 679
22 586
7 323
20 986
24 579
12 971
16 944
3 915
29 253
27 425
14 712
28 308
8 788
17 639
17 309
4 240
19 997
21 244
22 483
25 583
