500
12 424
2 916
24 979
12 692
6 730
11 504
26 952
15 606
12 628
21 555
9 713
20 720
8 991
8 368
18 542
27 887
28 481
21 253
28 979
13 849
25 561
22 464
4 334
15 784
10 204
23 263
10 478
29 650
22 410
12 488
3 452
19 815
13 416
14 835
21 363
27 666
3 246
1 639
23 918
8 282
29 459
29 450
22 782
26 888
6 801
3 975
8 319
2 602
10 972
1 905
1 817
15 394
1 346
14 972
5 393
7 888
0 860
6 397
27 713
17 596
8 783
28 305
14 239
21 570
17 941
16 618
29 963
29 794
24 445
23 523
17 422
11 803
24 526
22 405
7 468
20 971
9 373
4 452
15 690
5 809
17 587
26 488
23 673
7 671
22 448
20 693
27 377
27 581
23 427
27 591
29 455
11 431
11 706
23 629
15 835
3 364
5 201
9 914
17 886
7 790
24 929
15 452
11 550
6 294
21 300
25 991
9 303
2 667
19 355
11 794
7 711
1 461
1 534
12 633
8 885
16 596
27 794
17 977
26 678
13 374
1 963
12 447
18 881
20 345
22 947
18 607
5 642
13 207
24 349
11 294
3 862
24 981
27 538
9 731
17 481
4 319
18 221
5 862
7 850
26 774
16 321
2 557
21 958
17 303
8 794
2 507
14 279
3 391
3 334
21 734
19 857
7 831
20 842
17 449
12 689
29 305
1 787
0 732
3 983
19 224
27 802
16 648
10 845
19 503
16 547
6 534
12 520
27 838
12 212
9 316
25 993
10 810
18 836
22 285
19 644
2 892
5 288
17 741
1 549
6 691
8 661
8 505
17 379
14 511
6 748
21 476
24 972
14 243
10 307
29 922
24 994
15 945
16 647
15 630
1 349
16 258
20 627
21 881
28 350
18 229
7 679
10 970
27 501
17 573
27 963
5 311
4 426
6 383
18 982
26 788
14 849
11 725
12 683
11 216
9 207
5 882
25 397
1 251
0 873
6 283
28 326
13 451
28 262
4 228
7 587
18 462
6 791
29 267
12 928
5 654
29 643
28 220
21 967
16 487
14 420
4 622
11 660
23 868
4 295
13 318
26 594
12 629
5 254
1 252
13 759
14 526
25 364
28 266
0 470
10 361
10 208
4 879
17 826
29 927
0 440
23 951
0 526
13 217
25 489
25 474
17 915
11 405
27 221
13 776
7 392
20 942
29 703
28 456
3 329
2 774
29 292
15 983
16 283
18 910
7 763
5 349
10 907
26 713
2 749
14 768
13 769
16 730
27 498
4 587
3 283
4 742
10 419
14 499
23 206
19 669
11 849
25 518
5 998
7 795
15 736
9 947
1 473
27 320
10 379
4 632
8 793
23 248
0 781
21 406
20 244
17 208
10 840
2 204
20 647
17 848
2 931
19 645
3 368
18 551
14 945
10 715
2 472
27 864
24 498
11 926
23 724
8 538
16 826
12 232
12 896
10 587
12 563
25 314
11 898
1 992
12 281
14 237
3 243
1 567
11 761
13 500
21 837
15 710
15 975
7 342
13 620
23 369
2 847
25 906
14 539
0 945
7 882
15 404
28 876
5 731
0 691
25 542
18 534
12 525
5 617
8 326
19 636
14 486
13 239
14 963
8 203
20 443
21 489
15 709
7 890
0 990
6 561
20 895
8 677
22 549
28 231
23 902
24 470
5 403
24 299
9 304
29 752
18 784
29 542
17 548
21 545
16 229
27 812
23 576
24 913
3 634
22 326
29 937
6 994
7 754
0 685
26 445
27 481
1 803
22 322
8 622
13 808
19 740
29 794
4 481
21 715
11 482
19 800
9 496
2 255
13 477
13 475
4 919
0 542
19 301
17 468
5 330
20 462
13 717
14 871
9 269
15 860
4 704
4 725
7 683
2 939
11 299
22 622
22 853
0 281
5 932
20 480
11 776
24 296
6 1000
2 303
6 318
17 890
28 951
6 989
8 719
1 479
9 794
23 520
10 999
10 973
7 698
8 678
21 436
25 873
12 612
0 815
17 766
16 613
28 324
27 287
18 404
16 250
27 432
3 742
18 557
21 210
22 350
14 399
22 789
1 340
21 694
27 854
22 419
22 217
25 917
8 358
25 243
26 879
4 509
24 432
14 438
4 803
7 946
11 243
10 815
16 980
4 565
12 363
28 857
25 940
6 763
1 777
22 970
23 344
13 648
19 796
18 691
4 464
21 934
16 242
18 898
9 400
10 664
21 709
13 448
12 555
7 850
4 940
24 312
