500
10 975
23 289
12 332
19 748
6 555
13 311
24 583
14 913
4 556
22 344
29 921
10 312
23 365
1 886
14 631
16 365
6 223
29 505
26 628
1 617
1 578
22 836
11 767
12 479
11 394
28 933
9 557
5 867
5 876
23 630
10 565
9 231
23 987
20 455
8 367
16 452
24 216
16 717
26 663
1 575
22 806
28 745
19 544
20 629
3 479
25 664
22 401
21 805
3 879
3 973
20 253
11 646
26 347
4 830
20 687
21 651
22 365
13 815
10 406
13 213
2 346
19 299
17 396
16 510
29 394
0 436
8 924
20 429
5 481
7 645
21 856
23 558
21 901
12 873
16 794
23 943
16 641
4 413
23 864
22 399
5 484
1 598
3 908
19 268
18 308
17 640
9 286
24 401
25 500
7 692
10 252
0 253
19 731
4 444
4 857
23 474
22 226
9 851
23 403
22 752
19 800
4 818
15 704
20 657
19 456
10 269
3 488
24 309
3 858
11 498
10 294
4 205
3 217
10 513
8 901
20 485
17 658
23 327
8 784
28 874
1 425
29 585
15 811
10 595
27 368
2 532
6 518
14 438
5 508
1 459
29 922
12 701
13 684
11 965
14 885
16 504
4 685
25 843
7 560
15 955
15 455
13 283
21 803
23 447
18 611
7 298
11 463
29 710
8 895
6 811
14 918
16 756
18 449
20 207
13 597
2 886
20 650
15 296
26 406
21 610
29 535
11 245
13 675
1 694
28 793
13 218
8 947
0 714
2 948
8 566
2 828
18 988
12 207
24 478
1 753
29 888
23 451
20 309
21 555
0 466
12 498
3 989
8 203
0 630
12 779
23 226
0 834
13 780
18 946
7 487
1 516
13 513
16 763
10 661
9 732
12 311
23 241
4 814
10 872
4 643
0 329
8 258
25 954
25 511
8 787
2 975
5 891
21 498
26 217
14 575
29 671
26 928
17 995
2 508
12 616
17 923
29 394
24 552
26 336
2 806
9 819
2 579
6 696
12 833
3 642
0 415
16 814
28 440
3 689
26 235
15 484
20 262
17 651
28 815
23 804
13 538
22 568
8 283
15 376
17 870
7 425
2 593
17 960
26 318
4 342
25 769
14 651
26 721
27 993
29 480
10 947
27 630
3 407
4 992
26 904
5 740
6 421
6 442
7 205
3 629
28 421
9 415
2 943
16 821
11 450
18 858
2 808
28 721
6 506
8 331
4 269
21 597
11 705
15 368
21 232
27 832
1 727
23 477
9 278
22 873
19 553
28 946
27 468
21 242
12 270
7 935
14 358
18 360
16 475
25 401
29 970
21 337
11 432
26 675
13 848
29 751
8 297
14 397
9 943
6 268
8 383
11 947
16 512
16 447
7 662
4 861
28 425
22 348
3 978
16 955
29 953
13 253
14 446
19 775
22 875
1 327
5 213
17 620
8 703
27 400
5 347
17 417
15 635
8 284
16 251
29 535
13 618
5 793
15 339
10 307
0 587
20 846
24 691
24 526
17 595
29 987
0 385
9 983
10 572
16 617
0 609
6 443
12 741
24 422
1 472
13 560
1 473
4 920
24 762
12 925
14 399
29 718
1 238
0 466
0 505
29 745
21 774
14 964
0 278
18 740
19 453
18 781
16 586
1 652
11 964
4 607
25 342
26 504
23 233
2 997
20 850
13 704
17 840
24 669
1 890
7 866
14 658
19 320
18 523
20 783
13 707
14 335
16 700
23 652
23 894
20 552
24 437
5 696
11 734
3 766
4 876
25 368
14 716
16 954
14 730
26 638
2 263
21 790
20 885
12 799
27 732
17 860
9 235
20 347
2 477
8 924
11 956
12 690
23 919
1 669
3 368
24 614
11 794
12 681
15 325
16 754
11 778
9 624
20 215
8 706
0 349
19 920
26 640
1 575
25 674
4 865
20 775
3 648
16 909
25 789
15 468
9 791
14 303
8 739
4 341
16 678
11 958
5 232
11 382
2 932
22 575
3 918
17 346
11 588
29 620
26 804
11 448
24 861
20 414
20 765
28 554
29 999
0 941
28 220
1 808
9 638
17 234
26 558
19 785
10 904
22 529
24 774
25 753
19 465
8 795
11 846
10 871
18 699
18 801
16 794
24 977
16 736
26 811
15 283
11 375
29 681
9 209
28 308
21 520
15 762
9 557
20 678
15 403
2 298
23 329
10 295
9 958
27 377
28 658
26 911
15 459
18 997
19 682
2 706
7 705
13 536
14 554
7 278
25 390
1 692
