500
27 869
14 833
8 329
18 527
9 232
21 501
27 467
18 708
12 519
10 378
12 835
11 591
7 816
22 821
17 899
14 579
17 680
26 387
28 774
16 919
29 792
26 373
6 482
29 781
22 581
3 717
5 204
8 474
28 416
19 778
26 925
4 880
10 495
22 428
29 523
11 689
24 801
16 559
13 350
29 967
26 337
6 566
18 270
12 374
13 617
21 564
9 927
14 928
2 861
20 921
17 256
19 774
4 773
0 970
13 665
2 766
16 336
13 953
5 478
4 234
10 414
26 781
20 720
7 720
23 459
26 442
5 547
29 680
16 231
12 311
11 947
24 585
3 503
4 388
10 987
3 606
3 231
3 474
29 421
8 950
25 944
27 447
13 630
25 751
6 900
8 743
23 591
3 424
29 546
28 643
21 273
5 738
25 491
22 892
7 400
15 627
21 790
2 947
6 746
14 693
24 939
6 218
26 552
21 276
24 398
26 615
4 771
11 275
12 965
23 703
26 697
28 548
29 935
14 458
19 801
1 597
4 362
24 308
26 533
12 232
27 731
9 279
9 717
9 508
24 648
28 391
27 582
18 546
26 462
12 438
11 915
8 279
21 796
12 882
23 791
0 562
10 503
14 709
20 590
28 925
28 272
19 337
9 677
12 392
18 427
2 874
0 567
27 577
12 272
29 979
5 412
10 819
10 600
4 742
11 920
27 796
23 816
26 365
20 962
24 468
10 763
23 935
27 686
27 323
18 762
20 860
8 813
13 765
9 889
0 554
27 603
19 247
6 479
26 826
7 683
21 623
0 336
10 660
5 850
26 970
26 706
29 452
11 339
19 807
29 801
4 499
1 242
16 227
1 745
7 777
0 344
5 708
11 607
2 249
1 591
27 962
11 228
0 417
25 546
19 566
26 271
11 381
9 604
14 724
24 360
11 528
1 229
11 591
19 892
10 772
7 389
12 720
0 475
26 643
25 519
15 258
9 280
12 925
12 420
8 930
5 720
21 664
3 776
22 411
18 367
4 342
13 828
15 883
15 730
0 560
8 657
3 942
7 643
3 565
2 786
18 353
27 465
22 443
25 289
11 303
2 680
9 465
18 497
6 938
29 337
16 541
8 595
13 668
20 726
23 283
11 451
21 418
10 348
23 589
28 956
4 553
12 406
15 557
19 692
13 238
22 710
9 709
18 898
1 301
10 240
5 371
21 322
28 279
10 794
26 953
29 292
27 539
21 667
12 328
24 452
28 823
1 956
16 587
11 766
15 301
27 969
16 274
9 966
3 577
24 845
5 812
20 496
26 954
20 605
13 794
12 705
1 307
1 626
7 727
14 651
29 780
2 342
9 312
20 928
8 305
13 416
14 255
6 250
7 868
3 692
27 562
24 686
8 692
4 681
11 920
14 988
22 908
22 658
14 557
6 223
28 986
18 304
9 801
14 411
11 735
2 660
24 514
0 364
28 948
13 570
16 770
11 486
16 573
26 963
18 245
26 324
26 639
17 426
21 316
6 382
0 213
27 288
28 287
12 451
28 825
2 987
1 201
13 923
11 295
20 450
3 822
19 913
12 851
12 983
0 670
25 653
6 943
5 743
17 986
5 585
20 882
21 390
11 842
27 482
5 214
28 923
0 957
9 560
6 350
6 503
1 993
25 288
27 289
1 366
27 364
15 620
11 946
18 623
25 283
7 796
16 619
11 406
15 823
19 915
3 250
12 923
0 441
18 787
11 251
17 332
22 288
3 563
8 661
27 586
7 862
0 200
19 533
1 737
15 580
12 431
10 656
17 230
7 754
24 319
17 671
10 270
18 404
3 924
10 447
10 500
14 930
4 243
14 584
20 605
1 525
10 508
1 439
1 674
0 233
1 672
22 232
9 669
10 476
14 524
6 357
9 703
12 869
12 976
8 940
15 929
12 524
13 297
20 466
24 437
4 857
12 487
9 794
19 500
13 889
19 266
3 599
11 908
14 650
4 451
5 496
18 289
12 759
5 439
15 845
16 363
27 989
7 303
29 297
25 645
22 206
4 443
11 888
27 400
26 841
26 391
10 225
15 933
19 726
22 256
24 822
12 502
28 805
16 780
6 592
2 406
22 582
0 960
0 721
19 637
14 628
4 745
27 401
15 962
1 619
25 254
16 255
12 631
17 851
13 475
26 576
12 868
25 454
23 805
27 870
3 807
25 541
15 227
5 497
17 975
20 529
15 340
24 855
29 766
14 927
1 555
7 342
11 798
28 463
13 644
23 683
