500
9 798
7 273
5 511
2 909
5 797
19 612
26 808
9 406
10 583
19 349
27 940
2 310
27 836
25 277
17 555
2 801
16 998
10 710
8 361
16 513
21 489
13 791
27 226
11 456
8 334
25 811
20 667
24 445
20 558
6 890
13 980
13 405
4 253
0 715
2 473
8 342
18 820
23 550
0 515
12 253
21 723
24 290
9 851
13 452
2 397
22 237
21 792
18 812
18 278
28 852
19 741
1 633
10 904
3 970
0 782
21 763
23 914
20 736
28 739
0 639
3 894
27 853
13 585
8 453
22 430
13 499
9 321
19 950
14 607
19 986
11 792
8 368
19 202
11 901
13 781
13 966
8 536
22 611
5 482
24 610
28 717
24 278
20 987
10 483
3 940
6 280
10 525
28 572
21 281
13 281
28 391
4 261
13 938
15 877
17 336
24 259
12 531
8 562
26 889
15 289
17 885
2 844
13 298
28 375
27 802
12 789
25 465
8 800
15 870
6 809
20 859
13 579
6 923
0 452
8 507
10 987
19 376
13 622
26 761
16 850
5 208
22 876
5 545
16 245
4 712
8 271
25 876
12 865
22 225
14 614
27 787
11 603
0 658
20 361
18 254
27 680
23 678
15 460
11 914
7 416
6 293
5 806
27 381
9 337
13 393
0 223
12 425
13 744
2 337
21 688
7 392
2 538
3 405
27 596
4 238
14 640
11 257
28 359
6 406
12 321
1 284
9 926
6 665
24 977
3 685
5 690
20 459
14 873
6 982
23 263
26 380
3 572
23 708
24 930
18 990
25 635
11 644
8 716
23 648
0 552
26 743
10 297
1 677
17 752
14 268
20 653
23 396
5 628
8 288
22 935
14 555
21 555
2 476
16 836
27 860
6 498
10 556
11 707
15 294
18 950
15 710
17 486
29 347
5 407
0 925
15 479
26 260
20 211
28 839
26 816
0 553
4 273
19 490
26 683
22 810
17 713
16 939
20 578
2 471
26 877
14 811
0 986
4 232
15 312
6 755
6 315
24 363
5 630
4 205
26 232
21 905
18 521
19 240
5 734
20 274
29 896
16 240
4 377
15 915
4 775
10 973
1 362
17 394
2 969
10 596
24 890
5 642
27 876
9 569
26 606
24 780
22 936
10 945
26 500
3 600
4 606
10 796
29 597
23 938
0 216
11 900
10 572
25 715
14 474
0 284
4 907
8 258
24 262
23 778
1 919
25 344
7 524
1 757
13 500
0 569
23 662
25 633
20 660
22 926
13 935
23 862
28 555
19 785
1 644
26 518
10 885
16 279
24 298
25 899
6 417
13 448
14 838
10 409
14 378
17 922
11 962
4 600
3 898
2 216
1 852
20 534
20 851
2 652
12 432
23 732
3 867
6 905
14 774
9 438
26 440
20 740
8 998
11 702
4 985
16 853
29 310
29 397
26 594
1 365
19 716
5 575
0 806
27 792
5 492
22 978
20 417
4 790
29 773
10 380
25 744
7 584
28 822
19 299
0 694
25 988
19 387
17 478
18 439
29 461
26 700
25 953
22 661
26 950
29 369
7 542
26 573
21 836
13 753
28 818
15 478
22 517
8 843
14 711
8 939
15 447
25 600
27 807
17 818
26 955
2 942
24 262
5 801
17 256
20 451
1 201
6 212
18 515
0 531
6 607
21 860
6 999
16 871
20 463
18 510
7 635
13 448
10 476
11 578
24 414
17 345
9 611
28 939
22 340
18 702
22 620
14 457
25 592
25 453
14 401
14 416
5 824
27 602
5 679
29 759
10 223
11 398
10 778
3 310
10 228
28 296
1 941
26 834
2 706
22 473
20 430
16 561
12 222
27 569
29 288
1 553
28 951
18 511
7 873
8 538
2 643
24 847
7 760
28 897
12 522
13 254
9 988
28 522
19 851
25 696
28 578
21 769
3 828
7 934
8 449
16 358
19 801
6 327
26 324
27 804
13 289
18 757
6 561
0 482
17 518
29 255
8 702
0 492
20 930
13 669
24 966
0 741
3 518
0 252
2 765
20 649
13 241
21 938
4 400
19 220
7 647
18 947
11 769
29 293
6 982
3 231
11 357
17 549
19 242
24 315
5 292
13 336
15 324
19 427
3 484
5 727
25 513
2 207
2 917
24 797
9 832
19 734
15 826
14 878
6 791
23 683
26 889
4 352
10 315
24 756
14 529
19 256
14 946
8 405
23 578
3 364
19 317
4 238
12 972
15 880
1 618
15 720
9 478
6 624
27 249
11 407
