500
15 913
15 234
13 358
10 710
19 287
27 472
26 763
11 737
8 864
13 513
2 242
14 554
10 449
3 562
3 494
21 570
16 768
19 509
27 518
6 491
0 723
13 402
25 917
16 389
19 756
18 459
28 752
3 867
21 673
15 953
5 804
8 856
6 457
9 468
8 924
18 274
22 827
5 602
23 801
0 847
0 543
14 754
21 300
19 571
13 289
23 872
20 287
13 284
2 892
7 887
6 805
4 726
5 906
29 512
17 381
29 388
25 470
6 477
17 931
1 694
0 949
15 324
19 493
19 311
15 272
0 572
1 360
18 570
4 527
12 703
0 475
14 773
22 389
9 533
17 451
15 621
1 598
27 477
8 570
17 674
9 285
2 985
24 885
19 689
9 985
9 443
11 411
14 834
10 576
6 236
15 925
2 497
7 780
17 735
29 611
11 597
11 852
16 310
11 674
20 443
15 714
13 248
10 434
28 529
21 754
17 311
29 981
6 936
12 268
17 950
9 523
7 290
26 978
20 529
29 284
2 973
2 757
11 831
10 203
14 735
0 517
17 459
13 739
6 676
7 770
3 675
4 382
7 848
16 498
25 699
23 697
11 701
24 874
28 921
7 570
7 274
26 776
27 415
16 452
5 785
13 416
9 919
13 208
19 892
29 636
28 932
4 830
8 722
23 222
17 612
25 481
9 339
21 733
16 596
15 778
27 262
27 393
24 945
0 798
8 844
21 558
25 357
2 570
29 718
21 452
19 319
8 344
18 293
11 768
21 342
18 222
29 724
8 793
12 785
8 354
22 565
15 217
10 454
28 634
10 456
16 568
14 899
20 339
27 795
10 655
16 419
6 626
21 936
4 540
2 793
6 651
0 879
8 583
22 200
1 466
2 539
14 335
27 327
3 501
5 872
18 695
26 333
16 739
9 578
25 825
17 418
10 370
15 590
18 429
4 887
22 560
9 317
25 781
24 745
13 280
16 462
22 976
25 322
15 933
16 387
3 280
16 676
29 346
4 803
15 762
5 212
20 488
5 447
3 553
29 761
11 461
2 644
29 790
20 443
7 954
12 671
16 509
7 916
9 772
0 512
13 775
3 877
25 887
7 352
27 931
12 883
22 793
29 837
13 921
24 526
2 483
17 415
2 615
0 336
24 721
3 851
22 475
24 377
25 803
12 219
17 899
21 255
19 588
19 400
22 333
7 449
16 398
10 816
25 773
25 485
6 584
16 560
11 502
23 985
11 691
2 850
27 459
22 946
11 270
0 304
2 863
11 918
24 896
21 660
15 874
1 365
15 967
19 673
29 894
23 756
16 967
0 492
29 776
9 902
10 414
4 302
8 450
18 434
18 628
26 868
27 884
29 327
1 878
11 550
19 602
24 255
2 276
20 991
18 239
3 835
5 904
2 951
4 519
12 391
11 910
13 930
28 451
20 914
18 658
6 830
4 730
22 599
1 201
22 213
19 365
9 687
14 304
24 284
28 906
1 270
4 351
12 745
16 567
12 398
1 801
15 935
25 786
10 292
9 456
22 302
10 632
29 927
6 894
12 307
22 200
16 489
4 563
24 709
15 301
16 289
18 981
6 731
16 688
28 683
17 836
4 724
10 498
19 228
15 986
10 303
13 975
26 615
3 907
15 819
9 402
3 456
25 537
29 863
2 399
21 576
8 281
1 743
3 436
21 474
8 291
10 861
11 575
22 331
29 955
17 905
21 402
2 906
5 348
24 547
20 908
8 880
16 535
11 306
3 596
12 452
16 953
27 957
10 645
21 315
12 471
11 229
5 454
27 919
16 697
21 443
22 517
12 878
23 812
26 976
7 297
9 838
24 794
11 734
25 239
29 392
13 487
11 928
25 782
8 556
12 941
4 328
4 425
20 672
24 473
7 384
15 321
17 551
11 922
12 293
21 784
0 622
19 516
8 331
29 314
7 832
15 527
28 356
2 548
10 939
14 683
4 687
15 398
16 425
10 835
25 780
20 268
13 442
11 600
1 241
27 521
27 863
22 923
9 600
25 843
18 973
4 506
10 303
4 293
29 936
3 454
19 282
4 655
16 390
26 286
20 512
22 493
15 665
29 433
26 700
8 838
14 697
3 916
10 301
23 345
23 478
29 779
13 762
27 438
0 536
13 692
12 970
27 510
27 357
22 562
18 533
29 711
22 404
29 793
13 724
1 556
0 706
22 824
1 986
10 624
16 806
29 446
22 420
19 478
9 242
13 589
4 886
24 598
23 747
20 331
2 314
