500
8 573
17 928
1 664
7 234
11 212
18 317
10 280
15 484
20 894
20 928
2 356
14 686
2 884
18 583
15 393
1 398
4 532
2 261
3 268
5 949
10 911
20 260
6 366
22 669
18 752
4 470
11 482
22 436
24 210
20 625
1 684
19 541
26 928
19 383
17 535
22 715
24 997
25 570
3 325
27 655
22 424
21 817
9 304
11 763
24 478
4 950
15 981
19 443
10 302
6 966
22 273
22 967
25 987
23 628
5 844
22 709
7 727
22 716
2 349
25 986
9 286
15 431
14 896
2 442
8 272
10 224
5 297
24 228
3 242
1 424
22 604
28 706
13 717
23 688
17 985
8 987
4 562
21 948
10 824
18 465
7 491
8 735
19 736
8 366
17 369
2 324
2 380
10 804
0 516
18 740
6 616
11 452
4 752
26 500
0 666
25 858
21 397
16 696
6 623
24 552
21 446
26 496
23 750
5 369
7 581
15 784
14 676
12 563
29 474
13 964
14 400
10 449
20 709
19 445
29 632
27 483
3 896
25 911
20 490
18 449
1 549
10 519
17 200
16 635
16 307
27 963
23 632
4 205
3 207
7 612
17 718
7 455
11 553
19 217
23 639
23 685
3 600
20 967
7 670
4 832
0 421
15 994
27 759
17 527
2 458
25 909
20 268
23 681
7 642
28 817
1 384
2 208
23 559
0 674
16 681
22 454
16 412
7 229
24 325
20 559
22 334
16 624
4 308
8 311
25 447
2 599
5 339
12 890
24 823
12 336
18 542
19 261
4 715
5 309
28 919
17 954
25 201
8 743
10 886
13 346
11 283
6 321
19 670
23 960
28 855
10 674
23 234
12 749
21 501
3 575
16 923
27 869
11 532
28 983
24 468
8 612
12 242
10 496
0 385
7 699
21 944
0 941
2 647
4 872
2 831
5 316
7 913
17 600
9 889
4 983
17 846
4 638
15 779
3 221
23 506
12 611
20 284
4 318
20 278
10 287
22 251
14 497
18 678
28 779
1 863
4 253
23 782
11 430
22 346
28 297
23 831
17 991
1 700
15 895
24 862
12 347
21 777
26 522
10 282
28 459
21 505
11 624
0 552
14 266
7 786
2 680
8 680
7 716
13 889
9 606
4 377
19 556
11 647
17 683
17 780
21 885
3 677
0 768
15 890
3 540
27 301
4 999
4 210
15 728
17 644
6 321
16 355
28 253
19 459
1 815
0 899
10 528
0 329
2 273
17 838
8 716
0 922
13 865
1 298
25 593
1 343
17 978
13 942
29 525
13 373
26 965
4 762
21 219
11 624
8 851
0 497
5 635
13 936
17 419
28 452
14 942
17 261
19 278
25 927
15 717
24 671
22 844
20 691
28 425
13 420
2 900
28 251
19 409
6 777
26 558
17 696
18 541
17 814
16 917
10 774
3 624
10 360
2 501
9 769
12 465
9 368
24 602
4 524
25 297
27 576
10 795
16 669
0 427
18 720
5 336
20 434
13 768
15 996
16 711
5 374
11 251
7 582
0 350
20 877
0 962
1 799
0 709
6 220
12 424
13 873
24 541
9 353
13 872
9 543
24 554
0 677
8 611
29 917
4 970
2 478
29 324
22 386
13 582
0 325
14 814
9 867
27 864
26 362
9 467
28 867
6 892
14 452
6 483
7 776
2 447
11 330
0 639
17 434
24 573
24 745
20 712
19 825
23 355
4 480
5 503
24 617
23 442
26 668
27 347
25 435
20 287
9 558
17 988
13 907
0 834
6 210
28 578
24 666
17 359
6 638
23 825
29 787
16 302
8 945
3 263
26 222
21 255
5 308
2 560
23 552
0 776
6 618
27 779
26 498
19 876
13 727
8 228
12 648
21 942
0 778
7 457
14 881
25 864
14 759
3 669
29 958
24 863
28 409
26 412
14 927
8 346
12 464
17 255
1 632
26 991
20 366
15 832
17 456
28 521
3 781
5 476
19 934
12 611
0 251
26 577
8 721
1 259
24 528
29 478
28 847
28 687
18 926
20 774
9 816
15 540
21 883
18 350
4 690
2 616
3 775
27 667
9 515
10 328
6 888
6 829
3 810
18 705
21 293
2 686
15 542
4 358
1 815
3 619
16 665
12 369
15 529
0 720
17 355
2 939
7 321
13 301
11 642
28 595
18 235
20 323
9 505
14 589
24 726
19 353
7 811
20 783
4 802
5 580
10 803
0 698
1 508
18 358
29 884
3 916
11 781
14 885
1 310
16 568
4 624
21 627
