500
8 944
11 232
15 805
6 568
21 447
4 306
20 256
17 595
26 985
15 894
22 697
24 462
25 315
24 621
21 862
28 343
23 690
16 343
24 714
16 329
11 323
25 976
0 475
19 371
13 810
27 900
7 350
2 954
18 451
2 241
24 610
24 823
18 915
9 378
29 355
15 742
13 820
17 432
13 839
16 571
19 874
29 717
6 842
18 670
0 598
20 200
25 880
14 665
3 943
10 811
26 500
14 483
2 496
3 519
6 670
16 725
16 941
28 630
24 959
28 491
20 776
18 832
25 631
10 455
3 708
0 596
28 683
2 660
15 922
6 702
18 808
11 409
8 457
8 373
14 486
24 394
14 410
29 919
8 396
10 946
21 248
13 438
0 616
4 433
29 269
9 336
14 739
17 300
16 743
13 850
2 391
21 942
14 341
20 954
16 962
5 305
16 603
8 452
10 363
13 263
2 225
7 484
5 542
4 389
10 300
2 232
4 724
11 325
26 623
7 992
3 468
11 498
21 613
5 694
23 905
20 502
16 759
26 310
23 353
25 954
24 600
19 758
0 508
18 554
15 667
27 381
20 687
29 800
27 248
18 838
15 727
12 435
29 519
27 362
21 291
28 703
15 516
26 404
29 290
6 711
20 534
9 577
22 959
25 916
23 268
5 698
15 277
5 1000
25 332
20 833
8 271
2 468
2 282
0 863
28 835
13 583
13 270
7 380
1 437
15 288
22 800
11 286
6 794
1 643
12 324
10 383
4 364
20 608
18 804
22 621
1 653
29 655
1 848
4 707
23 217
14 882
12 465
16 496
2 670
17 716
1 587
9 765
8 579
19 554
11 328
10 554
0 791
17 447
8 624
17 788
22 646
20 546
2 773
7 230
8 323
12 898
28 389
14 226
5 533
0 460
5 550
7 750
28 451
1 781
19 633
15 814
2 664
14 680
5 252
9 684
28 740
24 857
14 334
7 444
17 780
27 465
11 477
16 425
18 368
6 232
13 358
2 373
18 799
11 785
27 925
29 625
17 435
7 472
8 209
26 661
24 971
13 983
27 340
5 841
20 255
3 366
5 438
6 954
2 945
27 627
8 657
5 571
3 757
17 624
27 266
19 944
8 928
22 539
12 965
26 432
1 491
21 586
14 595
8 986
18 650
9 631
8 533
10 350
17 900
17 968
21 435
26 519
1 899
21 711
20 670
10 432
2 618
0 714
9 358
2 478
23 627
6 509
11 559
23 414
21 251
14 308
15 762
13 768
3 474
7 864
16 874
22 756
10 559
24 697
8 884
14 215
24 303
17 275
20 761
26 974
14 740
29 214
2 407
18 288
18 343
14 848
1 647
2 799
13 402
14 881
18 474
25 289
28 502
10 993
18 562
23 721
3 969
3 326
26 620
14 425
17 461
27 585
12 391
29 896
26 613
9 960
4 412
4 681
16 714
10 206
28 301
20 812
22 402
16 246
1 382
1 896
11 274
25 895
25 572
6 524
18 425
2 991
27 576
1 741
24 907
11 725
2 430
24 922
7 376
10 328
14 676
26 870
23 788
8 646
4 629
0 471
10 233
2 677
15 542
14 208
21 703
23 310
28 513
24 419
25 214
10 656
6 503
25 629
24 601
8 419
4 385
13 525
7 358
23 271
25 439
20 648
12 602
7 859
21 512
10 784
10 842
3 523
24 541
6 667
6 250
9 555
11 413
17 217
10 530
10 865
6 346
16 594
13 921
14 929
14 990
6 497
24 313
6 526
13 675
28 707
26 771
23 974
18 380
7 609
4 779
6 658
17 468
9 722
13 287
3 932
3 228
25 663
12 624
0 229
15 635
20 321
4 514
17 414
4 935
24 683
2 304
4 843
7 298
20 503
21 237
28 883
20 632
0 493
3 684
0 969
28 609
27 808
21 287
12 715
8 525
12 768
18 967
26 679
10 571
12 686
11 807
29 686
15 431
24 845
23 682
15 460
15 657
9 893
29 693
26 924
2 825
1 356
20 623
8 390
0 907
5 600
7 906
7 1000
10 227
29 769
8 227
0 395
11 825
7 624
19 535
8 277
11 476
8 802
16 340
9 525
10 465
19 955
1 710
26 954
21 669
20 574
21 842
26 746
14 412
5 732
23 223
10 564
22 371
17 778
23 588
29 847
7 474
14 941
21 502
21 942
19 608
27 702
26 962
12 374
6 724
1 588
1 487
25 257
8 567
26 216
25 774
22 878
7 739
6 547
25 332
0 853
14 904
9 279
22 592
24 384
