500
26 378
11 993
21 721
4 632
21 664
28 369
8 351
19 255
0 638
18 590
29 220
25 367
10 621
11 876
14 739
7 742
27 554
17 439
3 497
3 606
21 475
23 289
27 876
8 657
2 369
22 301
24 645
14 527
23 851
27 520
6 662
3 404
14 897
3 280
12 608
14 691
27 896
26 242
10 642
29 949
4 836
27 635
20 262
11 558
16 327
3 618
13 395
23 420
24 235
4 719
10 981
16 469
13 854
16 902
15 222
11 766
29 796
16 301
21 391
8 314
9 688
9 233
27 411
16 438
22 756
23 947
29 299
4 445
15 884
12 206
9 494
6 734
4 476
20 570
14 774
13 789
3 878
9 751
9 461
20 534
15 437
14 839
3 674
11 912
3 983
10 212
19 981
0 249
21 853
10 454
5 248
8 526
9 596
27 983
4 313
6 888
10 599
1 513
23 931
4 857
26 671
3 630
3 772
3 868
8 782
27 720
12 752
14 750
7 704
15 825
29 421
25 659
17 529
26 354
27 563
21 559
1 903
10 687
17 644
12 362
26 625
20 448
1 449
13 486
23 867
21 893
14 210
21 968
10 295
2 344
28 724
29 738
25 630
6 678
25 437
28 835
14 715
1 542
20 939
21 367
15 476
17 959
14 951
5 342
7 295
6 555
6 564
6 973
5 841
21 231
6 683
23 548
1 283
10 506
12 930
22 686
20 963
3 227
19 279
9 587
4 912
15 702
12 226
19 815
28 541
13 352
22 671
28 440
2 220
15 684
7 263
20 315
24 374
17 355
13 728
14 222
11 925
1 645
28 627
2 647
25 331
12 401
0 516
1 413
17 528
7 481
12 463
9 320
11 752
26 248
1 260
29 301
22 636
22 250
20 424
15 686
14 597
10 383
14 739
16 500
24 623
29 536
18 319
2 278
20 541
6 976
27 481
16 995
14 332
21 689
22 355
5 942
26 902
20 566
24 722
0 939
29 770
22 978
17 970
12 994
10 688
6 391
15 803
28 459
28 774
17 545
15 275
8 915
29 730
13 800
11 381
15 769
16 295
26 429
27 341
29 767
15 971
18 531
6 456
3 726
25 934
4 968
11 590
0 987
22 433
12 498
16 450
26 715
24 927
19 913
27 551
21 281
2 787
4 797
15 529
10 674
24 396
29 781
27 571
17 601
8 751
14 430
10 689
6 579
28 798
7 266
9 636
7 957
22 624
25 304
6 578
25 746
13 727
28 480
29 365
8 514
5 535
24 673
5 725
26 701
1 443
9 491
17 433
0 363
15 309
7 834
3 970
0 455
8 732
11 755
10 724
24 208
8 466
8 546
3 948
13 576
18 295
12 522
17 306
24 277
12 212
26 625
1 370
16 729
18 875
25 406
22 373
25 798
18 867
26 323
11 455
13 320
5 653
27 288
25 437
8 459
16 689
25 649
1 745
7 800
1 800
11 863
20 860
19 845
15 998
20 969
18 724
11 509
18 293
3 591
11 878
24 722
15 772
1 917
21 980
29 277
6 805
3 606
17 478
24 418
1 532
18 569
29 744
21 640
29 790
26 314
4 943
7 206
22 845
8 752
10 880
17 353
11 278
3 573
28 322
7 736
9 438
5 568
3 706
22 318
28 777
7 405
5 971
17 517
4 601
7 425
11 482
26 805
11 830
27 428
6 785
19 270
12 452
4 255
15 351
8 240
17 427
7 746
18 764
25 571
24 556
6 335
22 702
23 416
11 486
29 631
22 472
5 818
13 235
28 500
29 896
21 377
20 484
13 738
15 535
29 429
3 951
7 278
4 848
18 513
3 348
23 940
16 761
11 592
28 985
13 754
2 795
8 718
6 457
19 649
5 493
15 778
10 524
11 979
15 640
15 512
23 261
13 522
13 915
4 620
16 539
23 378
16 610
13 248
9 575
20 874
21 891
28 646
14 417
29 341
4 706
19 371
27 643
21 267
12 911
2 204
3 232
5 731
17 325
5 794
14 872
27 966
21 302
6 758
16 806
26 983
24 755
3 575
8 796
5 248
25 495
9 557
26 627
6 776
2 382
5 297
4 228
19 238
7 263
26 666
9 496
13 820
27 419
24 259
10 497
29 899
18 275
21 864
7 771
25 213
1 235
1 267
14 398
26 650
9 221
19 563
19 615
13 887
7 877
14 247
17 470
10 246
25 866
24 611
27 916
20 308
29 730
12 806
4 543
5 550
24 676
3 443
21 556
26 440
24 893
4 327
18 445
8 439
9 471
3 956
