500
18 733
11 919
14 485
18 518
6 575
26 718
3 539
20 723
17 924
20 508
5 592
16 413
22 878
27 575
23 406
21 941
25 270
12 834
14 951
1 613
24 792
0 453
29 648
20 547
6 614
22 790
0 530
29 640
20 575
25 730
17 456
7 295
26 253
2 866
17 617
2 684
28 824
24 581
23 721
1 452
6 391
3 495
19 876
0 918
11 342
13 569
16 632
13 524
18 981
18 344
1 856
19 352
15 955
1 933
0 936
28 669
10 695
19 694
15 572
18 846
23 227
19 451
16 666
29 522
5 650
13 646
27 470
14 877
24 201
4 996
6 816
0 882
9 954
27 787
3 447
18 714
12 205
4 938
12 477
21 400
1 594
13 901
6 206
11 740
20 795
25 332
26 400
29 910
0 276
8 974
20 711
13 402
1 684
28 651
2 496
24 378
3 707
10 525
17 710
27 589
7 300
19 738
12 369
20 769
20 500
8 773
15 482
11 569
2 573
3 824
6 509
20 879
19 941
20 614
2 406
20 401
26 759
16 355
19 858
27 953
19 463
27 377
11 476
27 671
2 200
19 408
28 631
29 703
9 249
24 569
12 613
26 702
22 654
1 211
18 608
2 301
18 405
1 621
21 215
1 549
13 310
21 826
3 263
9 465
24 298
26 230
24 305
25 757
10 594
26 569
0 347
4 987
13 481
14 801
6 389
29 465
2 302
1 688
12 858
13 503
3 569
15 726
4 405
15 311
27 750
12 541
29 374
6 434
19 378
3 204
6 946
28 432
22 961
16 881
18 262
12 254
18 336
29 449
20 862
9 370
24 846
27 454
13 452
26 998
0 326
8 778
7 229
21 772
29 970
22 240
12 903
24 357
12 772
19 265
0 273
26 293
27 991
23 941
12 297
9 238
24 640
11 546
10 667
13 371
22 866
15 586
12 850
26 922
9 933
14 639
16 777
29 677
24 322
14 735
8 791
24 847
25 203
10 749
20 241
25 366
0 893
16 893
22 839
6 907
8 226
5 867
27 415
23 750
17 599
8 321
3 717
0 209
22 412
21 964
21 623
17 999
0 908
21 846
25 416
7 798
15 775
6 273
13 925
16 308
12 345
16 322
1 465
9 608
10 600
3 492
28 424
8 966
1 878
11 983
25 825
1 472
16 577
9 306
20 646
20 678
10 535
21 591
0 818
7 918
0 318
17 470
17 510
28 879
14 326
1 354
24 748
28 616
26 883
7 925
9 959
21 939
17 714
0 974
9 513
26 804
9 833
14 397
27 945
6 360
19 248
11 579
24 791
25 660
11 864
8 978
10 355
7 800
4 823
13 776
11 903
27 474
5 645
19 690
5 749
13 788
1 585
20 780
15 490
1 391
13 822
8 942
27 549
24 451
20 801
13 455
4 705
25 949
8 529
17 614
26 392
11 632
6 679
18 370
12 659
1 334
13 877
0 299
25 829
12 937
4 956
10 255
11 263
7 232
9 827
25 615
24 215
16 966
3 653
14 665
28 547
27 713
12 605
5 442
11 282
23 219
21 622
25 485
17 875
22 364
7 823
9 486
0 403
13 978
21 391
16 347
0 575
24 644
17 279
26 790
13 734
16 480
7 292
21 595
26 843
11 587
15 642
20 783
29 326
4 325
28 272
28 464
29 980
19 314
22 614
29 508
7 788
9 732
28 639
26 796
3 805
26 224
18 597
0 334
2 735
23 769
25 782
1 613
2 355
12 918
20 858
19 572
17 603
1 248
24 841
6 420
12 960
29 751
11 575
7 928
12 828
3 629
21 615
5 251
14 635
15 836
19 545
15 998
14 228
25 492
0 584
0 627
14 352
9 761
11 868
27 880
25 504
6 800
29 894
3 659
22 609
15 525
9 950
18 565
9 507
3 287
16 662
26 556
0 309
0 803
28 633
1 350
28 477
12 581
2 522
1 478
26 491
11 776
7 344
24 516
22 808
18 670
17 945
25 468
8 291
13 465
3 411
17 343
21 446
3 214
5 678
19 316
8 337
27 833
3 205
7 867
18 713
9 763
21 545
25 678
6 466
7 248
17 690
15 774
22 288
10 273
2 826
25 853
1 490
17 530
5 601
23 887
13 638
21 800
19 225
3 681
23 560
16 697
17 904
29 283
2 374
22 892
25 692
3 376
17 502
6 920
23 471
25 226
13 329
23 271
26 748
7 205
4 583
18 702
7 215
3 985
6 646
14 389
28 814
19 459
17 434
13 850
21 681
29 694
14 258
4 858
