500
10 333
5 712
24 448
15 332
26 348
7 999
21 390
16 665
21 481
27 274
10 943
22 496
25 415
9 806
25 959
26 725
12 552
25 661
21 992
16 604
5 872
12 990
9 288
6 903
23 478
6 362
29 716
10 672
18 970
6 581
20 701
24 652
12 237
19 645
2 565
15 504
4 443
24 945
11 557
22 285
28 937
16 419
7 632
25 393
9 453
26 673
28 607
5 487
26 949
9 638
28 498
13 848
2 337
12 658
27 388
12 853
27 870
25 400
24 209
28 358
18 425
6 524
26 237
10 978
9 337
27 391
22 656
6 802
3 398
8 916
10 871
23 763
18 814
22 967
27 718
24 980
28 964
3 301
11 598
23 583
4 735
8 760
0 938
18 641
29 782
11 609
4 817
13 371
12 891
29 593
13 538
4 564
10 792
17 645
8 974
20 274
11 385
28 926
29 298
13 213
19 387
11 564
19 753
23 525
20 600
1 222
5 361
24 535
24 467
8 601
25 317
25 712
22 291
0 316
18 499
11 952
14 987
15 503
25 677
24 799
13 308
27 979
28 576
11 564
6 785
9 368
25 461
17 492
11 703
24 341
11 834
27 259
0 555
9 219
24 875
8 802
1 501
7 659
11 747
0 382
25 528
13 884
9 892
27 302
7 807
25 824
8 814
2 882
9 331
22 223
21 686
0 433
29 447
5 335
29 559
12 666
8 651
5 927
17 543
27 947
27 210
4 641
19 685
4 939
27 849
7 343
5 257
2 818
17 534
12 885
6 335
22 512
8 822
8 607
15 892
4 932
11 338
20 874
11 793
24 644
19 671
9 530
28 561
13 315
18 692
12 539
20 247
8 784
28 694
19 396
28 794
28 407
19 827
28 388
7 995
0 452
14 632
29 457
23 264
28 434
23 941
26 796
3 704
23 204
0 349
2 535
1 782
6 931
5 722
23 241
8 413
0 993
20 934
16 603
8 958
9 516
27 327
25 856
24 979
20 964
17 633
2 724
4 236
16 704
10 852
21 834
18 606
14 715
8 302
11 989
24 998
22 523
17 241
11 545
20 499
10 985
4 374
11 393
19 389
3 635
11 677
16 368
18 353
13 435
12 768
8 965
14 364
11 260
16 332
27 215
2 800
16 798
18 928
28 650
19 910
14 699
24 291
27 871
17 274
12 863
14 859
14 773
28 513
4 316
14 553
9 237
20 790
27 763
19 498
2 566
0 619
1 581
1 958
25 833
2 275
8 573
14 468
5 220
23 674
14 451
29 589
7 204
8 392
12 433
15 959
8 651
6 723
17 394
14 860
21 374
21 366
18 441
3 527
17 331
10 203
17 869
8 752
10 360
15 548
5 277
10 961
6 369
18 368
18 326
17 791
18 438
0 740
10 241
8 418
29 662
17 912
20 673
27 859
24 582
13 380
3 770
4 667
15 765
15 888
20 460
6 809
9 369
18 897
8 304
24 332
20 277
5 510
14 797
13 266
16 599
12 922
7 710
16 366
21 372
22 892
18 896
12 674
27 208
25 889
13 781
28 468
27 626
10 658
18 860
13 969
3 258
6 721
19 958
27 876
20 372
8 687
23 642
22 608
21 672
2 222
24 899
7 279
3 541
5 929
11 584
7 838
9 770
15 506
28 665
1 691
20 530
17 561
25 278
15 684
19 288
2 734
25 507
17 873
11 598
15 243
27 922
18 395
0 947
11 783
25 958
22 592
14 443
2 880
15 987
26 269
0 271
22 548
24 958
14 433
10 504
16 817
9 251
16 987
8 807
12 986
13 443
6 686
0 904
4 702
7 610
26 731
26 827
25 621
2 441
12 428
10 914
1 356
22 966
26 665
4 742
3 372
20 452
22 557
16 267
3 631
5 806
14 541
2 779
21 679
29 950
24 569
4 501
15 565
2 221
12 959
13 946
12 652
21 604
17 668
27 689
3 825
4 705
10 512
2 977
18 565
21 540
6 279
25 203
5 920
20 580
22 466
17 319
26 605
24 864
21 900
2 952
23 359
7 731
27 603
12 277
25 821
13 443
24 683
10 640
20 542
21 801
2 617
8 298
0 476
7 709
13 694
8 866
2 770
1 437
25 707
6 960
10 271
3 403
23 428
10 627
28 340
14 584
21 859
8 913
7 778
1 211
25 968
5 613
29 882
24 877
21 739
10 449
3 452
1 466
11 510
23 611
1 783
21 772
17 349
19 777
27 315
16 255
19 831
15 587
3 499
6 862
9 932
8 261
15 948
8 571
