500
5 235
17 453
6 819
11 560
22 829
12 217
28 459
4 1000
13 650
24 336
28 661
29 527
6 306
18 525
14 384
15 890
8 213
13 878
22 535
13 914
22 528
7 241
24 282
12 551
26 909
2 533
21 990
20 259
20 226
1 858
28 341
20 309
23 755
13 1000
25 529
26 900
23 773
5 293
16 322
11 981
17 466
18 353
19 296
8 593
0 842
28 526
11 598
15 798
21 847
28 918
0 348
9 650
3 212
9 520
10 300
16 353
19 832
8 920
21 800
27 241
14 346
22 826
24 226
26 861
7 690
0 432
12 804
26 614
4 681
1 945
19 250
14 978
9 361
18 897
0 834
11 625
4 283
19 270
10 701
14 998
8 732
29 704
11 681
12 832
4 796
6 994
5 622
17 825
20 735
3 322
15 635
2 573
17 612
29 764
22 970
9 789
4 853
3 277
19 353
3 588
25 832
7 791
25 741
26 232
7 720
21 422
18 911
17 637
22 923
2 909
28 265
3 709
20 975
18 626
6 454
27 287
7 504
18 326
28 680
24 445
17 745
2 520
16 819
1 451
10 882
16 894
0 453
19 903
10 247
12 455
22 623
12 637
3 727
10 686
25 845
15 225
8 230
24 799
0 880
9 608
14 451
19 960
12 495
1 443
0 896
1 429
21 554
21 909
20 961
26 649
25 796
22 430
19 256
2 582
19 831
25 855
24 939
20 568
8 309
0 484
17 574
17 305
22 613
11 504
23 378
1 887
22 653
19 838
8 715
9 404
20 464
3 848
25 990
4 907
4 966
24 538
21 366
2 599
17 544
17 658
29 978
20 893
25 855
21 637
29 634
5 815
28 845
26 846
9 566
24 398
13 701
24 629
26 265
0 380
26 931
21 709
10 378
12 205
26 629
19 543
7 735
12 574
26 311
3 540
10 675
17 307
3 471
2 772
23 519
24 531
14 744
8 615
25 597
13 754
3 783
22 472
12 534
13 544
11 684
19 323
20 719
4 383
6 518
22 651
17 432
18 910
27 581
3 602
6 836
17 490
25 290
11 669
17 885
19 484
0 891
6 239
25 670
26 466
2 517
11 880
21 894
7 215
13 746
10 783
21 339
24 445
11 731
21 315
1 844
2 712
29 689
19 713
6 868
20 240
23 586
22 417
23 984
19 994
3 609
9 550
23 293
14 591
0 336
16 477
17 873
23 569
28 626
0 342
16 472
7 443
10 763
16 586
2 859
7 332
23 291
7 772
23 508
6 431
2 360
28 541
5 627
10 696
9 268
29 575
11 235
24 893
1 376
8 708
21 378
12 881
1 389
25 449
7 245
22 592
28 861
6 583
24 848
0 343
22 646
28 486
29 284
16 834
11 911
29 444
13 278
10 699
16 544
23 437
14 528
22 424
22 321
24 507
29 760
6 520
9 380
14 961
4 496
29 334
17 997
10 225
22 244
0 237
13 284
8 972
7 720
2 410
7 520
23 521
13 297
16 343
9 416
21 953
21 485
4 717
17 842
10 918
19 261
1 960
3 645
5 837
26 343
21 431
17 614
28 541
11 858
27 698
3 773
6 713
24 867
6 937
7 308
15 896
3 250
18 814
7 541
7 803
12 302
27 538
29 922
8 964
24 238
16 889
28 800
0 938
26 975
13 547
4 394
22 772
7 927
25 611
20 339
28 871
13 938
25 567
13 355
15 726
14 671
3 908
12 307
15 573
0 701
10 234
18 259
29 525
27 661
22 672
23 771
14 748
25 330
14 870
8 722
3 604
27 742
1 375
3 323
20 672
7 902
26 519
10 722
16 961
22 874
23 766
10 357
29 897
10 788
11 627
13 506
3 839
3 994
5 203
7 872
1 627
27 660
24 835
22 299
11 311
17 603
12 760
2 525
16 511
3 816
2 613
20 547
17 763
12 791
24 433
23 507
2 831
23 250
25 422
15 991
17 946
0 248
12 291
24 922
13 351
9 720
15 895
0 525
23 489
23 490
2 216
14 543
7 336
5 594
0 222
28 773
24 957
12 311
26 871
7 733
1 423
20 714
18 369
7 638
5 905
26 630
17 787
27 218
22 334
23 348
27 605
15 929
22 627
2 820
28 741
11 564
6 722
26 785
28 342
14 501
0 923
1 304
11 591
28 876
19 584
28 200
21 411
5 439
17 475
17 979
22 966
22 547
27 929
17 677
1 793
6 661
13 269
12 306
0 850
2 985
28 813
10 555
4 217
2 982
13 948
4 270
8 368
13 382
15 894
