500
7 909
8 225
7 567
7 738
16 517
5 482
11 439
9 553
23 860
12 636
17 697
17 249
25 949
9 528
27 870
17 292
9 998
23 541
3 292
10 776
5 561
21 774
12 381
13 396
20 331
1 654
12 223
0 796
5 721
9 659
8 629
0 520
27 536
21 948
25 949
7 427
2 356
22 449
3 376
15 412
25 876
12 471
16 869
12 663
18 918
28 901
6 825
14 506
10 842
23 717
4 597
25 723
24 523
13 356
3 372
6 896
2 703
22 812
0 510
11 570
16 463
16 983
13 235
11 964
0 820
2 767
10 207
1 458
12 329
12 385
7 346
5 242
22 379
26 275
27 639
24 855
2 383
10 849
8 505
10 439
18 802
21 526
16 372
8 924
27 729
28 544
2 531
13 460
5 845
3 425
25 375
13 355
16 203
14 281
29 743
17 773
23 822
5 644
5 639
18 541
18 259
11 631
16 998
15 970
24 755
1 410
10 804
4 925
4 618
16 899
13 952
27 248
12 650
20 243
19 783
13 430
8 455
2 610
28 496
14 731
10 610
2 959
21 1000
18 781
3 696
22 459
15 701
2 410
0 560
3 756
1 525
23 344
5 457
23 652
15 560
9 693
3 378
0 326
3 983
0 917
27 357
1 784
5 526
5 686
6 829
18 422
5 568
27 238
18 599
11 968
1 970
15 839
4 297
10 298
11 865
2 985
2 362
25 975
1 907
10 497
29 812
29 939
20 931
1 863
14 426
21 849
18 325
5 268
7 471
13 854
21 864
13 216
15 364
6 960
24 687
26 345
0 387
20 874
20 762
19 571
6 313
15 817
10 425
9 812
12 585
20 943
7 552
0 757
20 973
27 383
16 683
24 859
7 861
8 932
4 605
5 367
21 928
7 720
7 969
21 250
5 310
23 373
14 266
13 436
3 237
13 306
18 511
29 295
1 923
5 803
13 291
1 489
22 640
23 611
27 814
29 329
10 843
17 277
0 453
12 733
9 852
0 523
17 859
18 580
23 443
24 374
27 291
14 747
16 260
17 532
27 564
17 567
28 422
18 522
6 878
5 321
28 631
3 518
5 211
12 976
24 556
16 493
1 916
24 956
26 322
0 538
15 771
15 351
9 329
4 782
25 712
11 292
15 983
26 936
22 315
22 480
7 230
6 809
23 742
26 858
10 399
25 617
25 212
27 490
7 957
15 326
10 415
22 399
11 458
23 328
22 961
4 499
9 518
25 660
2 347
27 809
22 823
29 474
10 501
23 707
10 325
1 982
3 481
7 595
6 531
9 951
18 467
6 239
26 828
7 223
4 419
5 803
13 873
0 801
27 401
8 655
23 822
9 806
1 503
18 974
6 298
28 294
18 695
8 862
29 451
10 817
24 638
11 508
28 971
25 892
23 656
11 750
25 724
23 671
2 387
24 514
13 940
23 806
27 857
0 224
22 531
13 268
20 449
6 418
1 321
22 714
14 754
25 965
24 397
29 577
3 880
14 466
24 236
28 338
16 211
18 412
0 805
10 891
1 460
24 431
17 930
0 542
8 585
15 416
24 596
0 306
18 814
10 733
19 337
8 715
17 620
21 541
11 778
23 392
15 736
19 585
12 816
21 494
8 547
3 975
6 348
16 668
2 720
0 909
8 868
8 295
12 942
3 500
16 891
28 703
10 503
13 316
29 484
10 250
10 422
0 266
28 302
16 488
23 217
9 556
13 774
28 488
2 591
14 354
29 680
10 917
8 232
22 611
5 283
25 250
26 274
7 861
7 700
14 407
0 512
18 205
14 419
13 505
4 365
0 267
16 974
28 493
6 712
13 468
6 977
23 977
10 391
24 557
24 990
25 565
8 286
13 474
11 982
10 475
22 794
11 647
10 988
0 371
28 612
10 960
4 344
18 429
22 610
24 920
18 257
8 472
20 252
10 227
1 934
24 750
18 294
18 979
1 425
17 214
27 424
13 982
1 224
1 751
4 668
8 475
17 548
23 852
18 402
2 912
16 704
23 252
5 843
24 435
25 476
3 310
23 960
27 565
15 349
23 800
18 488
14 724
27 987
28 203
29 537
4 438
15 200
14 237
1 299
3 903
6 343
25 231
12 589
13 544
1 379
20 385
18 429
22 367
16 587
20 717
7 205
14 258
16 540
1 412
4 882
1 348
4 966
14 904
21 620
10 800
21 403
0 460
2 209
10 754
3 686
28 839
19 625
3 645
14 263
5 822
3 459
19 680
29 410
21 565
4 569
5 590
