500
11 837
28 466
10 743
19 832
18 995
22 962
24 270
28 258
1 337
19 289
10 877
18 922
2 735
0 762
26 654
3 862
23 246
11 847
19 350
26 979
6 273
16 562
0 722
1 280
3 639
12 737
17 775
25 910
16 399
25 557
24 755
29 448
18 634
20 204
4 745
15 462
2 830
27 834
26 648
1 400
28 576
16 465
16 607
5 311
29 428
20 272
0 215
7 444
1 411
15 818
23 503
18 778
23 551
6 818
1 739
6 548
16 805
24 646
12 857
24 793
21 526
5 476
26 862
11 408
25 241
11 409
1 606
18 646
3 729
11 966
12 211
27 512
24 618
1 251
7 967
27 361
13 428
14 248
22 597
15 656
17 473
29 450
28 874
2 782
20 355
1 207
25 873
16 526
1 272
0 599
8 569
23 819
3 755
7 944
10 941
10 227
7 918
2 691
17 336
15 558
19 632
9 222
0 208
14 953
21 736
17 283
15 377
15 654
16 904
21 468
12 394
3 702
27 269
25 379
12 416
0 688
9 687
27 677
15 873
5 256
25 745
7 928
7 491
17 675
6 354
3 498
25 437
18 274
1 970
6 869
18 336
25 354
6 652
13 419
10 210
27 340
20 766
5 239
25 847
6 676
22 562
16 717
15 937
24 565
28 838
12 287
3 509
7 674
11 293
23 358
25 772
5 497
5 989
3 344
8 264
10 884
22 740
25 584
0 543
21 619
6 201
16 558
5 322
19 683
18 923
14 868
6 639
10 571
20 769
26 325
24 828
2 758
20 479
23 725
24 707
13 813
13 882
4 515
6 614
3 286
13 228
26 239
13 628
3 769
15 657
4 828
2 745
20 343
14 651
15 530
1 243
4 540
7 344
18 503
18 889
18 685
4 700
11 654
5 992
25 743
24 504
8 871
25 900
10 577
29 302
1 519
6 881
27 922
15 446
21 939
15 715
0 942
28 880
4 682
14 821
22 923
29 692
27 777
8 878
27 235
28 390
27 909
26 917
20 713
16 813
16 861
5 844
3 966
19 727
11 255
9 650
25 380
18 706
5 594
17 224
25 886
21 510
9 890
0 831
22 731
23 669
6 286
23 616
9 456
5 757
21 295
21 710
7 819
0 984
4 247
5 993
5 552
20 711
21 416
11 467
21 894
25 461
25 407
15 621
7 569
23 859
23 334
7 571
21 819
8 619
4 460
16 482
11 752
12 948
2 289
29 913
8 454
20 403
5 781
10 789
7 930
4 590
14 412
10 676
8 840
23 391
23 625
11 913
12 497
2 993
1 726
3 890
24 261
15 905
1 348
29 747
9 899
2 437
23 953
27 629
13 881
27 985
0 500
26 981
23 289
12 828
21 550
12 523
19 467
14 718
24 701
11 572
16 924
13 810
29 549
1 855
29 354
15 204
24 553
29 230
29 637
3 989
27 700
5 643
17 370
2 955
0 318
26 431
16 346
6 607
6 303
19 461
21 326
2 274
1 519
21 399
23 542
6 674
1 400
2 385
15 441
15 202
15 910
15 532
19 931
10 396
18 562
18 824
1 805
16 992
12 451
8 993
29 760
22 437
12 454
11 625
21 395
24 443
27 654
24 642
11 569
25 882
25 930
29 494
17 336
11 675
23 487
0 908
9 636
11 686
7 753
22 556
16 714
16 580
26 236
19 866
29 383
3 881
15 433
25 793
12 762
10 305
16 751
15 820
20 786
25 445
22 871
28 335
19 331
26 697
23 405
8 590
11 726
3 584
2 357
25 326
29 580
28 905
18 741
20 475
27 206
2 681
16 845
6 555
12 563
24 464
14 833
1 999
21 483
8 998
21 823
12 403
16 981
9 255
20 430
27 203
4 362
15 503
25 640
26 744
14 928
16 910
6 475
29 220
17 801
19 932
18 568
24 964
29 618
17 597
5 855
12 702
13 620
7 546
9 951
27 564
23 646
28 825
24 902
18 924
2 425
4 894
3 355
6 713
28 731
3 866
6 769
2 977
22 340
5 638
14 214
10 494
27 731
0 252
11 694
19 937
15 540
14 774
25 902
17 606
11 402
11 416
7 312
18 795
22 992
26 411
8 312
21 325
24 360
13 846
9 909
15 478
0 921
28 531
27 807
19 938
26 586
29 813
23 333
19 540
19 534
22 732
7 263
11 794
21 545
19 750
2 610
23 398
19 669
20 364
0 451
3 713
16 925
14 551
7 357
18 377
9 937
13 807
0 872
20 446
0 797
26 860
28 619
22 705
20 450
