500
27 592
10 384
13 316
25 423
16 355
3 252
4 847
10 270
22 705
15 356
9 373
26 722
25 216
24 538
4 840
0 783
23 574
0 877
25 825
13 935
17 442
2 356
15 725
8 446
5 842
18 500
9 232
16 289
6 786
3 421
16 771
26 901
10 699
8 543
16 761
13 259
0 505
17 521
11 388
18 244
24 319
7 310
5 553
4 794
8 477
20 462
11 365
2 524
28 618
6 292
27 908
26 673
29 973
20 599
4 747
28 713
9 467
1 888
8 663
26 401
8 210
28 200
11 598
28 934
7 672
19 996
22 346
10 674
12 516
15 201
20 541
10 773
15 925
14 882
28 795
19 710
27 781
27 849
0 895
24 424
24 436
12 274
4 326
23 412
11 769
14 323
24 224
1 219
17 791
27 672
18 446
22 502
27 478
25 553
22 648
7 427
11 514
23 707
7 907
7 645
0 400
2 714
24 750
7 330
17 906
25 812
13 310
21 534
25 656
17 822
23 858
16 542
26 524
3 690
10 815
29 324
14 818
11 453
29 991
12 420
7 330
4 362
27 987
0 870
20 690
1 435
6 704
28 329
7 213
19 535
15 984
16 335
21 443
23 541
0 897
15 943
15 868
24 409
14 790
8 911
16 906
2 654
23 557
10 527
0 972
7 698
17 584
10 657
22 829
9 595
9 873
9 930
1 675
2 353
6 980
5 837
4 416
2 546
15 484
8 496
2 694
0 472
27 486
17 995
3 735
11 723
11 202
14 537
21 760
6 732
21 518
20 434
25 511
1 857
0 207
12 657
20 472
17 674
7 575
13 371
12 601
3 816
16 793
11 599
22 847
14 927
8 679
7 715
1 797
0 411
14 370
14 207
17 489
20 218
1 427
19 773
9 218
26 909
29 532
24 559
23 264
12 549
21 761
26 464
5 652
19 842
19 612
20 916
15 682
8 789
2 450
24 450
9 888
29 625
12 337
27 870
25 684
17 947
29 891
0 282
8 645
20 636
22 899
10 233
6 670
12 811
20 248
14 411
25 645
6 397
14 431
24 303
20 382
25 923
14 437
10 967
3 373
19 764
16 833
17 491
19 939
26 698
12 740
18 531
8 307
5 633
7 766
10 815
1 494
29 810
3 549
8 620
15 446
0 354
11 286
18 359
3 212
1 304
12 960
23 476
15 943
20 454
13 202
18 768
11 522
23 224
19 574
7 766
27 801
5 957
11 654
25 298
24 518
2 289
21 922
7 217
10 904
2 595
9 709
7 836
22 557
2 820
6 390
7 281
26 426
7 946
9 767
18 209
17 514
29 631
22 260
13 242
10 985
19 707
18 211
12 766
13 925
18 698
29 693
12 276
20 669
7 265
27 436
25 746
3 418
29 509
4 544
6 760
1 677
15 876
19 366
2 868
8 812
16 407
5 905
25 314
0 574
2 644
9 367
16 251
9 548
29 302
10 498
21 344
1 854
9 793
20 659
0 781
15 503
4 512
4 673
10 302
17 525
6 909
22 268
24 424
20 606
25 764
5 486
11 509
2 361
29 299
24 224
9 499
27 694
20 810
6 696
8 850
3 710
23 390
16 277
0 530
3 755
14 706
4 679
28 562
12 752
21 821
22 438
26 262
2 733
0 468
3 868
21 988
27 313
1 599
18 337
8 826
23 566
9 834
27 532
3 595
19 305
10 907
29 526
18 317
29 563
2 769
18 846
9 746
8 703
21 605
10 301
25 541
16 642
10 753
19 927
7 450
23 430
14 683
4 488
19 955
17 910
5 943
8 674
18 889
14 705
22 303
16 570
20 228
25 299
13 622
2 455
14 857
8 729
26 444
25 426
23 873
29 508
14 810
17 711
11 687
18 781
11 855
19 629
14 750
22 323
11 711
19 641
12 464
9 520
22 307
14 872
6 269
2 516
11 374
10 722
15 201
3 447
7 675
17 482
11 463
12 419
29 720
0 958
0 575
24 888
28 690
22 351
9 604
18 770
22 274
5 850
7 294
26 809
6 928
1 442
9 696
25 625
5 934
7 912
23 551
23 863
13 732
29 368
8 329
24 856
23 403
10 329
1 721
4 297
8 850
9 603
21 748
5 270
14 300
8 504
20 432
17 364
15 210
28 355
0 521
16 933
10 410
5 669
26 290
11 778
2 938
18 756
7 935
9 680
17 472
9 696
2 585
15 715
12 834
11 475
24 589
28 774
10 430
0 789
3 966
22 815
21 357
10 987
23 318
27 480
8 308
3 436
20 976
