500
27 688
6 648
11 951
8 212
3 542
8 258
26 781
6 998
24 535
11 439
1 760
25 382
0 277
25 803
22 463
26 402
17 420
23 623
16 937
20 286
24 568
20 973
17 483
0 499
7 379
29 214
3 412
10 600
2 270
25 666
4 752
12 582
21 551
8 589
2 404
29 703
6 344
11 898
17 212
13 475
4 920
26 222
19 246
3 393
13 469
1 570
24 660
28 743
29 459
18 887
7 253
15 958
2 873
21 737
13 399
26 889
10 620
15 969
27 843
13 763
0 939
18 796
8 504
12 709
5 427
15 384
16 761
1 527
8 738
22 343
5 769
13 891
25 342
1 921
13 547
19 715
17 308
12 396
15 623
10 936
15 893
27 920
19 931
4 992
26 392
15 868
3 733
16 841
6 756
28 845
16 484
7 897
6 460
16 363
12 851
20 392
19 997
19 839
8 686
9 801
20 633
12 787
17 690
18 272
3 458
20 283
5 239
28 949
11 892
0 624
4 715
12 213
19 820
9 508
3 334
18 898
27 998
0 361
20 819
3 838
19 527
19 949
19 698
14 430
1 942
3 834
1 906
7 200
4 368
7 771
2 777
10 299
14 300
4 295
19 487
8 937
11 442
12 642
25 252
26 230
27 856
17 774
21 846
13 290
29 762
15 499
12 777
5 987
17 936
9 739
25 786
23 859
26 736
22 681
6 845
12 263
6 509
16 418
16 588
0 210
12 698
1 359
14 691
16 802
22 715
10 932
6 680
1 200
8 641
11 205
23 619
28 712
19 543
12 293
0 537
10 291
5 982
14 506
24 251
2 840
21 562
23 879
26 943
14 745
4 597
17 956
10 928
13 764
25 243
25 478
23 552
19 831
0 699
18 310
21 324
0 749
2 366
5 924
28 815
24 920
0 583
29 286
14 660
2 988
28 582
3 626
16 492
16 602
19 625
6 648
26 811
19 305
0 763
18 936
28 257
22 297
25 401
17 912
23 589
10 937
28 781
0 751
20 311
9 477
11 540
3 219
21 292
15 531
7 680
24 576
1 216
26 233
19 512
20 833
29 308
20 586
4 381
3 303
11 341
29 908
1 989
19 763
27 532
21 474
19 491
23 444
12 256
5 398
3 618
1 894
27 355
24 425
10 830
0 933
4 758
29 498
12 929
10 765
6 796
9 675
1 805
3 357
0 690
19 486
1 900
26 632
27 279
11 989
8 852
19 344
2 629
5 229
26 240
6 247
26 860
13 391
9 994
26 708
13 959
9 522
25 743
26 648
20 313
15 298
3 473
28 974
26 767
20 227
7 381
6 917
25 963
14 257
12 770
1 983
21 275
26 860
26 664
21 284
24 417
3 773
2 632
24 556
29 916
10 287
4 449
19 502
16 562
11 788
28 248
10 779
15 666
9 515
8 601
22 514
22 525
22 566
6 303
21 247
28 788
15 240
14 776
13 413
28 768
3 228
9 352
5 776
7 637
3 986
8 524
28 475
8 232
23 803
22 742
20 449
3 797
13 719
20 940
19 897
18 302
1 892
27 879
11 692
12 409
18 488
26 695
21 737
11 342
12 345
12 203
15 462
21 544
6 767
10 812
10 622
13 909
15 642
25 606
3 693
7 849
5 689
24 760
25 464
8 832
4 409
3 277
12 704
18 336
28 606
1 934
13 435
19 243
15 823
27 713
27 766
3 492
10 787
20 941
27 223
3 930
20 796
22 982
12 225
25 264
17 776
12 635
21 466
28 872
13 271
11 496
26 527
22 498
4 281
27 928
27 506
20 561
1 529
25 830
7 760
26 862
1 544
12 470
14 627
2 213
19 262
6 861
12 774
8 673
12 511
27 428
2 444
6 745
15 682
20 694
28 682
19 554
6 570
2 592
23 319
0 644
4 334
12 764
7 614
29 592
11 852
28 702
11 849
3 302
23 797
18 943
23 824
23 238
11 927
15 753
18 669
21 650
1 652
3 872
4 892
15 320
14 484
20 930
14 702
6 785
10 863
25 537
28 565
29 755
24 322
4 424
18 411
22 911
21 752
8 357
12 603
1 942
27 832
1 774
7 634
8 797
21 670
9 535
16 594
10 490
19 457
24 209
1 385
10 399
9 562
8 297
3 333
20 402
9 661
18 296
18 514
10 821
23 606
1 767
22 241
3 215
17 638
15 627
15 514
21 317
25 381
2 390
20 357
15 854
13 630
23 753
11 257
22 553
26 941
18 680
7 835
21 591
10 394
16 200
25 678
12 943
22 313
