500
29 552
29 279
7 410
5 913
21 414
7 932
27 314
24 515
28 852
21 486
2 478
2 474
11 284
20 647
14 299
3 860
5 228
21 923
4 938
7 628
16 697
4 562
20 800
18 801
5 900
21 390
25 751
18 339
29 484
19 649
7 319
21 325
1 668
4 764
19 303
18 252
18 239
17 790
21 920
23 604
24 720
22 777
4 337
9 496
16 758
23 824
2 906
23 927
27 672
23 403
3 980
18 396
15 713
1 281
2 366
12 403
17 746
26 358
25 754
0 228
7 421
24 720
17 637
3 928
21 381
16 736
14 482
19 322
3 229
12 759
18 340
21 1000
24 682
19 993
1 209
21 388
5 833
22 649
8 917
16 782
9 643
0 774
25 612
5 376
6 607
0 908
26 686
20 743
13 666
15 421
22 522
25 883
1 771
3 434
21 905
23 230
3 300
24 505
26 654
7 751
29 348
15 972
14 863
17 400
13 248
2 844
21 431
16 769
19 382
0 613
16 377
13 963
27 812
0 267
17 989
25 442
4 740
5 343
18 975
14 307
19 874
23 715
4 749
2 738
20 911
12 352
2 794
16 408
7 1000
19 278
7 285
24 921
13 970
2 490
23 271
1 462
3 481
2 465
25 333
21 295
20 365
11 473
3 494
0 781
4 303
4 341
8 896
14 634
9 651
18 864
4 417
14 647
23 884
12 282
21 403
28 727
5 789
27 882
12 260
26 459
11 694
23 454
27 257
12 628
27 757
25 242
26 851
4 735
1 481
5 568
9 484
25 373
22 323
7 546
14 468
13 683
6 698
25 852
6 550
9 259
22 608
12 677
19 892
17 903
14 620
3 206
20 748
1 580
24 738
9 699
1 729
13 506
9 582
29 425
19 980
16 796
19 958
5 714
7 545
13 432
27 201
28 393
6 983
20 489
4 443
19 834
17 728
25 419
9 374
27 695
14 604
25 965
16 996
21 521
9 504
8 323
2 478
24 860
3 771
7 669
14 421
6 245
4 916
21 684
21 536
20 767
27 293
0 470
27 263
15 214
23 385
21 815
12 565
22 751
23 596
9 643
1 405
24 534
2 471
27 437
3 340
7 706
4 500
27 291
11 681
7 790
24 473
20 668
6 363
5 348
12 887
14 705
19 289
23 615
27 435
13 714
23 969
8 779
6 586
29 787
18 548
9 260
19 297
22 709
7 767
3 586
11 420
27 561
9 548
27 820
11 996
13 685
25 395
24 639
12 452
0 533
24 770
19 896
21 998
4 888
1 387
19 848
25 764
29 913
6 463
25 544
0 508
4 997
11 895
25 865
0 867
2 884
23 577
13 868
5 464
12 468
7 494
18 343
27 749
20 202
20 342
16 338
24 329
16 647
10 854
16 226
18 793
4 879
21 844
17 208
2 354
17 838
24 399
13 557
18 501
16 878
3 500
9 959
21 697
26 785
28 426
17 871
20 986
9 392
15 474
26 989
15 412
10 927
27 948
0 377
24 931
24 580
21 951
2 749
6 628
16 656
8 565
11 633
29 585
9 328
16 980
26 846
8 745
1 941
16 759
13 440
29 987
24 256
22 682
20 308
27 901
27 267
18 387
8 650
28 487
10 707
12 656
11 869
4 278
8 394
25 361
9 386
16 975
10 997
8 296
13 578
5 441
26 549
14 508
23 868
4 358
26 995
4 772
21 414
8 685
9 452
22 327
27 834
29 313
14 847
2 315
16 905
24 562
5 786
8 830
25 344
25 698
8 618
16 962
6 935
6 385
25 954
8 796
8 889
19 375
4 842
24 876
17 729
14 881
19 781
5 354
29 773
29 526
10 471
3 230
0 890
14 618
12 759
27 607
29 392
29 774
5 824
19 454
9 602
19 743
29 319
25 483
26 210
5 619
3 461
15 504
24 552
17 919
20 251
8 241
5 418
13 695
14 620
22 371
25 802
14 535
8 596
19 712
26 334
15 457
10 721
22 239
5 365
3 485
29 604
10 471
13 591
1 884
15 611
13 259
17 981
6 338
11 303
0 672
13 524
15 413
12 465
9 925
3 779
17 437
22 469
15 830
20 603
4 228
7 544
7 802
5 317
11 261
18 224
18 776
27 299
13 774
13 847
22 950
29 496
2 372
25 551
4 447
5 868
17 492
19 818
5 745
10 955
13 366
13 864
4 397
3 831
24 475
0 874
9 873
22 385
20 572
26 445
24 547
7 519
0 478
28 934
23 744
0 367
10 476
15 495
29 973
10 841
14 380
25 521
