500
14 206
8 237
28 243
15 255
22 351
24 337
17 610
9 749
10 623
16 278
6 458
14 686
18 703
7 741
10 874
10 954
4 919
28 421
13 666
17 925
21 532
7 460
19 408
12 988
2 647
20 564
25 359
7 923
4 249
1 348
13 534
28 484
6 508
28 512
24 308
26 895
12 325
0 659
7 275
28 843
7 947
20 247
17 923
10 893
1 588
10 695
5 553
23 850
15 351
9 875
26 936
28 304
20 720
20 872
3 583
14 569
22 597
4 652
19 566
26 426
6 643
9 841
23 237
4 981
1 872
23 515
22 260
24 600
25 872
2 432
12 896
5 771
27 663
4 457
6 252
26 818
8 357
22 445
26 626
13 822
10 573
24 337
25 696
12 668
21 697
22 536
20 273
5 497
1 725
5 935
9 767
27 449
18 317
9 297
13 798
11 475
2 424
22 431
15 586
20 951
17 474
5 577
2 935
7 722
27 923
2 996
8 597
26 405
13 861
11 252
17 517
24 350
23 343
24 707
13 351
18 674
27 823
10 588
5 306
13 281
27 487
7 794
8 772
12 425
28 415
9 267
23 630
4 450
28 225
16 471
16 353
25 509
22 420
28 739
3 617
22 472
23 221
12 416
14 941
1 611
1 229
11 996
24 258
7 999
21 756
8 513
3 884
1 725
18 266
26 434
9 677
12 386
0 753
28 519
4 306
3 733
25 925
1 828
23 974
13 478
12 438
17 406
28 770
4 268
3 504
19 931
14 776
21 374
22 342
6 491
25 498
1 279
2 972
9 803
2 591
11 755
8 912
6 272
3 969
8 603
10 304
4 266
6 822
22 702
12 476
13 591
11 373
15 316
10 622
21 528
26 946
23 504
27 826
4 527
16 559
11 638
5 773
1 361
4 627
1 923
1 311
12 759
22 683
11 574
4 531
14 876
20 390
2 660
15 384
28 993
7 264
11 423
20 847
16 825
0 250
12 768
23 685
16 598
15 901
2 503
5 340
23 846
15 995
6 359
10 338
23 958
17 999
15 568
13 372
19 478
18 379
15 467
24 792
13 805
17 422
15 493
22 454
8 606
19 894
8 253
18 364
8 757
12 566
29 744
4 616
2 430
29 616
7 401
3 553
28 491
27 902
26 403
10 914
17 898
16 773
26 447
26 657
5 494
14 881
8 683
14 247
14 396
4 369
8 284
14 938
20 229
29 718
14 873
18 822
12 872
19 588
6 879
29 235
15 712
18 363
13 773
4 678
26 550
17 550
18 740
0 311
10 957
10 522
7 279
8 559
9 984
26 250
10 355
2 879
19 733
8 242
16 406
15 499
7 545
29 596
3 273
26 450
3 216
5 887
24 975
0 952
23 212
25 980
20 965
11 224
20 395
23 295
22 401
8 217
17 410
3 502
8 342
4 641
1 241
20 947
1 873
20 557
20 712
11 447
13 594
11 937
26 696
14 534
17 212
15 298
18 205
28 642
9 832
9 975
5 219
28 958
20 970
4 269
0 889
23 939
23 681
0 527
11 630
1 782
7 679
8 653
8 439
14 589
14 323
27 621
17 770
12 628
13 972
25 854
29 635
2 807
16 830
0 402
12 929
12 813
7 606
1 320
1 763
29 644
9 598
26 473
16 864
1 639
23 462
5 286
29 789
0 368
29 311
5 475
3 736
26 379
29 494
25 463
24 978
16 590
9 765
15 302
23 601
26 961
12 818
1 674
22 677
15 220
3 282
8 495
12 987
6 644
18 556
28 657
21 737
4 218
16 413
3 306
14 754
7 312
15 664
9 961
21 971
24 984
19 723
18 746
5 781
28 914
17 344
12 578
26 571
15 543
18 381
5 599
1 461
25 760
14 377
21 914
7 805
7 801
17 607
15 349
28 957
15 581
8 492
7 898
6 693
16 427
26 774
19 374
23 785
21 371
21 482
24 856
25 321
22 905
12 918
14 434
17 275
2 622
2 317
28 941
28 875
22 808
11 529
29 255
10 612
16 838
2 483
12 254
22 277
21 706
27 730
16 498
0 653
10 385
10 804
27 667
3 294
23 393
23 454
12 389
26 614
10 998
8 718
10 883
0 225
8 679
1 241
12 542
2 631
27 618
20 993
27 334
21 382
27 461
5 825
4 946
17 202
12 674
13 802
14 415
17 465
9 606
6 508
26 670
28 826
24 766
22 730
12 986
14 853
27 893
25 715
6 316
27 393
29 478
20 569
19 370
21 373
25 860
13 821
4 718
20 955
26 622
22 538
