500
27 222
27 543
11 453
5 594
5 886
2 621
23 695
21 215
13 871
12 558
25 775
7 258
1 229
4 561
22 481
29 543
10 207
0 631
18 445
24 372
15 522
0 352
18 256
2 951
23 356
3 408
12 879
22 611
9 411
29 971
5 818
14 703
23 922
21 882
6 340
18 200
5 728
28 301
22 272
19 244
19 925
9 371
7 656
27 944
29 598
22 713
24 202
9 982
10 590
28 999
27 384
21 959
19 915
1 588
16 703
21 682
6 895
17 299
15 604
17 347
1 905
5 682
8 791
13 821
20 729
19 200
3 823
3 655
5 214
28 737
26 522
1 830
9 718
23 211
23 309
4 394
12 583
11 778
27 675
23 406
13 464
5 440
16 755
12 988
15 612
20 944
6 541
28 744
14 374
12 300
16 547
27 535
12 720
2 683
21 718
1 590
7 538
5 874
20 563
14 736
15 699
7 202
14 731
18 540
4 985
6 590
9 459
8 380
25 472
16 673
7 330
23 300
15 338
27 698
2 862
5 978
7 200
16 462
26 297
25 296
2 561
6 280
21 302
13 609
19 806
2 301
1 465
21 443
18 654
24 824
12 786
4 207
4 251
21 676
2 297
16 386
26 881
16 788
4 338
15 461
27 809
15 586
22 297
26 708
24 249
23 357
0 339
5 385
4 611
13 646
20 740
28 829
5 996
22 981
13 681
15 722
0 211
10 256
10 994
3 739
21 767
3 641
10 985
23 941
1 539
6 347
27 675
3 478
0 508
10 713
23 756
11 703
11 425
12 460
7 794
9 785
12 719
8 932
0 497
0 459
21 267
5 622
26 266
2 396
2 527
6 651
9 716
17 877
10 883
25 683
24 256
20 661
22 691
28 411
9 800
2 966
17 685
0 540
9 643
5 690
12 446
1 311
3 801
12 290
6 789
24 576
22 407
9 295
13 259
23 461
5 289
19 486
20 478
23 339
20 312
10 256
21 883
10 785
9 328
18 719
15 613
21 790
22 807
25 318
20 257
11 480
21 640
8 566
22 971
14 375
29 811
6 583
26 854
6 241
15 868
24 421
24 607
19 470
28 472
13 290
18 600
7 680
22 959
28 849
29 762
12 311
25 410
17 485
19 519
24 596
2 968
8 776
2 557
17 750
23 676
14 359
18 443
1 304
23 866
25 985
16 271
20 425
24 491
25 525
16 333
8 515
5 204
18 652
1 816
3 675
26 653
27 340
9 460
5 559
11 502
4 842
3 970
22 974
6 696
24 734
21 648
13 381
4 786
22 518
20 747
16 711
18 215
18 364
4 227
12 603
21 569
13 451
0 919
10 673
15 724
1 479
12 418
1 993
12 799
9 973
27 913
21 929
12 743
23 247
5 604
0 517
6 269
18 790
4 489
29 694
0 798
13 338
23 547
24 413
11 285
17 691
6 761
23 510
24 600
18 762
13 866
15 357
4 506
1 458
0 266
7 329
7 778
15 320
15 443
25 451
25 941
4 809
21 939
13 637
3 790
10 877
12 781
10 577
20 915
19 569
13 354
7 283
28 394
13 750
29 770
12 207
3 641
9 733
21 581
5 599
12 882
12 511
16 313
25 889
13 741
23 612
12 945
13 845
3 755
3 741
17 724
28 238
7 240
19 437
3 606
23 452
12 670
3 876
23 850
0 570
25 479
15 395
12 308
21 957
14 724
28 350
11 888
8 452
4 638
3 852
18 730
23 556
17 280
1 489
4 225
0 727
10 446
17 890
26 927
4 499
26 937
6 949
28 543
10 210
23 886
6 218
27 362
14 564
25 203
25 919
9 953
26 254
6 984
19 276
26 637
23 541
10 435
3 324
10 536
26 539
10 545
21 249
9 683
17 677
11 744
20 628
24 272
18 867
6 318
8 381
16 490
7 314
27 686
25 227
13 674
11 303
21 307
29 937
15 403
7 571
12 474
4 564
6 523
27 754
16 639
7 932
5 487
4 859
16 965
7 849
0 759
22 268
27 426
10 202
29 861
12 955
16 999
17 593
8 907
2 903
0 229
15 531
7 290
13 896
17 323
27 489
1 624
15 864
16 704
8 566
24 563
25 353
27 313
19 763
4 899
3 439
16 278
15 839
17 638
16 389
13 766
7 797
21 997
8 887
6 584
28 874
29 571
24 580
5 509
26 489
18 460
12 444
21 846
19 734
0 254
18 983
3 852
20 830
15 616
26 866
7 559
7 200
4 204
1 925
18 772
25 312
7 892
23 752
3 232
24 686
