500
7 935
7 772
10 616
4 240
28 382
3 910
15 273
14 371
28 731
20 412
21 764
13 525
15 401
2 996
15 269
22 557
16 603
24 338
16 658
12 616
0 290
0 646
21 405
7 899
18 223
12 302
11 544
7 388
13 353
8 674
22 764
21 343
23 958
10 232
15 531
28 348
11 308
17 960
26 594
21 491
19 796
25 847
9 743
24 966
23 569
8 894
14 885
5 890
21 637
17 631
29 727
23 958
13 402
29 335
14 264
26 726
17 448
16 921
16 252
7 202
25 736
12 324
16 725
25 428
0 916
8 725
19 602
3 596
2 992
14 244
24 290
27 910
6 935
24 559
20 469
0 954
28 293
19 332
17 209
16 902
28 530
14 470
21 897
3 319
17 375
27 294
9 744
19 360
0 275
14 965
7 213
11 293
11 384
1 253
25 786
19 291
2 505
0 738
5 308
26 395
11 290
25 421
23 578
12 727
20 209
26 767
8 672
17 785
13 373
29 742
10 677
7 846
22 951
20 268
14 359
6 536
26 848
8 507
23 381
26 393
28 809
29 789
3 211
13 628
15 731
19 661
8 881
11 481
29 265
13 426
25 637
18 838
11 760
16 662
0 597
29 732
22 657
2 419
22 207
2 827
28 851
18 373
29 416
15 962
14 705
27 345
11 888
5 263
14 355
4 718
4 458
3 900
6 238
29 938
15 535
3 954
20 901
2 509
1 260
20 818
27 927
13 728
18 410
7 286
2 925
5 795
28 929
23 823
0 544
19 982
6 645
7 249
23 635
28 420
18 937
9 832
8 619
26 509
21 748
24 390
9 948
6 821
10 878
7 987
9 326
20 359
4 464
5 877
15 879
27 739
17 982
16 681
2 951
8 886
17 709
15 686
9 320
23 508
15 217
1 857
13 913
13 826
14 567
5 509
18 354
1 276
18 799
14 489
6 415
13 385
26 687
18 452
21 822
1 552
27 763
25 919
0 705
13 533
9 795
27 597
13 489
26 688
6 774
19 426
2 369
11 888
15 472
6 657
17 371
15 389
15 546
9 460
14 542
25 230
0 825
24 693
10 545
4 982
6 871
20 713
9 425
2 238
16 449
25 613
0 489
10 701
21 267
27 483
0 235
16 251
14 676
3 324
26 452
6 771
21 785
23 242
3 712
18 287
7 439
12 730
1 405
28 896
8 994
26 348
6 798
8 717
28 276
16 648
1 532
15 201
10 480
20 706
3 877
26 410
18 512
11 586
16 996
24 215
3 842
6 800
8 929
19 729
6 744
10 808
9 541
22 702
23 495
3 816
1 273
7 399
14 288
21 938
3 714
8 527
12 315
3 319
17 897
12 699
11 559
5 561
6 440
5 320
17 716
19 390
3 338
1 859
5 856
17 820
11 859
14 801
9 479
27 339
6 321
16 439
28 775
7 547
17 437
23 464
28 654
17 265
10 353
0 981
8 955
27 493
5 445
17 215
19 875
8 986
15 682
4 655
8 436
18 433
11 979
6 411
3 694
4 851
0 717
27 527
17 637
3 884
3 273
7 892
27 894
17 274
3 212
13 251
15 665
19 354
4 742
2 320
29 555
7 470
6 472
4 792
0 249
15 317
20 995
27 837
23 613
20 411
25 767
18 732
11 844
11 268
14 625
21 950
26 829
10 813
10 876
2 230
19 370
6 712
14 676
13 945
29 883
11 465
19 819
2 771
22 816
22 373
1 404
17 536
5 457
7 604
14 344
5 775
22 993
26 885
18 468
1 687
18 893
3 309
10 673
20 280
8 723
13 308
3 864
1 410
1 233
27 645
3 491
24 213
4 724
13 296
4 535
10 952
5 904
23 906
9 311
3 450
8 462
15 465
26 566
20 747
8 222
24 758
23 418
12 310
13 824
12 348
11 590
20 474
16 812
24 220
20 783
4 433
28 699
21 624
24 822
29 665
26 215
28 395
0 961
4 828
20 785
16 215
2 399
28 678
4 674
18 621
10 320
15 412
27 398
24 509
8 949
27 652
25 584
18 684
7 477
11 596
16 261
3 410
6 803
12 991
12 301
8 956
6 792
9 771
21 505
5 954
23 211
0 237
7 234
20 776
23 798
4 821
3 728
16 986
10 305
18 900
24 833
9 747
23 392
12 642
21 595
1 385
15 855
0 461
16 215
23 587
14 425
19 516
25 909
25 758
20 545
25 692
0 284
28 989
3 501
18 934
8 666
8 588
5 286
8 818
23 356
29 718
13 659
17 966
22 660
20 289
