500
6 304
17 807
5 996
29 224
23 275
11 352
25 979
15 838
28 778
2 495
1 560
9 915
15 676
26 850
15 330
6 638
17 303
18 947
1 314
16 849
21 610
0 528
5 802
2 244
11 914
18 493
3 568
15 428
3 780
25 934
18 753
23 757
19 318
26 429
18 751
16 383
9 837
9 247
18 681
7 536
2 360
15 418
4 397
17 560
16 478
12 514
11 840
9 917
10 618
8 335
18 916
17 201
4 695
4 985
19 628
12 917
25 261
28 213
7 874
1 419
28 636
14 841
2 910
20 397
3 765
8 580
7 796
4 453
21 706
25 216
19 550
3 589
15 554
24 767
7 573
28 600
27 578
26 838
6 380
17 828
6 213
7 500
19 777
11 857
1 458
18 846
6 499
6 514
25 952
1 278
2 505
11 945
9 329
6 582
4 372
24 932
15 333
27 240
4 676
18 886
13 285
16 936
26 928
14 852
8 566
21 403
4 319
13 681
28 491
14 750
23 575
14 564
23 212
1 910
6 669
12 776
18 462
18 350
15 902
3 614
0 729
5 556
20 251
13 834
13 634
27 251
2 664
20 378
27 335
14 341
12 281
5 370
14 351
18 365
11 955
17 857
9 844
20 216
27 845
14 329
28 734
19 972
3 235
12 347
23 252
2 349
7 789
24 450
17 848
28 339
1 301
28 686
26 677
2 699
13 993
11 249
25 319
26 314
25 998
4 265
5 265
25 837
8 343
23 293
6 287
5 563
2 528
29 566
8 925
23 258
21 608
27 217
7 937
24 364
13 324
17 793
17 642
29 340
7 784
11 846
2 812
3 783
21 953
6 759
4 730
28 706
20 350
17 619
16 886
0 795
1 568
25 505
15 508
27 594
27 439
8 474
18 445
17 846
19 311
21 520
17 907
19 264
15 882
4 626
27 360
9 296
9 826
26 609
11 356
4 622
12 551
14 600
19 785
1 905
28 749
23 851
10 356
20 401
21 563
4 688
23 457
12 917
6 688
16 601
9 532
9 920
12 325
16 287
4 648
22 568
13 854
27 310
23 818
19 297
7 519
16 875
2 525
0 452
28 406
9 536
29 301
11 772
17 257
12 487
22 632
15 211
7 316
4 610
20 975
25 249
0 227
7 818
19 945
13 620
10 814
21 845
20 532
9 253
4 643
3 718
20 918
16 253
24 646
2 319
13 502
28 895
15 1000
2 865
27 541
16 357
22 271
3 936
0 273
23 460
15 721
24 697
21 547
10 752
5 316
1 512
28 728
22 491
8 361
4 626
9 924
2 593
21 697
24 521
9 938
23 483
24 301
27 425
24 737
15 670
3 479
9 782
21 782
10 290
6 659
26 834
20 786
15 208
12 466
18 487
7 594
21 221
22 355
9 777
4 397
0 371
4 517
21 690
22 886
20 654
21 477
9 686
5 408
10 404
14 938
0 517
12 310
26 203
23 589
15 267
10 416
12 468
22 668
9 728
14 354
5 315
4 649
24 471
13 943
13 558
7 753
3 504
13 340
25 420
19 542
20 779
15 656
26 244
2 593
10 766
13 434
19 513
24 726
18 560
2 867
14 803
3 781
18 294
26 358
5 444
19 748
23 654
21 259
11 972
8 556
2 667
19 733
2 500
17 786
11 264
0 556
6 217
2 611
1 972
8 658
6 780
15 238
5 598
20 390
27 333
11 474
19 584
6 888
10 899
0 424
21 609
26 599
12 868
28 976
13 891
6 879
4 993
9 385
12 876
3 687
22 963
6 883
17 364
14 547
13 849
11 297
5 914
17 580
12 293
4 729
26 450
21 379
2 449
10 431
27 286
23 705
21 371
18 750
21 493
11 287
19 365
17 430
4 213
18 886
18 953
15 738
22 498
3 659
17 743
10 813
0 222
23 229
9 726
15 318
17 816
13 928
24 360
2 595
26 431
7 937
14 896
2 927
1 314
1 514
8 616
25 602
20 392
23 998
22 981
29 250
21 231
22 849
11 676
7 372
18 555
4 485
8 368
0 728
24 512
15 978
17 721
27 271
20 787
1 613
21 328
15 416
19 756
26 523
25 392
8 520
1 235
24 754
22 249
19 909
0 223
21 500
28 923
19 200
0 702
4 207
13 880
20 432
3 831
15 708
11 906
2 263
23 341
7 855
12 904
27 452
0 583
27 208
18 414
21 778
12 892
1 678
1 737
1 436
27 260
0 434
27 692
14 322
25 427
24 438
6 556
1 437
4 500
26 936
21 998
11 503
3 346
