500
13 288
23 355
7 989
6 881
1 782
3 555
27 776
14 716
6 448
13 829
6 733
19 491
4 638
1 530
8 557
16 280
2 206
4 208
19 861
10 965
0 227
10 286
1 429
13 548
17 312
27 880
28 566
16 884
5 453
10 748
16 908
12 841
1 982
16 628
22 261
22 488
24 841
16 824
21 834
9 711
18 447
6 464
9 381
18 515
0 285
0 897
16 853
18 735
10 998
16 442
10 935
26 882
1 641
11 593
13 338
23 452
23 678
8 238
29 447
13 762
24 949
27 536
6 733
26 767
21 845
9 368
8 221
0 451
6 807
19 800
29 338
12 981
0 418
11 473
27 305
11 586
11 986
22 822
22 234
6 297
12 445
12 732
8 731
3 1000
17 875
24 619
25 491
29 573
9 345
14 246
2 372
10 413
5 778
16 268
11 324
10 748
21 209
13 448
16 256
13 599
27 765
10 447
0 692
20 363
1 337
26 364
18 650
8 961
2 618
13 827
19 634
1 758
2 550
16 732
12 281
13 866
1 830
29 680
21 396
28 498
2 951
7 604
23 946
22 890
9 819
24 350
9 220
21 351
25 775
5 258
23 716
15 660
6 216
20 613
6 776
0 703
11 883
9 872
14 908
19 438
15 695
0 654
29 586
1 216
2 200
2 286
1 748
19 405
26 735
29 723
11 710
13 534
9 318
20 479
18 700
20 984
29 579
15 384
17 620
21 665
17 663
10 640
29 976
1 285
23 567
28 537
7 774
26 605
16 769
22 305
5 773
5 905
5 561
16 878
2 257
10 303
11 370
3 881
27 1000
25 788
3 474
2 538
19 306
0 736
3 287
14 877
10 379
1 787
9 625
14 568
7 764
18 883
26 316
9 429
3 954
18 880
3 823
7 757
2 912
17 784
10 833
21 742
4 695
20 876
4 561
4 891
11 299
12 577
19 765
23 421
11 272
24 317
12 223
5 289
28 456
24 532
27 202
15 719
5 505
27 631
25 371
23 607
13 944
29 292
19 340
29 314
7 269
9 546
20 243
23 780
19 453
9 451
15 418
1 804
4 510
18 666
17 351
13 942
23 882
7 893
23 964
28 569
6 559
3 697
9 440
29 961
2 407
7 790
27 831
25 348
19 460
2 298
13 487
17 233
29 248
25 201
15 793
22 966
1 253
21 450
28 581
22 460
4 867
1 270
19 412
27 758
2 455
16 398
4 401
16 899
8 855
15 385
20 286
4 456
12 904
17 914
13 612
20 535
0 534
21 496
13 513
17 927
29 463
29 461
28 322
26 802
9 390
6 774
2 932
16 476
24 568
27 737
21 490
9 429
1 860
16 794
0 231
17 990
10 907
2 719
10 200
11 842
9 828
19 751
11 269
3 655
10 757
0 340
12 485
13 998
14 637
27 807
10 395
12 790
29 233
18 920
27 381
22 344
8 308
28 657
15 903
5 461
21 816
27 796
24 697
15 397
20 498
15 216
2 305
10 517
9 692
9 704
24 938
29 307
21 475
20 792
21 966
23 204
20 921
2 666
29 560
0 687
20 313
19 359
26 591
19 502
0 905
24 924
13 955
28 758
11 351
20 446
17 714
6 372
16 780
29 892
23 910
17 614
28 516
10 746
17 774
28 729
28 657
17 253
12 992
13 788
27 978
10 416
2 995
1 646
20 471
26 999
20 478
29 201
16 634
29 269
13 305
11 879
24 596
29 859
2 297
24 928
2 316
22 794
11 777
9 621
23 877
19 401
6 341
8 580
4 648
8 675
22 737
25 327
10 400
3 304
16 835
5 806
9 431
21 985
5 500
26 875
5 278
18 812
0 579
23 965
11 927
6 398
6 363
21 610
4 855
11 760
4 494
7 750
28 997
26 465
2 365
21 281
17 386
22 301
27 781
12 982
21 584
14 876
9 791
18 287
27 809
11 641
27 951
6 701
28 329
26 762
24 688
25 677
18 373
28 723
10 474
13 688
24 468
7 974
18 393
0 931
8 597
22 764
14 954
1 855
0 515
29 419
4 333
15 948
6 240
29 746
0 923
1 956
2 298
20 865
5 706
10 453
29 212
28 475
10 246
24 502
13 848
28 945
5 801
15 229
2 682
0 400
10 838
29 311
0 844
1 330
6 368
14 425
0 808
10 738
6 642
24 669
19 335
29 323
28 602
26 331
17 710
23 520
4 789
9 277
10 355
27 759
11 941
11 978
10 678
4 674
25 672
3 552
20 384
22 208
18 933
11 566
17 808
6 963
