500
13 205
17 859
13 786
16 844
9 972
13 976
5 317
16 341
4 219
18 526
20 338
19 752
22 325
23 788
18 216
10 810
27 388
28 565
8 215
3 665
3 348
22 482
7 452
20 811
5 542
11 280
1 915
5 743
8 946
8 562
20 906
2 789
4 943
24 467
13 689
3 668
1 651
2 289
10 266
29 608
23 539
28 273
6 829
10 479
26 337
26 566
26 267
16 397
24 477
4 374
15 844
17 753
3 468
28 525
19 204
19 804
23 386
1 703
7 803
11 534
26 700
2 848
12 660
2 904
27 884
26 485
0 484
23 359
12 433
17 578
24 626
15 364
22 719
22 603
23 495
27 919
0 313
9 217
8 758
12 730
20 288
9 258
11 631
3 212
12 886
23 758
2 245
13 598
22 864
1 933
29 584
7 211
13 424
29 201
25 539
16 326
13 225
3 382
9 564
10 562
1 490
12 489
22 592
7 448
11 980
12 563
17 602
19 568
25 261
15 476
18 652
0 313
4 945
24 516
6 443
29 336
19 387
7 783
6 267
18 862
17 646
21 851
8 780
9 636
13 503
2 746
17 558
0 733
23 239
11 746
20 204
13 494
0 359
14 398
27 877
6 949
13 713
3 587
24 807
24 226
28 624
20 719
8 820
16 204
23 807
20 854
2 914
9 985
3 937
6 914
12 623
27 520
26 828
1 643
4 926
20 783
12 515
19 792
9 287
9 299
9 804
10 303
22 249
10 695
23 793
6 834
4 724
14 890
9 791
17 455
4 688
3 239
28 780
17 713
20 307
12 741
10 390
22 462
23 291
19 273
27 749
21 272
4 204
20 752
9 454
3 523
11 366
29 651
6 544
9 695
8 833
10 792
8 860
17 892
7 294
29 418
17 558
27 940
18 825
17 396
19 675
19 557
18 579
27 241
21 224
1 885
23 328
14 204
27 851
19 354
25 433
2 910
9 892
19 232
24 556
12 222
7 422
6 716
4 655
14 385
13 582
20 998
13 704
7 317
27 767
18 744
26 462
13 638
27 842
2 615
19 707
11 942
3 435
15 745
14 722
3 570
12 424
21 688
1 371
29 762
14 204
19 696
1 950
15 383
14 216
12 803
25 384
2 656
22 628
2 558
2 948
6 636
24 233
17 487
1 401
26 918
9 353
25 686
10 1000
4 844
22 855
25 340
27 234
23 903
22 805
0 638
0 770
16 881
26 354
20 206
22 800
15 861
23 969
8 362
24 560
17 320
10 747
29 648
0 570
3 786
20 264
29 295
12 673
15 212
20 975
1 355
14 368
9 863
10 401
20 329
23 763
14 743
20 548
17 967
10 469
14 792
13 630
9 676
18 670
27 886
7 509
23 861
13 739
3 426
11 398
7 400
14 408
5 955
7 356
14 772
14 454
2 376
22 510
27 940
6 536
8 466
27 375
17 225
29 539
27 319
23 668
21 823
7 893
20 863
19 726
11 903
13 947
15 729
17 551
2 259
1 768
7 408
13 771
0 427
22 775
18 474
16 810
15 998
28 697
25 421
14 554
16 685
28 557
24 550
0 425
28 961
18 323
19 936
4 465
20 836
20 795
7 329
29 752
15 339
26 474
2 414
27 564
25 355
19 687
0 791
21 463
0 483
11 637
10 715
5 834
12 551
10 392
1 484
16 639
12 1000
12 869
7 689
27 295
15 639
13 701
8 507
10 304
20 333
25 574
13 959
26 662
6 834
2 858
25 575
8 217
19 230
9 792
17 840
22 730
20 333
24 971
26 804
29 744
8 758
21 698
28 640
27 925
29 901
22 383
2 828
2 805
8 309
19 820
20 723
25 630
23 622
23 600
15 479
6 673
14 825
3 472
26 262
5 936
2 609
12 420
1 496
25 751
28 221
26 550
29 261
9 234
13 344
18 363
29 969
5 980
22 405
0 667
13 941
20 664
26 220
21 816
6 414
18 344
19 772
23 294
9 200
10 568
7 826
6 256
25 251
3 911
13 518
10 507
28 514
11 592
22 496
10 941
16 739
6 969
1 984
13 458
5 618
13 389
14 611
4 851
5 937
13 682
25 313
23 956
10 766
4 976
20 569
7 353
10 333
3 785
9 689
26 893
8 494
4 519
24 958
12 660
25 356
21 295
10 720
9 675
13 203
29 288
18 422
3 926
16 900
5 967
29 781
3 703
20 240
19 774
0 609
27 335
28 875
18 432
22 676
21 290
7 952
8 537
6 345
5 985
26 436
6 745
25 479
9 525
23 966
