500
19 494
21 529
5 585
9 649
23 822
4 675
28 950
6 490
15 363
28 755
28 704
24 912
1 528
18 985
24 522
2 264
0 799
17 650
27 654
22 434
17 431
12 381
10 928
29 684
23 576
27 914
10 413
8 944
9 802
25 320
22 873
1 397
2 712
4 481
14 969
22 910
1 785
9 838
17 858
14 370
15 215
24 789
8 892
7 967
4 212
9 691
0 427
8 891
24 329
23 993
21 892
7 538
5 487
11 301
3 826
15 761
3 429
28 959
20 767
1 618
11 568
17 790
18 257
8 500
16 350
28 646
10 688
13 763
22 824
6 603
14 604
19 480
10 957
0 981
27 769
8 563
8 562
10 540
12 695
2 827
3 939
7 632
12 476
26 349
21 825
9 772
27 721
7 844
25 960
22 524
16 501
20 783
27 635
19 407
11 727
27 869
19 542
19 775
11 288
22 575
1 790
11 978
28 687
8 561
14 805
17 551
10 977
8 471
23 572
19 268
11 424
5 295
15 353
16 515
7 516
0 861
18 681
28 235
25 368
3 713
1 910
11 920
4 976
3 549
28 272
21 587
11 412
19 262
6 603
10 743
25 615
4 611
21 217
20 879
6 897
14 385
19 454
8 400
22 521
12 297
11 336
8 222
0 486
6 828
14 259
12 263
20 260
16 858
29 529
11 386
14 632
12 207
2 507
19 828
24 252
5 789
24 947
10 620
29 654
1 569
10 639
25 390
3 752
14 719
29 751
0 244
14 688
27 217
16 336
24 322
15 905
5 607
0 226
26 559
12 976
19 278
3 823
3 767
27 532
12 637
3 916
7 805
2 501
9 826
23 894
2 653
17 977
6 491
18 264
12 214
17 750
4 440
18 571
17 456
26 338
4 796
14 975
21 776
9 304
16 443
25 475
10 599
19 919
4 285
4 318
10 906
26 648
19 982
26 930
20 819
1 641
3 376
25 718
12 526
20 385
5 947
3 715
14 872
1 248
29 750
18 889
27 513
28 663
1 622
1 824
21 630
16 300
8 423
26 463
9 461
8 728
28 866
15 264
29 524
19 872
13 399
19 611
17 916
0 322
2 466
26 333
23 400
22 766
0 693
25 653
5 316
21 755
10 500
27 285
27 536
26 624
24 534
4 340
2 756
24 282
8 219
17 836
6 985
25 403
7 751
10 242
20 868
13 407
20 516
24 504
24 400
26 526
2 281
20 874
9 234
5 421
25 620
18 226
15 995
16 597
2 862
14 528
25 890
24 710
26 907
15 751
13 566
27 618
6 529
22 449
22 655
22 370
2 517
0 515
6 872
17 908
24 488
23 909
5 314
27 404
2 371
29 595
10 375
12 277
14 727
22 263
1 223
17 339
8 580
8 582
29 486
1 480
0 813
28 986
6 746
7 670
27 689
5 601
9 206
1 517
13 253
5 575
0 824
18 264
24 544
25 251
19 960
23 914
8 904
15 469
3 815
23 414
25 416
4 739
13 781
21 379
24 641
10 820
10 388
29 356
23 668
12 517
24 517
21 273
1 804
27 313
9 631
22 241
1 609
24 632
26 422
19 427
21 732
13 223
9 747
9 847
19 274
12 348
23 973
21 341
0 936
23 365
6 573
13 993
2 411
23 693
8 419
21 328
4 445
9 536
24 659
16 581
21 299
22 482
7 382
13 345
6 655
24 533
12 309
7 565
7 301
10 695
7 993
4 477
21 819
11 324
22 720
1 503
9 714
24 571
6 868
18 250
8 480
12 348
13 335
24 857
12 643
16 763
27 535
26 243
15 668
27 307
21 914
20 592
20 992
27 540
11 331
14 768
22 391
6 488
18 900
11 422
7 843
28 926
16 537
8 850
6 415
2 877
4 624
13 737
1 922
3 997
21 205
17 806
0 423
10 405
29 468
27 220
1 688
0 287
26 582
2 710
5 778
12 791
6 754
28 1000
9 622
13 694
22 408
26 514
28 682
16 668
13 713
10 387
0 701
9 599
10 528
19 262
19 249
13 421
6 802
10 448
17 712
20 661
16 279
18 423
0 534
15 588
0 603
5 530
5 245
28 339
12 814
5 487
20 388
8 251
5 772
2 937
19 262
21 892
25 823
15 335
22 505
27 989
0 719
12 304
13 284
4 522
4 637
17 949
18 222
5 618
6 726
1 597
3 565
26 939
19 438
17 931
17 745
23 222
9 664
22 252
26 335
16 679
11 422
20 487
1 757
25 534
15 215
23 917
28 815
3 274
16 738
19 826
20 486
