500
29 648
12 911
25 902
20 965
19 309
29 657
18 249
13 633
5 337
28 956
2 627
11 877
2 761
7 339
15 365
7 765
26 445
28 883
2 449
5 390
29 780
10 592
13 784
11 703
24 657
10 837
2 667
6 276
16 681
12 919
3 633
10 598
13 985
21 460
18 720
24 500
13 339
25 380
26 609
28 704
18 411
12 232
11 495
20 930
11 368
0 707
18 362
10 795
26 293
26 974
5 562
1 243
28 309
20 748
2 912
19 462
1 244
6 889
16 762
8 249
13 967
19 766
8 245
18 221
3 784
5 460
0 300
5 316
10 649
22 887
4 457
17 909
26 391
18 645
19 218
19 705
15 298
5 879
14 544
14 583
23 365
0 498
25 234
16 394
16 695
19 974
7 331
7 229
1 887
23 321
2 347
14 757
0 290
28 838
28 344
10 937
18 563
16 570
23 831
7 627
2 219
24 358
26 236
8 451
29 304
18 379
23 596
15 741
14 597
3 312
15 741
23 915
29 718
2 609
14 287
24 685
25 839
27 815
20 241
8 473
25 745
27 389
12 503
10 622
15 749
17 805
26 295
16 364
1 327
17 952
28 820
22 569
15 975
1 304
4 767
16 307
0 485
22 313
0 796
15 542
0 753
24 913
9 941
22 745
7 693
2 302
22 471
20 657
6 380
15 910
8 475
22 953
21 221
10 940
2 394
24 391
20 916
28 833
2 922
10 460
0 642
16 564
9 973
20 421
26 601
3 714
9 794
5 592
11 237
24 660
0 216
9 510
16 977
27 352
21 329
4 581
15 628
9 577
8 555
12 378
23 786
21 236
15 758
2 252
11 775
21 322
7 803
26 950
6 407
19 308
13 691
8 976
12 386
17 297
14 200
18 510
4 209
12 218
10 854
12 934
20 751
10 342
21 644
24 405
5 699
15 603
6 691
23 725
9 254
19 652
7 431
2 820
24 580
28 517
13 470
20 349
13 313
13 646
14 333
12 251
28 250
13 204
21 807
3 304
19 724
16 363
1 581
29 785
5 744
6 487
5 205
23 738
16 770
15 254
21 498
2 294
22 547
17 231
15 644
28 607
16 827
12 305
28 488
13 970
22 842
14 417
14 584
17 783
3 756
1 612
15 488
23 789
21 848
11 455
24 907
1 823
16 576
23 537
8 263
2 403
27 901
24 699
0 514
8 637
28 904
15 412
27 965
0 205
11 837
28 613
12 625
13 696
13 401
21 529
10 634
7 596
6 862
19 800
29 373
5 471
11 884
22 791
21 319
20 227
11 263
22 871
26 398
23 207
12 704
27 517
11 365
7 961
10 674
6 992
5 542
16 839
17 267
9 361
25 757
20 417
25 505
5 916
12 399
3 721
18 792
16 858
2 869
21 755
12 614
1 482
3 304
20 905
25 227
11 425
23 341
25 547
15 290
6 577
3 491
10 335
12 482
25 513
21 550
11 301
27 751
27 242
13 492
13 394
17 967
29 817
0 863
6 878
5 478
28 734
26 789
17 653
12 462
7 671
15 437
28 347
15 398
1 566
5 294
13 603
24 433
4 939
24 324
26 828
10 428
28 897
13 770
10 774
4 715
9 588
17 672
6 462
17 242
8 265
12 322
26 779
25 843
11 836
8 535
19 483
2 287
26 587
9 499
18 482
5 306
0 657
15 744
18 789
29 500
22 767
23 348
22 955
16 794
0 889
2 675
3 650
10 876
19 289
24 782
19 530
19 381
29 713
16 926
5 491
15 637
16 880
13 691
10 334
9 899
27 523
11 738
5 865
6 705
24 745
14 825
8 729
26 761
28 810
2 637
15 819
2 482
29 677
16 237
27 753
1 743
16 631
17 656
15 339
25 464
24 954
16 429
27 972
15 831
21 447
6 403
25 959
16 991
2 622
16 388
24 334
20 378
9 521
8 515
2 964
29 906
26 494
23 768
14 219
24 780
20 407
5 833
29 835
2 392
6 323
15 394
0 527
29 258
11 936
0 847
24 871
29 566
23 772
3 542
16 808
18 275
23 442
3 984
28 239
21 563
14 535
0 569
19 931
27 655
9 814
26 769
23 774
3 881
28 314
24 778
23 843
18 249
16 409
8 500
14 929
12 770
27 956
5 243
0 905
17 709
4 237
26 988
11 910
27 479
15 554
9 831
17 730
25 476
1 349
28 855
10 899
3 799
20 825
1 228
11 307
1 609
20 738
10 870
0 211
28 520
6 288
1 242
22 877
24 599
23 820
6 355
22 896
