500
17 559
23 909
2 352
20 585
16 602
28 481
28 997
19 864
11 493
20 834
12 241
25 795
1 455
3 309
13 467
11 543
12 846
16 252
25 822
29 541
7 385
6 715
6 764
24 502
28 503
2 643
5 307
8 350
16 904
23 385
1 338
28 856
23 896
27 542
22 872
11 394
17 307
10 715
20 585
18 398
7 892
22 440
15 477
21 749
3 551
7 467
13 864
10 514
25 202
24 268
21 613
24 450
0 909
29 897
21 248
13 256
12 938
20 659
4 513
17 355
10 562
7 723
2 717
10 200
13 322
27 928
5 997
6 869
14 549
6 654
2 524
14 922
26 887
22 313
18 314
19 453
3 638
26 878
14 299
20 883
29 672
14 508
6 394
8 556
11 529
24 711
29 820
15 987
27 445
12 682
26 958
26 985
14 456
1 298
11 201
29 582
0 359
24 560
3 881
28 401
13 482
2 707
8 698
18 318
26 600
11 615
28 743
24 711
11 626
3 572
16 311
10 343
12 392
23 724
28 389
26 373
0 605
4 901
22 838
23 958
8 692
0 534
11 765
27 805
6 874
1 385
26 601
7 492
19 530
29 847
10 389
24 332
23 981
19 310
14 561
20 925
2 915
9 558
5 500
7 466
5 509
21 658
28 306
7 225
2 736
28 940
8 342
2 283
28 943
10 851
23 925
12 689
5 670
12 984
14 495
5 606
1 591
22 595
3 749
27 241
18 404
2 561
12 764
12 711
14 504
19 268
6 910
27 845
6 928
14 633
25 744
12 458
2 461
23 972
19 703
13 767
20 628
9 498
6 650
10 237
9 962
12 782
11 938
18 391
24 944
25 538
0 895
23 404
10 713
24 905
29 981
22 260
27 702
23 540
3 806
26 549
24 879
1 848
10 716
27 634
19 431
25 684
3 681
0 978
20 936
24 787
13 357
11 698
29 605
13 481
10 813
13 654
9 828
14 966
11 723
23 904
21 557
3 716
14 407
13 722
27 464
5 261
1 975
2 759
29 616
11 777
28 806
2 853
23 622
6 891
23 202
21 205
26 585
3 541
16 583
9 977
10 999
5 301
0 537
28 404
22 423
8 382
12 846
16 265
18 849
22 454
18 335
1 839
8 754
0 642
20 320
10 317
19 452
20 378
14 934
12 997
3 543
6 293
21 747
26 823
6 905
20 806
22 997
29 715
0 646
22 242
25 988
20 586
9 892
17 683
15 487
1 932
9 690
25 786
25 428
0 681
17 703
17 559
18 731
9 218
2 975
7 410
1 630
9 656
29 695
29 814
3 727
4 982
8 472
6 499
5 313
28 620
9 749
1 907
8 388
14 521
6 795
1 725
4 658
2 432
16 959
23 427
21 560
10 577
15 850
17 464
19 607
6 538
7 412
14 594
26 234
23 358
1 497
10 423
24 697
25 334
10 225
8 268
7 427
24 700
11 634
19 360
9 514
10 344
25 441
15 344
24 627
14 882
2 430
17 531
3 663
29 426
14 810
18 462
20 665
12 991
4 309
18 289
6 856
3 456
28 240
11 884
14 642
27 503
22 916
26 443
15 577
22 378
19 727
15 375
21 621
20 684
15 575
11 437
26 465
4 793
0 658
21 254
0 567
2 416
21 281
28 376
0 248
27 423
24 744
0 772
23 286
25 585
19 475
3 357
3 290
16 210
20 584
24 221
12 575
4 938
5 793
13 364
27 814
8 519
11 930
21 651
19 466
26 622
2 253
4 410
18 901
8 770
15 659
5 731
17 284
29 896
7 215
1 921
27 935
20 481
9 421
21 201
6 938
23 910
25 752
2 993
20 656
16 330
2 421
20 353
21 488
21 203
23 346
26 278
15 838
7 661
21 582
4 431
9 737
10 876
1 573
9 528
11 481
7 932
27 968
19 295
15 883
9 902
20 437
5 891
11 746
6 773
2 867
20 573
5 559
22 456
24 588
29 696
3 694
9 474
22 805
4 672
22 659
19 887
18 549
24 624
1 437
3 327
3 485
26 977
22 872
26 622
26 997
15 384
14 513
17 388
15 434
8 534
10 974
11 925
12 827
7 257
9 807
13 322
20 810
8 367
5 320
17 670
19 458
19 323
3 433
15 577
26 834
12 266
11 527
17 563
20 830
2 574
7 575
2 454
12 701
14 591
9 557
11 694
27 904
2 744
10 494
11 275
3 870
2 662
8 350
10 517
3 971
2 206
7 211
4 792
12 240
21 516
12 687
25 951
0 396
23 416
13 868
24 272
