500
19 215
15 941
28 941
3 789
23 327
5 819
16 592
20 341
24 289
29 971
1 714
14 893
28 564
5 572
10 879
4 884
28 544
6 464
23 824
17 732
10 476
22 637
9 870
21 891
17 807
10 619
15 981
0 624
6 592
15 647
16 678
20 404
16 392
29 781
22 624
29 774
5 462
11 652
15 798
3 322
2 524
20 704
6 455
3 927
26 910
9 906
23 815
12 607
10 605
2 915
2 397
9 422
5 546
11 989
9 366
15 521
21 693
18 697
25 604
15 589
12 930
29 303
19 312
22 978
25 484
26 849
3 208
1 235
25 709
27 496
26 232
23 966
23 480
22 913
6 975
18 257
3 902
12 496
1 936
25 609
10 773
19 275
18 344
26 715
5 269
9 623
7 762
20 665
15 854
17 876
18 369
0 823
21 604
29 809
15 329
27 769
3 386
3 797
5 816
20 807
0 772
16 955
13 249
29 268
25 629
2 219
28 994
19 880
11 492
5 290
5 852
8 525
4 401
7 791
26 694
16 877
2 647
29 605
10 218
7 511
20 322
18 273
10 337
6 303
12 275
22 881
25 417
9 395
28 254
12 642
5 988
27 498
13 255
1 763
28 353
7 583
12 542
5 484
3 947
13 207
11 956
3 332
22 289
29 363
21 564
21 795
8 907
24 312
12 269
5 313
1 373
7 735
27 342
24 386
12 841
10 361
19 240
18 404
13 505
24 279
12 502
8 245
4 424
6 222
2 987
27 832
3 838
9 908
26 937
12 400
25 920
28 607
27 592
18 223
29 687
29 984
1 737
19 678
7 553
26 545
28 322
23 389
21 918
22 452
2 393
11 690
23 825
29 924
20 428
3 971
28 663
2 337
4 692
5 815
9 823
4 832
0 623
1 527
21 821
25 920
11 754
21 440
24 296
8 499
10 368
5 684
25 915
4 428
19 424
16 707
14 952
7 430
13 879
10 369
27 397
5 587
29 676
24 272
5 203
8 994
11 518
17 480
13 970
2 624
9 954
20 231
2 693
10 212
6 725
16 951
13 364
21 994
4 878
20 858
18 602
12 833
1 687
18 988
5 942
29 801
16 921
5 636
26 759
25 331
6 802
15 543
26 650
3 825
22 738
24 632
20 378
26 409
6 409
13 611
18 855
27 577
7 591
18 532
16 380
6 296
3 656
7 923
4 954
8 454
5 720
28 830
8 768
0 312
14 866
5 782
1 337
18 636
9 291
28 846
23 794
19 954
1 324
22 444
6 512
15 331
19 637
5 627
24 904
23 537
21 531
21 618
8 589
21 246
16 601
27 852
13 894
22 891
5 386
6 728
20 479
3 365
13 983
15 333
9 772
27 655
1 750
23 723
14 667
9 468
5 449
20 527
8 664
7 241
20 402
13 429
17 656
1 226
25 923
18 243
21 276
4 683
7 511
4 858
1 264
25 973
5 433
27 787
5 764
13 648
11 732
20 669
27 576
28 794
25 896
28 366
11 257
16 643
11 639
22 321
25 461
19 869
27 580
9 289
7 706
3 403
13 320
23 243
2 455
17 702
0 940
6 326
3 933
15 607
25 822
1 656
20 373
15 327
10 542
14 978
13 469
19 890
1 366
23 577
4 268
29 389
14 503
16 318
26 361
9 207
19 649
29 885
22 666
1 370
6 582
19 964
16 808
29 493
15 499
24 680
21 837
7 486
15 958
10 883
29 970
19 444
26 770
3 542
28 858
5 872
22 227
10 721
23 965
15 814
12 542
13 927
22 902
23 339
10 417
21 868
18 875
20 705
18 772
15 641
12 309
21 888
20 431
19 695
4 701
25 399
16 840
29 788
24 833
2 499
12 325
6 614
10 266
4 696
11 487
0 931
24 992
12 713
4 857
19 775
17 746
22 890
28 874
14 740
2 679
21 471
19 751
13 340
5 796
18 515
22 309
28 489
5 721
21 935
13 279
16 346
3 681
3 636
5 699
22 470
13 224
11 964
3 201
15 616
3 445
28 307
7 900
16 568
24 605
21 865
11 683
3 519
29 218
10 432
13 408
15 439
13 531
16 947
2 900
10 989
25 744
14 205
6 387
17 260
10 277
17 932
12 761
28 989
4 385
11 336
18 838
28 989
11 587
6 440
14 252
24 276
9 504
2 388
20 738
21 973
3 739
28 398
28 369
7 712
22 556
3 614
13 467
7 532
29 308
11 265
22 862
4 476
16 520
2 500
8 817
20 855
13 481
2 681
28 647
11 411
24 922
16 795
