500
29 215
15 450
14 871
29 348
13 483
16 988
15 359
5 237
27 913
19 775
14 547
3 348
19 853
10 929
20 526
20 297
10 664
19 992
2 498
1 396
5 983
19 337
4 826
18 682
10 231
18 946
6 904
16 235
15 363
26 299
20 432
23 716
17 750
9 742
22 986
0 543
20 627
9 590
27 902
4 246
15 309
22 537
26 266
15 507
8 311
29 770
0 995
7 912
5 474
8 366
18 203
24 596
2 951
25 582
18 501
15 281
7 500
26 572
20 263
8 483
27 847
17 697
20 965
29 563
11 417
14 218
11 858
1 511
13 835
23 570
26 893
3 234
3 747
28 404
5 761
13 957
15 725
27 978
14 465
22 231
9 288
27 995
0 344
18 701
4 755
16 871
21 939
1 326
0 956
24 464
9 880
20 221
25 406
20 502
25 429
6 305
26 763
3 647
28 978
7 337
25 854
26 974
4 625
3 888
22 308
18 260
16 906
23 875
5 370
1 338
6 340
9 835
25 565
16 968
8 628
17 224
13 374
27 703
29 906
7 326
28 424
7 919
17 861
1 810
26 762
7 740
0 929
27 572
29 354
17 393
18 262
6 780
12 664
0 787
23 353
11 251
26 559
17 673
27 942
26 212
14 786
6 828
8 912
27 312
2 448
14 467
3 776
11 349
21 267
7 561
16 242
22 850
16 853
28 893
10 839
13 498
26 308
19 280
19 410
12 473
15 483
11 731
13 392
18 769
21 906
6 428
2 306
2 467
2 778
28 245
18 930
12 525
6 939
6 425
25 407
26 225
0 507
10 631
26 843
1 361
4 462
14 376
8 362
25 962
11 200
22 668
0 637
10 497
1 332
3 782
27 903
9 452
26 842
11 606
15 907
14 991
15 850
4 758
9 323
8 886
3 522
14 593
17 916
15 877
8 309
3 436
9 579
11 347
15 761
5 734
22 891
13 609
7 502
10 883
0 907
7 474
18 457
25 496
10 551
8 242
8 979
3 242
24 984
12 580
25 796
25 444
28 939
27 540
25 354
28 533
9 378
18 533
21 385
8 771
22 513
27 259
13 595
23 574
27 347
11 269
11 800
6 684
4 286
21 507
11 545
1 951
11 395
15 240
6 836
1 295
4 391
22 599
25 516
26 351
25 397
0 841
20 637
19 575
12 249
13 601
14 466
5 745
13 304
21 525
5 498
13 953
6 899
15 579
9 830
6 993
24 294
19 696
18 454
15 760
15 308
17 854
9 787
23 850
11 451
16 679
19 804
29 236
3 254
24 714
6 742
15 759
19 712
8 802
7 610
18 283
2 243
26 522
6 814
22 405
12 452
12 768
4 840
12 397
20 603
16 437
23 772
27 425
25 827
18 576
12 762
5 663
10 503
7 792
22 806
26 893
27 534
21 903
1 669
15 788
21 672
0 483
20 734
21 366
25 578
25 486
23 698
28 485
19 631
13 696
9 523
10 523
26 524
9 216
23 319
22 215
23 266
17 961
27 413
15 909
26 733
13 528
22 510
15 947
12 680
20 987
1 642
2 440
24 396
2 836
10 644
1 764
1 546
24 935
7 868
10 772
12 276
7 268
29 943
13 730
19 727
14 946
2 348
21 438
3 337
19 517
18 923
3 615
3 727
24 882
14 907
0 699
11 554
8 333
13 745
21 910
6 203
13 846
10 223
9 738
15 944
19 930
7 769
14 299
14 854
13 762
3 402
20 500
22 858
4 412
23 780
6 731
3 867
20 372
0 287
7 489
20 816
15 1000
0 205
20 669
28 907
7 436
26 822
16 720
26 823
29 383
25 548
20 679
20 504
1 237
22 618
18 990
23 531
26 856
4 549
0 412
0 738
25 414
17 544
10 928
5 976
15 490
24 518
22 988
25 354
20 566
21 252
7 909
23 430
21 265
10 688
23 472
3 482
3 396
15 593
23 469
13 662
1 307
7 374
12 400
4 408
1 231
22 293
4 422
15 331
11 924
23 472
23 304
27 851
20 780
23 455
21 383
18 942
16 330
27 841
11 207
14 564
18 878
21 718
29 314
26 984
20 803
26 437
18 894
18 863
25 737
25 352
14 307
24 897
6 697
24 728
0 314
10 447
7 905
7 978
25 493
0 255
15 227
19 799
20 330
12 797
10 972
2 462
9 252
6 991
16 871
2 279
25 553
21 700
26 302
4 863
10 708
4 576
7 411
22 817
11 992
7 725
29 338
26 948
6 571
15 774
6 910
5 765
22 674
19 626
6 800
