500
17 691
10 730
20 630
13 414
11 435
29 321
0 227
28 364
13 893
15 420
6 768
26 756
23 433
6 356
20 922
9 377
0 943
29 821
26 885
3 338
12 747
15 853
18 350
19 707
9 235
5 802
7 543
3 936
5 569
29 985
27 501
15 415
23 438
2 552
21 223
21 416
29 792
18 667
15 505
4 595
9 645
11 928
18 521
29 263
15 372
10 605
2 800
25 203
23 624
24 369
0 328
8 742
12 234
10 242
20 423
26 608
16 643
15 524
9 782
16 544
24 960
5 847
21 532
19 207
13 973
17 457
26 749
27 704
6 485
8 850
14 407
4 234
22 639
29 861
16 209
0 919
19 841
27 488
19 973
9 612
5 446
7 850
17 707
14 346
20 216
8 874
16 829
5 789
25 201
1 676
16 313
11 370
12 419
6 513
5 615
8 667
18 505
27 981
21 985
7 571
11 652
22 849
6 296
11 627
28 602
1 423
17 624
22 809
5 932
22 793
17 355
27 648
17 274
15 781
9 224
23 757
26 972
22 768
13 405
29 463
20 275
5 710
10 393
26 862
19 904
29 265
25 699
5 322
0 929
22 726
25 792
28 459
10 744
6 216
3 870
28 440
12 606
7 201
2 440
0 854
23 651
5 951
3 295
2 694
22 493
1 270
27 624
24 608
18 831
2 317
15 981
28 922
14 394
6 999
11 292
14 279
21 520
2 860
21 591
6 437
4 692
5 594
6 581
4 510
17 544
11 833
19 970
7 532
15 479
14 322
28 757
7 472
27 828
21 870
27 748
3 268
14 580
3 906
1 338
24 295
1 476
26 558
14 765
6 504
8 464
25 863
24 727
4 963
11 864
26 843
5 572
9 667
29 992
3 971
25 656
24 647
14 381
9 541
29 213
5 853
24 315
29 744
24 437
12 636
13 329
9 905
10 932
28 926
26 260
18 806
9 354
25 334
12 749
7 854
27 386
18 828
21 798
11 468
17 831
12 842
29 581
6 805
3 622
14 275
7 578
14 301
10 242
18 974
5 685
4 271
12 524
5 766
7 326
1 899
16 944
15 311
0 865
11 245
19 453
15 914
16 359
25 966
4 224
16 372
17 976
10 906
24 747
8 295
9 770
6 658
23 309
27 239
23 896
28 980
9 333
1 244
18 536
18 713
15 853
8 583
8 232
21 623
17 232
28 730
16 296
11 479
21 720
25 932
5 475
29 463
9 534
14 834
27 875
5 540
9 705
24 383
22 584
29 464
2 432
19 578
9 918
2 223
17 708
26 867
22 418
2 901
20 566
22 264
15 624
25 603
13 716
13 705
25 958
22 727
11 508
0 647
18 673
9 302
7 356
15 622
3 222
4 364
0 473
14 770
8 342
10 975
22 600
7 909
17 254
27 624
27 258
0 938
26 304
20 609
11 445
21 746
13 753
10 504
2 297
2 667
17 948
0 259
4 369
9 238
11 750
20 798
19 526
24 821
13 374
13 857
27 941
22 427
8 561
5 579
28 543
1 868
11 950
24 464
5 711
21 405
3 657
24 318
0 513
28 391
15 950
22 207
5 975
6 703
26 537
2 848
15 882
8 349
9 322
3 776
13 404
4 327
16 415
13 826
1 611
1 946
11 826
19 308
21 930
1 712
26 969
15 741
2 688
14 214
3 657
12 413
12 678
25 383
6 919
4 780
22 320
6 447
1 832
12 992
23 635
19 436
18 686
27 719
26 933
13 327
29 208
20 667
0 733
15 478
9 232
13 253
20 395
3 483
23 959
5 772
7 532
0 258
11 745
24 797
11 738
27 772
22 939
2 643
10 598
14 412
27 621
0 726
25 851
7 361
23 297
23 827
17 620
23 225
4 757
17 482
11 610
24 796
25 930
6 448
27 621
6 658
3 975
11 733
24 773
10 918
18 209
29 661
11 233
18 757
6 765
6 662
28 264
24 946
24 411
13 732
10 872
0 352
27 486
24 987
26 239
22 679
23 567
24 767
14 330
5 856
14 702
18 419
19 635
4 343
9 203
7 402
20 812
24 756
19 766
26 917
19 493
27 527
15 937
0 919
6 887
22 518
12 451
7 444
19 214
13 899
8 308
8 829
14 918
20 235
22 740
18 512
26 908
21 871
25 605
20 424
11 509
27 218
18 790
7 364
29 504
23 572
7 549
24 565
22 987
0 921
21 788
0 343
8 433
20 353
10 222
16 452
20 693
15 714
5 851
3 525
6 350
5 841
27 744
15 235
4 535
21 228
