500
3 211
18 540
17 889
1 924
22 656
1 231
29 748
16 493
8 731
28 260
18 738
2 236
18 468
0 512
6 256
27 959
8 992
11 400
13 435
22 665
3 880
8 730
28 254
10 1000
8 988
5 520
28 200
9 771
16 808
22 253
15 392
29 681
19 391
9 1000
20 965
17 859
29 952
14 720
6 485
6 523
29 469
10 989
15 497
25 430
9 464
6 636
23 842
24 369
12 785
0 988
27 327
17 895
6 326
1 732
22 723
14 374
6 436
15 903
21 410
27 442
23 244
18 718
16 869
9 883
12 436
14 752
26 360
21 601
6 680
19 379
8 221
11 526
27 335
12 647
15 557
8 936
0 699
14 776
11 759
5 961
19 469
15 552
17 516
19 562
8 666
11 889
0 690
12 327
17 201
23 925
14 631
14 397
7 356
1 353
13 946
5 310
1 656
27 365
1 500
10 382
8 482
6 301
26 369
29 224
27 808
4 231
16 473
25 634
25 370
1 511
10 850
27 820
22 275
1 224
2 359
6 209
5 551
7 522
24 334
4 695
20 567
8 317
17 539
19 695
29 228
8 826
21 688
29 717
24 827
19 612
18 301
12 382
17 604
10 648
5 459
1 463
1 908
4 720
29 670
21 416
24 704
18 902
23 238
11 669
5 842
7 866
11 459
17 873
28 791
29 834
20 565
16 388
17 784
10 944
24 290
22 435
28 295
23 253
27 888
4 808
9 463
24 432
15 460
13 677
17 469
12 428
19 573
17 699
20 901
20 672
24 753
5 416
9 360
29 722
22 721
18 590
20 224
15 660
11 876
1 394
25 423
20 703
20 469
19 311
15 517
29 969
16 491
26 329
23 342
23 880
29 271
25 490
28 983
29 372
1 998
18 799
16 947
28 485
21 948
24 778
16 353
20 260
4 359
12 671
6 490
4 802
16 628
16 552
24 247
15 460
18 824
15 397
11 656
12 676
12 751
12 853
16 806
12 865
9 470
0 505
2 809
18 706
8 468
21 331
15 634
11 364
5 925
24 412
16 969
7 929
8 915
22 569
17 355
24 973
10 720
25 661
14 538
27 228
19 917
18 411
1 499
12 987
0 710
2 721
22 290
22 865
20 604
4 290
23 680
14 707
24 362
29 647
11 617
24 217
1 758
3 806
17 848
2 872
2 486
10 368
14 798
21 474
27 911
18 956
20 626
6 210
28 821
8 420
13 445
21 911
15 921
10 897
11 971
25 813
27 949
26 678
0 782
16 584
23 569
22 717
9 959
1 565
16 813
21 795
10 555
16 894
11 928
15 896
27 558
24 801
5 933
20 306
25 722
17 981
8 306
28 510
9 783
15 839
29 245
2 606
25 871
17 331
0 227
22 918
15 737
8 468
24 496
4 768
18 714
12 423
24 264
4 464
18 244
27 834
12 361
28 500
7 954
15 502
25 303
2 347
7 521
19 859
20 305
1 641
2 774
4 560
20 990
8 917
28 829
6 802
23 727
7 445
14 629
10 312
25 320
11 820
27 984
28 438
14 420
21 501
22 439
23 335
10 534
18 927
12 668
20 966
9 708
9 295
9 764
29 260
16 302
5 357
22 775
15 433
9 394
3 781
22 916
7 526
18 712
2 563
3 457
20 609
13 563
1 515
1 832
25 387
5 885
26 828
22 797
13 847
20 956
25 835
29 428
6 976
24 564
22 909
20 392
6 885
11 973
26 817
5 299
28 476
19 653
5 312
24 956
29 233
7 519
28 553
5 604
6 466
28 921
29 785
24 230
3 901
19 343
24 338
4 461
8 740
11 225
27 465
16 713
23 239
11 561
18 954
14 568
27 862
15 246
9 528
8 420
2 483
10 854
4 256
19 884
15 293
24 723
23 212
18 794
5 419
20 992
21 499
26 919
27 239
2 657
28 550
23 511
1 556
19 269
21 960
27 564
29 591
24 905
6 823
11 887
16 662
11 536
17 834
22 742
2 832
20 932
21 461
28 648
12 703
25 268
10 395
5 593
24 454
5 278
3 874
7 911
0 690
7 297
3 462
16 628
15 533
8 287
13 511
21 333
10 363
15 929
5 935
17 544
11 875
19 247
21 846
2 551
14 830
2 808
23 879
24 1000
2 836
2 301
24 256
27 219
1 917
3 372
4 910
21 693
11 544
4 883
28 951
14 958
8 639
28 551
18 474
22 582
23 367
6 899
10 414
3 807
0 563
24 286
17 779
2 363
22 985
19 639
19 212
6 681
25 921
26 646
8 551
