500
11 948
0 359
11 622
17 336
21 332
9 240
23 764
2 459
19 911
8 339
19 476
2 652
26 698
29 850
18 764
22 649
12 258
19 260
8 950
24 648
26 957
29 224
20 925
13 489
10 964
3 451
19 839
13 804
12 619
2 225
23 853
11 949
19 812
20 327
5 391
10 945
11 952
4 354
12 622
16 756
18 284
23 634
17 916
3 718
17 547
10 709
19 255
23 534
26 201
8 578
14 792
2 367
20 646
7 974
11 656
14 798
16 680
11 931
7 796
10 931
24 224
18 456
20 987
22 715
8 507
24 338
11 834
2 284
1 637
8 890
10 338
21 294
5 521
10 387
23 678
15 691
25 910
23 492
19 883
27 876
29 975
7 344
23 764
10 906
4 833
6 887
18 580
21 980
18 745
17 787
29 850
25 714
2 778
26 430
13 891
14 530
7 553
12 957
7 438
29 565
13 294
12 529
17 667
20 675
1 937
5 288
25 507
24 586
10 933
12 781
4 865
2 947
8 764
3 410
2 550
8 625
22 799
17 316
13 486
26 450
1 773
3 496
15 518
6 362
17 924
21 395
21 723
25 324
15 864
14 352
21 708
2 603
17 756
3 726
7 567
3 537
4 376
1 582
9 515
27 506
20 486
9 932
15 772
2 370
19 826
2 635
12 348
7 842
23 662
21 348
21 761
16 254
15 578
14 851
21 344
12 749
17 422
6 314
9 368
27 946
6 228
7 697
23 262
25 820
27 582
9 418
20 849
25 502
19 703
24 876
6 803
7 319
25 254
8 379
17 530
9 774
9 629
16 227
15 394
26 481
2 216
23 385
12 749
11 788
20 768
0 918
27 892
13 554
0 707
20 857
22 470
29 837
19 537
17 256
4 984
6 510
6 917
28 281
29 388
8 770
28 329
5 562
12 458
1 505
0 629
3 238
7 805
14 200
22 501
7 428
10 339
21 871
23 842
18 848
24 727
29 260
7 395
9 645
9 258
20 607
7 513
14 752
0 906
10 605
23 339
3 902
26 916
15 980
13 630
15 690
25 608
18 402
7 825
23 513
9 652
17 437
27 970
21 973
21 647
3 258
13 693
24 870
15 998
22 405
24 569
23 367
29 927
22 294
15 671
13 332
18 455
19 962
25 606
11 793
21 654
1 800
11 785
12 919
10 215
22 508
7 447
8 760
19 334
5 843
12 202
20 451
27 909
18 835
3 676
13 558
4 750
19 316
25 513
28 496
11 545
14 253
11 813
4 730
29 886
6 307
25 578
24 654
5 477
16 278
5 550
16 373
9 665
14 312
6 475
16 319
9 933
10 736
1 242
25 843
24 624
6 484
22 294
25 495
25 968
24 660
13 301
8 623
20 786
28 989
1 982
21 565
23 729
22 347
14 836
8 831
7 712
14 923
14 223
29 218
8 655
12 462
15 852
6 291
24 909
20 591
14 872
11 548
18 754
11 358
14 309
10 771
23 705
6 410
4 836
0 221
13 900
13 397
8 376
2 463
21 896
29 321
22 868
28 592
24 991
29 730
20 385
17 489
12 933
14 585
10 920
2 486
0 215
19 744
0 675
23 576
29 602
8 984
8 902
11 249
22 756
15 770
19 632
5 878
19 364
3 465
25 927
8 927
29 395
28 836
20 736
22 708
25 553
8 940
5 888
5 555
23 913
4 220
25 771
13 227
27 828
16 462
15 458
17 614
27 524
11 734
18 980
24 501
24 768
15 268
18 981
3 263
10 293
29 852
23 367
27 979
2 342
10 254
2 242
18 647
1 766
0 337
16 409
26 337
27 240
20 619
20 322
8 777
6 924
17 368
19 434
20 636
16 570
16 556
11 465
0 247
1 247
21 627
17 796
28 311
6 716
20 486
24 521
26 728
27 276
28 836
4 929
28 464
28 950
14 531
16 435
20 488
2 831
25 458
14 860
28 943
7 246
23 535
13 548
3 343
10 455
4 702
9 772
21 847
22 442
25 942
16 331
15 370
1 952
21 634
5 864
0 655
20 280
27 959
6 920
18 894
15 861
10 261
3 411
0 699
3 490
9 226
2 396
0 972
24 476
9 616
0 255
3 616
1 832
0 404
9 769
24 699
9 207
4 829
18 976
0 978
2 900
25 582
17 394
18 352
13 848
22 601
22 734
24 711
7 850
4 600
22 751
2 672
22 650
16 437
18 440
19 922
9 225
28 813
0 314
4 817
15 986
21 853
16 289
8 716
25 490
7 538
28 786
16 624
20 957
7 765
