500
14 254
15 345
5 948
21 947
24 643
17 895
13 821
19 327
23 706
10 240
17 761
0 649
3 443
7 464
9 394
24 729
7 536
9 241
20 539
14 392
24 937
14 228
23 552
28 298
2 940
7 391
18 237
23 601
20 431
21 750
21 350
14 985
20 503
6 871
4 532
8 423
15 789
1 245
6 898
1 878
20 762
28 663
23 813
6 904
20 685
4 601
12 925
19 463
27 625
26 575
18 251
11 245
27 972
9 275
17 744
22 686
0 539
9 935
25 478
4 636
5 580
9 618
12 323
29 452
15 222
11 647
8 890
7 915
1 360
7 684
27 1000
2 608
13 507
5 866
23 918
8 424
17 947
3 252
20 556
3 221
1 635
17 827
15 235
10 308
9 240
25 457
24 899
19 712
17 765
29 779
0 807
18 203
28 985
27 224
9 596
14 888
5 901
16 568
19 690
9 674
25 531
10 559
16 600
5 456
7 499
0 636
20 449
15 890
23 316
2 817
24 938
24 684
22 675
11 819
24 396
1 536
19 458
23 287
25 382
16 470
11 310
13 803
7 523
20 920
22 397
27 873
22 859
24 472
11 691
5 748
24 249
28 870
8 648
21 223
20 315
27 510
22 233
13 214
25 952
18 486
23 919
1 554
26 342
26 469
19 950
4 523
17 207
3 485
8 310
19 830
16 479
22 761
22 612
7 207
4 402
10 962
2 406
2 638
29 548
20 718
13 568
1 495
11 616
12 968
25 670
11 395
1 932
8 222
14 548
8 657
28 311
1 941
25 253
25 494
11 409
3 765
4 356
6 778
29 638
25 274
20 457
9 233
27 998
12 916
11 707
4 568
3 420
22 1000
4 352
6 553
10 424
11 818
25 360
20 660
0 745
10 899
3 675
7 520
16 980
18 323
6 345
18 722
21 726
12 575
5 263
16 671
26 923
17 632
19 554
19 572
4 342
17 787
4 346
24 337
7 755
6 271
27 214
16 827
9 469
12 444
5 583
14 314
28 274
20 910
8 709
7 940
4 920
24 776
18 383
8 627
28 467
2 781
16 605
5 247
0 551
27 848
9 423
10 673
26 853
8 255
4 409
11 757
14 561
18 860
26 622
9 574
3 462
11 219
28 741
7 850
19 213
11 405
21 253
9 475
7 680
0 569
25 717
6 921
3 291
22 303
26 824
5 801
0 289
29 347
28 807
11 312
18 264
9 842
19 601
14 213
25 508
29 782
20 995
7 936
6 498
13 881
0 636
11 396
10 241
29 465
20 291
11 659
18 781
13 240
1 366
21 916
19 511
14 621
12 706
4 928
13 901
7 558
3 253
28 681
3 809
21 939
21 756
5 861
1 539
1 604
25 287
23 237
2 978
8 340
10 912
10 692
20 483
21 977
5 652
27 478
28 233
10 359
9 425
28 575
13 838
14 685
17 495
21 236
21 974
17 222
24 351
1 842
26 699
22 397
8 373
18 952
23 383
13 787
25 791
26 873
29 405
13 999
8 793
25 729
28 413
29 645
18 304
19 359
18 247
15 553
20 559
9 517
14 414
0 705
5 533
10 261
11 461
17 586
25 690
28 347
12 300
29 505
6 944
8 380
10 554
20 919
12 597
5 551
1 406
15 528
19 398
11 477
8 862
12 759
3 1000
8 806
7 500
0 444
5 538
16 555
10 972
4 203
5 678
1 625
19 874
12 337
2 630
13 977
5 622
29 500
18 425
8 304
16 493
23 993
27 976
11 423
1 608
7 278
8 657
11 762
22 401
8 344
8 750
3 922
7 659
27 816
22 372
1 258
25 700
0 867
7 296
13 218
3 221
27 901
0 659
11 792
17 676
19 517
17 599
11 634
26 255
2 484
16 973
29 860
6 623
22 539
24 801
15 849
9 227
7 390
17 350
19 627
25 654
11 981
11 746
5 780
15 723
19 816
21 982
25 766
11 969
29 939
9 243
7 530
13 462
26 581
15 888
14 593
21 936
22 671
20 569
15 355
6 948
10 765
19 553
6 765
1 283
12 674
22 863
15 417
22 801
25 704
2 696
3 721
5 696
23 938
8 967
6 312
14 771
28 203
16 923
3 741
4 269
24 762
6 647
29 388
8 409
23 812
17 979
1 480
11 389
12 607
9 656
26 908
15 820
26 560
4 205
10 504
11 462
9 216
5 322
29 926
2 236
18 594
27 890
17 865
25 649
7 409
6 670
6 931
27 741
22 692
25 839
24 908
10 544
16 428
0 710
18 665
6 381
22 214
