500
25 333
24 640
26 561
7 857
2 494
0 915
12 266
8 829
17 935
29 874
2 411
14 472
18 210
3 812
14 753
7 227
5 231
9 918
25 536
28 887
5 416
11 841
2 731
8 757
19 469
23 794
17 576
19 970
23 970
16 356
27 457
8 852
1 482
20 363
4 781
6 350
2 476
14 448
0 861
1 217
26 233
14 359
1 378
12 286
3 760
19 220
25 748
14 674
6 343
21 846
1 692
22 825
10 849
0 286
1 531
28 993
0 267
1 263
15 972
12 226
7 636
29 738
17 340
26 615
13 552
26 835
23 875
5 531
9 653
5 802
23 204
6 873
7 939
4 392
11 576
23 564
5 661
20 590
6 991
1 691
1 739
29 234
20 576
21 420
7 228
0 655
10 700
15 946
2 623
6 756
3 205
17 237
13 908
16 721
4 568
20 989
17 778
10 981
24 635
12 834
26 448
12 419
15 425
28 699
8 798
4 674
23 946
15 272
18 475
2 372
27 590
21 959
5 415
1 831
5 843
16 580
6 908
29 412
8 662
5 881
23 253
6 464
6 264
1 951
18 956
16 259
24 720
0 724
9 503
25 435
1 520
0 366
3 637
17 414
5 846
12 315
4 674
16 713
27 504
22 734
5 481
1 409
18 648
17 620
3 708
24 930
23 837
14 794
8 476
24 777
27 926
8 396
24 582
9 713
24 790
21 812
1 291
27 428
18 847
6 329
27 744
16 302
21 929
24 928
9 279
5 212
29 780
19 624
5 274
23 958
23 719
16 739
20 332
26 904
16 553
12 380
4 910
15 740
3 439
11 269
11 281
11 713
4 388
9 574
25 326
19 371
2 981
6 799
5 861
18 455
1 317
9 693
14 262
9 232
22 410
3 624
15 319
15 361
7 338
14 261
26 645
13 600
8 531
22 935
9 237
9 419
26 272
6 802
7 741
6 867
9 886
26 557
7 250
20 714
9 936
27 682
25 398
12 280
16 353
15 515
15 859
4 233
23 301
20 699
19 587
21 664
6 362
11 315
10 570
10 893
2 341
22 477
27 945
2 835
29 396
28 441
22 424
6 387
5 530
7 789
23 429
16 691
17 247
15 877
26 744
15 779
1 272
11 386
0 646
14 832
3 484
14 475
26 330
1 584
14 281
18 618
14 504
22 471
20 415
17 284
2 877
6 610
19 471
10 553
23 615
0 655
28 652
15 538
3 774
13 796
28 328
5 674
10 306
1 444
2 602
22 799
19 879
0 720
18 915
29 756
2 346
3 614
28 931
13 412
21 559
18 585
10 265
22 411
10 989
17 328
23 995
27 921
26 609
5 534
13 479
25 416
25 344
27 808
14 985
16 295
28 254
10 814
26 890
20 270
28 315
13 494
0 278
2 345
8 782
24 232
11 585
22 596
9 813
26 296
12 414
1 515
7 236
28 468
28 583
5 250
10 993
14 237
13 498
0 296
1 255
25 378
4 793
6 969
12 291
24 250
0 270
12 988
3 415
12 781
17 916
29 611
24 549
24 854
18 733
6 413
29 951
28 410
6 388
17 515
10 877
21 649
14 483
10 282
26 229
16 736
8 596
8 402
29 708
1 566
27 985
24 801
13 571
27 797
12 660
26 864
17 416
2 438
19 955
29 690
0 807
28 272
14 470
0 300
5 411
22 336
3 683
3 914
4 274
6 986
24 272
9 213
4 939
26 648
6 989
24 308
29 565
16 456
19 226
2 781
5 737
29 323
21 989
17 845
27 848
5 538
22 662
7 353
15 570
19 981
15 282
16 1000
29 840
6 876
5 927
10 234
14 627
25 594
9 461
27 577
1 772
10 343
19 381
25 775
23 619
6 535
14 209
26 544
6 501
4 236
5 374
12 883
4 959
24 908
9 588
18 236
25 524
22 1000
13 589
27 471
20 293
15 564
29 893
25 280
23 576
10 825
23 913
0 236
26 497
7 760
27 766
15 243
1 761
18 389
7 781
7 775
29 364
13 786
10 349
11 526
6 908
1 385
26 430
6 689
7 890
26 944
15 920
17 470
29 523
24 380
7 807
14 559
16 556
16 839
8 411
25 310
4 704
22 896
17 853
2 444
28 738
18 907
29 659
17 805
12 258
23 332
18 266
13 628
19 457
11 245
14 734
4 579
4 584
27 917
2 975
7 948
14 848
19 741
21 733
23 439
7 928
11 709
19 994
6 725
14 817
29 250
22 475
16 622
22 977
29 670
9 255
6 518
22 664
4 911
16 921
16 741
