500
1 472
15 427
11 756
27 882
24 951
5 514
4 281
0 325
29 678
21 811
17 575
23 239
28 623
24 606
1 495
20 930
29 881
26 426
22 785
25 788
13 388
19 661
29 620
26 577
16 212
19 853
6 360
7 479
14 336
22 757
9 533
3 903
28 514
24 659
27 483
2 261
21 218
17 385
24 657
12 634
24 445
13 383
0 650
21 564
15 459
7 523
23 936
24 344
27 612
13 558
16 450
10 888
29 626
21 792
11 687
10 519
25 385
14 930
28 320
1 514
24 954
22 643
7 776
18 549
8 438
3 528
10 219
6 962
5 365
17 602
17 525
3 570
22 393
9 312
28 413
12 795
9 810
15 656
14 761
3 611
16 933
1 413
24 931
23 904
0 698
19 627
22 436
9 632
25 398
14 787
9 865
8 378
0 579
18 280
2 332
14 416
8 676
0 532
12 959
16 590
5 261
20 214
12 205
8 391
2 850
28 622
16 722
14 547
20 356
14 398
1 610
2 363
23 542
20 342
6 258
20 804
27 581
8 872
11 290
8 910
27 984
14 453
5 526
9 574
22 949
17 532
14 507
19 333
1 572
22 545
10 471
29 706
3 356
7 337
19 880
9 745
24 852
9 388
25 487
1 427
6 333
7 827
16 706
5 490
7 261
22 827
27 350
25 866
19 821
12 749
17 596
4 989
2 584
9 561
10 226
29 537
10 645
27 470
27 878
21 995
3 440
1 944
2 515
13 602
23 633
15 537
0 912
25 839
24 259
16 929
13 247
17 588
27 365
28 596
4 309
27 344
8 442
21 437
12 543
24 384
2 912
2 515
13 732
18 619
7 897
19 388
22 497
11 808
15 856
8 318
11 621
25 466
20 204
16 992
13 993
2 479
12 663
0 219
10 987
9 469
4 756
10 301
27 950
14 941
16 335
23 357
11 890
21 551
10 653
22 518
19 855
0 807
17 248
2 795
12 912
14 856
26 603
23 996
19 230
3 789
25 606
12 921
28 415
22 334
4 515
21 970
25 262
0 967
6 933
24 616
16 660
28 950
29 440
19 721
17 272
24 376
8 589
18 676
8 595
15 884
18 648
21 879
10 528
10 779
14 752
6 390
20 642
18 798
15 889
21 459
1 816
23 539
20 361
21 831
11 754
5 955
28 215
0 723
29 580
14 509
27 252
15 874
0 392
24 380
8 894
7 297
29 638
28 541
10 608
26 435
13 568
10 913
26 734
10 247
14 536
23 845
11 761
2 474
11 723
5 228
24 867
13 331
9 522
13 451
18 906
6 287
11 651
18 495
23 909
10 201
19 276
12 775
4 729
12 715
3 718
16 387
10 936
8 656
6 367
6 789
21 700
5 935
12 848
2 631
25 782
26 945
7 237
19 973
14 259
12 644
7 431
14 617
27 805
20 954
14 832
10 732
7 664
23 738
27 297
26 711
3 815
26 577
1 262
15 650
20 814
7 838
4 744
5 356
16 518
2 385
8 302
23 443
8 580
22 849
23 296
25 379
10 331
18 846
13 453
1 256
20 288
12 901
4 864
7 709
5 720
28 258
29 820
2 282
27 622
23 280
0 1000
4 920
26 325
29 337
17 377
9 395
25 633
12 877
26 676
24 213
21 227
0 522
2 515
13 706
19 369
15 547
15 420
23 529
22 836
14 363
9 830
20 707
7 270
28 259
22 711
10 772
22 209
6 999
25 708
25 615
17 335
15 347
8 555
7 714
11 988
27 893
7 255
25 462
10 359
12 354
11 520
4 714
6 663
16 647
21 578
10 306
28 556
23 654
5 247
20 251
24 372
9 785
25 588
15 441
27 299
12 870
12 574
23 436
17 885
2 689
29 527
0 260
17 580
22 664
8 263
12 710
2 856
28 697
1 222
27 813
24 242
16 536
6 200
26 659
26 961
28 945
29 369
17 797
19 637
4 779
6 375
9 219
27 859
29 280
18 265
22 311
9 486
14 259
16 591
16 910
12 634
12 566
10 382
4 219
15 901
6 445
9 726
14 848
1 912
13 906
12 264
20 902
23 869
0 653
2 390
11 576
9 926
27 506
19 860
3 404
14 764
12 779
5 582
17 392
22 967
19 675
0 884
9 744
27 658
15 767
24 438
7 203
27 560
24 929
14 531
16 306
25 312
1 578
21 790
9 461
15 491
27 421
29 202
8 377
22 557
8 886
1 300
20 337
1 978
1 294
29 975
3 840
13 248
19 714
25 548
7 968
1 212
12 262
5 995
17 344
