500
6 778
11 740
2 655
10 932
22 572
10 396
1 816
9 206
3 607
4 866
14 907
6 792
1 600
10 998
23 296
19 763
2 696
4 665
24 916
2 306
8 761
26 882
16 645
29 266
18 202
7 481
27 655
29 236
13 313
15 870
9 774
21 230
23 314
14 917
16 701
25 609
8 247
3 584
26 597
26 981
20 903
5 583
8 375
27 480
3 853
7 666
22 609
27 813
9 720
19 500
28 405
21 547
1 594
17 332
1 264
15 951
20 776
12 237
10 807
23 436
28 806
28 732
0 882
0 469
12 699
3 356
5 698
14 293
10 369
9 307
11 816
4 989
27 953
24 424
25 210
22 709
0 718
28 992
6 594
21 999
29 833
29 285
17 935
25 667
13 300
12 353
17 990
7 713
29 651
7 629
9 278
27 731
18 942
8 563
11 432
19 533
21 771
14 349
24 599
24 254
21 315
12 665
14 634
13 271
16 799
27 456
26 779
18 455
21 960
5 853
26 935
25 863
20 856
20 247
21 570
10 452
20 469
1 356
28 694
23 377
19 229
1 900
7 433
11 890
9 877
17 938
28 963
23 453
20 264
14 387
29 406
9 471
17 381
25 570
22 599
28 469
21 551
7 865
29 255
23 454
1 970
22 347
27 789
19 200
16 594
16 328
1 297
9 309
19 440
29 478
5 429
6 967
19 910
6 658
8 639
27 482
5 369
25 385
14 725
13 273
0 788
10 514
13 965
26 690
15 573
18 215
23 583
17 473
28 951
29 877
12 285
12 787
5 222
2 250
13 661
15 312
4 759
22 936
16 373
7 378
27 624
8 519
25 892
11 621
11 460
18 479
5 938
2 881
14 814
10 491
3 408
9 811
12 850
24 502
11 980
9 692
13 438
21 720
0 550
18 593
2 226
1 408
25 778
3 834
12 302
9 420
15 866
6 898
1 686
28 275
15 220
26 828
12 371
7 351
15 247
19 685
12 323
10 864
0 311
1 717
15 452
18 970
23 719
16 215
25 247
14 844
15 691
1 827
4 678
29 947
13 321
1 922
21 503
23 874
21 800
5 722
6 781
25 821
0 466
20 524
16 919
4 992
9 502
10 324
6 396
0 976
9 292
14 360
0 981
29 411
4 939
3 964
14 500
19 486
1 460
2 516
8 587
29 855
13 520
21 717
21 589
19 450
13 894
14 539
1 705
20 479
10 839
15 774
0 747
10 372
16 490
6 823
1 675
22 412
28 853
19 609
0 839
26 473
29 914
6 645
18 548
3 615
10 732
5 341
27 462
21 767
0 217
10 376
4 458
16 305
27 525
1 373
7 964
21 452
10 959
6 506
17 343
16 637
3 980
20 275
1 631
16 618
6 815
22 938
7 505
2 587
27 740
22 448
26 544
1 850
14 937
1 670
23 385
14 906
12 211
13 322
21 652
3 538
16 759
16 416
3 217
1 693
28 830
6 634
21 241
10 332
28 351
4 330
11 738
26 932
1 962
17 998
21 844
2 427
29 673
15 951
4 590
10 867
2 542
2 971
27 292
20 757
22 592
22 992
27 735
14 323
17 749
0 505
19 857
26 754
22 498
28 805
3 205
20 299
7 525
28 252
26 391
8 593
29 231
4 832
4 486
16 963
2 652
1 880
22 364
7 915
1 989
3 842
29 698
23 586
5 609
17 315
1 813
2 893
18 814
25 685
24 270
18 794
25 464
27 790
5 702
26 838
29 431
1 604
18 907
11 822
7 753
28 936
6 990
7 470
10 216
1 728
14 665
4 488
1 970
28 681
24 740
27 470
23 564
12 445
29 363
29 937
19 873
3 827
25 412
15 979
2 345
27 301
23 499
14 899
25 401
26 567
7 565
0 541
10 530
25 710
6 483
27 200
14 533
26 902
29 784
27 801
13 523
20 208
4 285
0 335
21 250
4 501
13 734
8 378
4 458
18 762
12 811
8 301
3 522
27 696
0 293
2 957
14 398
11 736
28 221
24 263
28 208
12 788
23 707
21 778
16 996
4 436
24 884
3 218
21 691
11 610
26 862
16 527
24 875
17 707
8 629
3 668
10 938
6 683
9 394
6 818
28 808
18 481
29 494
26 334
7 812
4 269
26 448
21 996
16 952
22 646
11 670
14 750
21 837
12 775
1 880
23 729
14 270
17 864
0 893
18 306
22 647
24 614
5 618
9 547
10 921
21 587
6 699
9 815
20 427
7 290
7 628
11 377
15 947
20 415
16 885
28 348
22 303
14 295
