500
9 651
16 264
6 656
5 264
28 221
9 295
20 791
25 708
15 546
19 540
25 521
10 450
27 535
18 789
9 762
22 713
1 805
21 728
28 371
25 216
10 293
15 952
23 820
18 466
23 313
10 870
6 614
26 656
14 890
23 668
29 865
14 713
20 517
18 536
28 872
13 859
23 294
27 507
21 549
27 451
17 932
13 520
23 995
19 570
12 549
2 968
14 428
4 308
2 703
18 728
18 328
9 997
5 383
11 555
6 247
27 513
21 896
3 662
10 650
23 441
2 750
20 542
8 437
14 696
26 358
25 361
27 308
15 736
9 315
24 872
17 318
5 311
23 912
2 344
6 972
26 689
14 886
27 660
4 395
26 218
0 814
22 506
20 972
9 803
21 509
21 511
18 364
19 657
1 779
2 788
25 394
5 332
6 419
3 902
29 397
16 234
0 335
29 470
8 568
6 416
25 588
0 781
9 496
1 348
15 561
16 886
6 813
16 243
12 527
11 531
25 828
29 478
16 636
8 359
14 267
24 263
1 919
23 549
24 289
16 395
23 706
7 371
12 722
24 786
25 256
8 689
2 264
24 714
10 585
5 777
15 445
4 426
2 467
8 820
20 805
12 519
13 503
24 360
14 613
16 442
21 725
29 428
18 542
12 757
2 507
15 768
23 472
11 806
26 551
22 844
18 494
26 578
7 299
18 917
3 434
19 420
2 701
26 420
16 510
21 466
19 567
16 907
14 869
19 219
20 689
7 386
7 326
14 798
18 248
19 937
4 316
7 563
9 821
23 258
23 455
2 647
11 426
4 626
3 655
9 323
14 217
28 346
6 687
1 772
23 371
1 278
16 913
21 805
24 882
2 392
11 878
16 239
5 230
14 269
14 723
10 632
10 654
12 986
29 671
23 742
15 611
16 228
7 627
1 342
17 978
10 324
21 216
14 957
13 730
1 474
5 827
20 689
29 941
19 588
7 551
25 362
17 956
23 933
16 688
22 985
24 410
18 875
16 879
20 220
13 271
17 236
4 268
24 852
29 552
15 310
14 992
25 530
3 553
15 897
1 228
17 788
1 506
27 213
3 331
10 366
19 763
20 693
5 947
22 362
29 452
24 251
24 275
2 551
22 491
3 202
20 820
6 566
6 639
3 939
27 449
18 704
10 379
26 307
20 675
23 652
15 847
0 695
2 918
18 357
19 597
22 376
11 226
13 824
3 458
1 932
3 317
14 883
28 355
28 799
22 333
17 291
17 450
24 555
8 719
7 260
26 201
0 715
5 606
29 339
3 796
14 210
21 814
13 470
5 284
0 372
25 820
16 485
8 776
28 716
20 282
24 514
27 612
17 223
25 401
28 497
21 239
1 373
28 838
5 890
19 960
15 526
5 367
15 235
26 858
7 825
16 894
5 274
17 999
25 874
9 928
14 1000
8 281
11 959
9 499
10 488
23 482
28 911
11 770
24 304
20 375
9 919
13 949
0 864
21 468
8 709
7 851
16 923
11 846
10 883
18 467
29 317
21 293
2 419
19 258
18 450
28 581
6 643
23 696
18 551
5 699
14 382
7 387
27 387
11 271
9 327
24 788
9 385
14 446
5 875
25 345
9 425
5 496
15 439
2 529
13 229
14 698
4 391
0 516
14 530
6 464
28 947
14 220
26 653
11 498
2 212
19 629
6 637
19 716
21 208
15 539
14 546
25 459
20 633
13 691
13 347
2 549
21 552
14 730
6 804
8 357
2 898
8 287
20 762
6 686
6 896
1 603
15 224
14 422
29 319
26 727
18 275
21 210
28 288
14 244
19 485
4 204
6 411
13 514
25 645
27 721
3 235
4 996
17 602
20 715
13 890
11 436
3 539
15 341
23 321
27 699
5 924
4 412
8 530
28 660
21 408
13 717
14 457
0 747
23 422
23 223
11 339
21 273
21 885
12 505
2 476
23 729
4 375
28 487
10 978
29 464
12 507
2 482
26 891
5 393
29 941
21 561
6 707
20 330
20 602
27 788
0 465
14 258
16 944
8 218
26 476
3 415
15 843
3 862
4 924
5 967
29 237
16 240
28 411
6 1000
27 442
15 219
10 260
13 513
27 493
6 902
7 735
3 437
15 425
2 479
28 569
15 235
10 263
26 572
23 809
19 618
22 585
13 740
27 521
29 944
25 846
25 488
19 229
12 338
18 310
5 493
2 597
2 735
20 515
28 648
11 874
24 713
26 552
19 437
0 853
26 530
14 987
1 738
12 928
9 667
27 516
