500
29 253
1 462
24 777
4 705
19 785
7 421
9 278
26 311
18 844
14 884
1 365
24 305
11 796
28 214
8 555
25 622
28 457
28 647
9 533
14 383
28 723
26 731
0 756
19 709
1 689
24 375
18 234
1 636
25 423
1 483
17 383
2 263
25 583
0 679
1 352
4 833
1 550
18 985
10 736
15 260
5 890
8 961
24 221
25 214
18 359
22 320
22 645
23 779
17 855
14 747
25 379
16 466
27 252
29 454
27 845
21 691
23 626
20 987
21 470
0 441
11 213
29 780
18 465
8 759
17 953
27 480
12 513
18 1000
10 594
23 425
24 644
2 276
0 917
18 529
16 513
5 927
25 639
0 954
16 836
22 383
2 568
0 862
29 269
21 225
27 720
19 337
26 436
7 953
12 567
14 317
29 586
9 234
27 456
11 323
17 915
18 912
22 595
6 574
18 420
21 934
1 278
6 270
26 715
19 634
15 909
8 439
19 211
8 927
2 307
27 292
17 540
1 778
2 692
12 237
7 495
10 632
0 550
5 436
10 970
8 708
14 588
9 524
1 329
15 525
16 335
0 822
11 859
3 940
24 696
28 691
2 613
14 741
22 429
14 988
2 330
12 909
21 914
12 684
22 544
13 822
24 900
13 579
3 668
28 822
5 738
9 403
7 232
24 243
2 641
2 295
16 598
18 972
24 264
12 634
29 590
2 961
5 291
17 808
10 797
8 802
13 659
15 507
1 411
8 278
20 446
7 510
23 312
26 521
18 669
29 588
19 704
28 886
10 629
15 927
21 728
8 364
25 209
17 665
16 542
13 396
17 688
1 610
19 583
14 741
7 363
15 723
26 753
11 777
27 293
0 345
15 683
20 844
21 844
27 950
26 803
2 612
12 395
29 832
22 749
25 989
15 634
7 443
29 339
4 681
23 772
16 237
12 628
29 349
22 794
27 861
27 536
21 850
16 842
14 993
4 818
2 689
21 501
2 829
1 999
14 342
10 822
24 241
3 545
1 383
21 424
12 445
29 452
19 710
8 677
24 363
9 998
9 843
21 579
11 374
10 266
16 423
0 551
13 726
22 469
11 792
18 231
4 423
23 631
12 496
24 964
2 526
11 547
7 768
28 747
26 548
21 933
21 678
26 523
19 791
11 714
21 915
16 679
20 476
11 576
29 769
23 511
11 465
14 469
6 285
25 791
18 969
13 570
9 943
4 503
0 842
23 243
5 893
0 407
1 821
24 397
11 762
8 232
11 387
6 925
18 507
27 726
10 750
25 908
1 263
4 922
17 523
25 714
21 490
7 647
26 251
2 247
27 688
6 318
7 922
2 628
0 519
6 668
12 852
2 317
5 213
23 225
23 307
11 297
24 298
20 533
7 411
6 734
27 226
16 370
20 953
25 900
2 609
9 942
6 539
7 348
29 886
19 438
9 792
14 867
15 796
18 612
17 214
3 378
4 959
27 636
28 392
22 457
29 867
6 349
23 271
1 232
24 322
10 721
26 911
25 945
3 225
9 724
24 471
24 960
6 434
27 846
18 229
11 624
2 403
6 615
22 611
8 776
7 865
1 712
23 423
8 265
24 835
11 908
22 353
20 575
3 545
2 644
24 631
6 296
25 673
1 271
9 323
14 753
10 601
25 714
3 802
15 922
22 513
3 214
19 657
29 211
11 303
28 956
0 322
10 833
26 963
1 982
13 779
16 726
18 563
28 805
6 567
22 471
0 430
5 722
5 846
2 664
15 802
17 330
18 479
22 418
13 935
6 983
17 656
11 754
22 969
27 450
27 349
11 928
3 895
8 517
28 727
23 650
16 602
5 424
29 951
27 792
7 239
14 789
15 761
10 900
8 898
28 887
18 946
18 421
29 478
5 808
23 551
23 887
0 392
7 964
0 259
1 486
29 401
25 375
18 548
29 487
22 525
0 338
24 490
19 987
21 873
26 584
7 887
21 997
8 319
18 400
21 228
13 715
13 878
16 460
19 971
29 275
19 584
16 707
20 292
11 249
8 600
22 531
26 655
17 613
8 899
13 566
2 974
13 431
29 392
13 369
23 528
29 738
0 756
2 352
3 512
18 767
19 240
16 460
26 664
1 516
15 620
1 979
16 943
4 733
8 215
9 694
19 475
15 976
22 800
3 440
27 771
7 432
15 360
20 586
28 917
7 745
4 480
19 587
23 749
10 412
22 276
6 683
1 259
17 530
14 916
13 654
1 775
10 960
25 240
11 393
12 641
4 816
24 526
