500
13 368
12 876
19 896
10 440
10 488
7 782
13 642
2 741
27 522
20 478
5 595
11 797
4 219
15 926
28 936
29 850
29 355
24 299
8 565
25 699
28 890
14 751
26 906
12 859
3 431
7 811
7 913
2 782
8 591
26 327
2 397
19 583
25 886
29 858
23 889
21 394
19 566
0 359
25 444
17 669
0 373
13 648
27 572
8 631
21 830
2 488
14 963
25 958
20 412
13 710
26 253
24 452
19 1000
24 288
10 859
16 506
8 708
15 710
10 353
25 824
21 485
25 858
26 352
6 736
21 794
28 402
5 341
9 266
16 762
19 739
11 223
24 506
2 411
13 237
0 797
13 309
8 391
13 349
12 893
24 519
1 580
29 603
9 334
5 472
24 933
18 381
27 531
7 466
26 603
8 334
18 213
27 813
9 560
23 250
9 468
27 227
26 395
21 308
11 592
12 274
5 515
25 809
15 350
13 221
10 969
0 759
3 954
15 966
29 414
3 996
23 425
9 326
11 387
20 913
12 668
12 563
15 990
24 752
7 322
7 597
24 553
19 990
20 496
25 467
16 793
2 894
5 440
9 763
11 678
27 331
27 930
21 407
21 841
4 552
14 471
19 665
9 997
10 686
4 223
29 938
16 318
22 462
1 953
11 695
5 932
2 325
29 679
13 655
4 539
7 452
7 982
15 937
0 324
29 998
25 202
13 858
12 851
26 923
19 900
26 511
2 696
26 568
29 629
22 782
27 852
29 735
11 696
29 557
6 590
3 897
16 403
2 692
25 798
28 672
1 218
27 690
20 960
19 605
25 978
24 708
0 481
16 363
1 448
19 573
8 400
20 307
10 495
20 699
27 670
14 566
6 970
24 224
26 896
25 939
22 421
12 489
17 565
7 545
14 529
29 727
21 760
26 872
24 540
7 285
27 592
12 910
3 784
14 657
16 382
12 320
7 995
19 424
26 337
21 382
12 922
9 397
5 586
2 695
5 579
1 827
24 311
17 824
23 424
22 437
4 811
8 397
24 786
4 743
6 672
28 755
11 945
26 252
1 905
13 889
19 633
25 537
25 435
16 621
14 231
1 424
28 481
14 260
16 613
9 235
11 857
15 842
16 379
19 974
16 367
16 307
10 202
4 683
5 413
22 641
18 631
4 686
25 652
0 587
16 928
9 948
6 641
7 248
9 480
0 669
28 927
2 243
21 614
26 526
12 397
19 970
13 714
28 852
17 604
13 598
11 281
19 525
12 588
8 989
27 915
17 837
4 377
4 374
15 230
20 351
7 419
13 688
13 904
25 924
22 641
9 981
10 392
19 893
15 902
5 374
0 483
7 739
17 825
14 598
25 438
8 720
13 940
6 716
12 772
24 910
24 647
15 231
6 559
16 237
19 576
11 576
0 615
27 888
22 892
17 740
9 856
22 281
18 298
24 665
18 386
28 329
11 553
12 851
15 614
4 425
26 954
28 526
4 957
7 436
12 961
1 668
2 969
19 793
19 604
1 328
6 672
4 518
15 940
8 569
21 878
12 424
12 754
18 584
12 509
28 991
0 989
27 857
7 644
25 777
11 680
4 618
27 301
11 456
5 493
13 952
5 522
22 973
12 752
24 826
11 946
13 518
14 204
3 552
4 848
1 840
15 446
21 571
14 409
28 391
11 473
1 544
3 910
16 934
16 521
28 318
0 487
11 755
20 906
10 317
5 507
11 346
5 430
28 362
10 219
28 771
12 893
8 832
23 768
22 714
24 246
4 871
18 250
19 274
0 442
7 644
10 718
22 542
10 229
11 953
21 750
0 838
25 937
14 977
14 835
16 737
16 571
29 549
10 224
7 608
28 645
26 364
22 563
15 688
8 307
9 477
22 873
26 528
17 298
16 978
24 620
19 657
19 337
6 319
29 653
28 629
6 570
13 513
12 629
0 422
8 846
25 994
23 905
17 401
12 423
6 981
10 937
25 519
25 473
20 770
18 484
7 778
29 217
26 424
12 215
6 221
23 302
10 745
22 746
8 684
21 328
18 915
0 883
23 878
29 897
17 531
14 898
9 725
14 571
10 748
12 510
25 359
22 297
18 800
2 458
4 327
10 896
15 729
4 414
9 986
10 291
7 627
12 875
23 896
27 415
17 436
10 615
2 382
12 514
5 790
13 747
29 899
11 765
19 703
9 639
23 882
20 544
1 288
27 826
6 589
14 392
23 638
17 534
0 650
18 610
15 956
8 529
29 389
9 396
13 534
29 394
27 475
