500
16 621
0 477
12 576
1 621
16 692
24 415
17 868
20 583
18 806
19 876
19 584
11 404
7 616
22 358
2 493
2 959
19 851
28 599
22 864
18 741
25 244
10 281
22 749
21 345
17 541
5 524
6 555
15 203
3 844
2 620
13 730
24 899
9 947
11 870
21 710
23 416
25 278
3 229
8 867
17 810
6 344
7 384
1 841
22 687
6 407
16 567
17 989
2 677
17 513
6 580
29 432
29 891
13 542
12 825
25 226
18 423
19 238
15 520
19 436
4 318
28 951
7 367
17 855
2 867
11 376
2 495
16 537
5 492
17 293
28 681
24 387
28 407
14 438
7 796
24 383
24 643
9 712
17 285
5 249
5 413
8 669
25 257
5 349
6 696
25 959
28 998
4 974
18 225
17 932
17 788
3 902
11 512
15 872
27 744
23 700
9 519
27 843
10 563
25 686
3 609
26 532
24 661
19 878
19 356
18 653
20 446
23 657
11 702
29 282
27 416
2 430
11 892
26 628
9 722
29 284
28 674
7 547
22 726
15 533
25 786
20 789
25 511
13 745
27 859
25 908
9 879
9 369
23 542
27 633
27 206
27 775
21 911
13 799
26 894
3 434
14 523
28 546
8 413
16 632
4 242
21 941
14 887
16 630
17 636
4 435
18 769
28 900
22 445
8 372
7 530
12 853
22 762
23 609
0 751
4 459
28 841
14 389
10 919
9 764
21 630
13 993
6 975
3 905
2 789
17 212
24 697
13 250
8 420
17 758
15 462
6 548
26 552
16 303
19 617
0 227
13 391
17 609
9 806
7 479
11 968
21 665
3 274
12 898
25 242
12 261
3 439
6 845
15 385
18 239
27 864
21 536
24 223
28 403
6 822
16 223
18 880
11 558
16 447
11 818
5 631
20 260
24 353
1 543
28 580
2 930
27 363
22 654
10 529
26 611
2 385
8 504
11 659
2 253
6 768
24 999
13 520
29 933
14 779
29 464
22 408
14 513
8 561
16 365
3 835
2 233
22 733
28 325
26 589
6 458
28 691
23 853
20 845
26 431
1 200
12 848
25 438
12 984
18 863
9 463
2 464
12 995
21 725
5 876
8 254
0 343
22 749
1 697
25 414
6 459
11 401
11 820
27 526
3 531
19 358
29 414
20 966
7 456
21 458
27 419
28 427
23 751
12 571
20 242
29 976
9 832
24 277
5 401
2 511
18 730
11 749
6 900
5 406
0 880
6 409
6 587
21 996
21 483
18 760
10 535
9 813
21 778
3 613
15 767
4 361
12 656
2 526
18 424
14 849
24 710
18 405
16 309
9 632
11 571
26 765
19 226
1 590
4 506
16 569
13 608
12 718
2 346
25 950
17 825
15 797
23 486
0 213
9 868
21 785
20 882
27 292
12 686
3 853
3 542
7 370
9 319
2 213
27 648
9 655
25 699
10 322
20 731
1 753
15 879
29 259
20 583
20 987
13 295
3 906
12 767
1 810
13 275
24 842
25 506
13 627
14 542
4 488
14 959
22 575
15 282
10 895
26 730
10 683
5 952
12 802
23 962
0 611
16 488
15 495
26 384
28 713
20 945
25 300
12 698
10 571
5 771
24 309
20 486
28 337
11 975
0 837
17 233
20 452
12 279
10 569
13 301
6 700
23 391
8 448
11 471
13 234
29 207
24 460
3 738
23 489
9 208
4 611
25 386
28 333
11 582
9 847
26 736
16 394
5 951
17 471
29 925
18 318
26 940
29 753
22 633
21 577
5 814
12 511
25 291
11 855
23 613
8 316
16 861
1 205
18 840
2 633
2 929
28 275
6 203
20 609
25 831
28 525
7 662
18 783
27 947
29 398
17 902
3 748
18 874
15 333
17 913
3 747
24 803
1 774
15 623
12 913
21 515
17 797
12 770
8 892
5 778
22 600
1 426
11 682
11 789
19 367
9 522
7 265
12 263
21 689
6 483
23 873
17 955
4 682
17 790
1 269
2 449
25 852
3 933
25 427
16 484
7 821
13 280
21 596
17 356
17 495
19 445
17 719
28 872
4 588
6 774
26 527
14 929
12 962
20 506
16 666
16 546
2 400
13 954
2 967
9 948
11 324
6 670
1 991
24 341
28 336
6 201
16 897
4 477
3 236
0 956
17 646
27 672
4 406
11 954
22 726
12 729
10 581
9 335
8 298
7 497
10 423
24 957
6 600
16 819
27 344
15 438
25 309
21 381
10 307
8 592
26 854
13 682
18 400
2 606
29 434
