500
1 828
29 316
3 506
3 296
25 815
4 255
19 814
24 415
28 971
19 357
7 412
13 937
19 639
26 512
2 532
15 830
27 276
18 357
13 260
22 533
19 667
10 598
13 921
6 638
16 538
20 884
22 531
14 465
28 220
29 481
23 486
15 697
18 647
24 983
27 446
14 836
22 640
24 530
0 260
26 522
16 556
29 380
27 798
7 678
5 871
0 624
26 894
4 932
3 579
0 879
24 515
6 318
19 798
6 420
17 541
29 481
29 725
15 280
29 309
10 457
6 325
15 225
14 202
19 467
16 410
13 786
7 436
7 985
7 678
2 278
14 860
5 784
2 757
21 612
23 250
6 825
6 780
10 635
15 295
23 265
3 472
5 295
10 410
5 906
16 955
17 595
5 271
0 268
28 869
6 506
19 817
10 729
22 657
23 577
22 591
5 391
26 551
9 934
23 600
2 542
29 516
10 430
15 452
28 339
27 498
15 444
29 210
20 579
22 621
13 466
14 216
29 301
12 578
9 506
23 991
5 453
20 648
23 277
0 741
0 342
14 946
2 918
18 831
26 564
0 385
10 612
16 542
13 359
2 884
12 791
16 846
26 313
9 374
0 994
1 417
10 388
6 593
7 725
4 352
15 455
5 378
3 894
29 796
17 487
7 242
6 700
20 505
11 315
17 897
14 843
12 517
9 340
20 904
24 369
21 454
2 935
20 315
8 733
13 743
1 834
28 417
26 549
8 570
22 750
2 650
3 809
13 587
16 392
28 232
22 643
23 364
9 871
13 262
3 469
5 540
16 736
10 856
2 532
27 574
15 582
0 470
6 849
18 559
8 858
17 368
17 303
2 338
4 298
4 393
1 623
28 626
8 541
9 866
19 911
15 311
20 696
12 716
25 715
4 268
4 598
24 571
23 573
11 505
0 206
8 854
23 455
6 535
15 247
2 639
25 724
16 538
15 715
5 509
20 703
8 375
25 400
29 703
11 736
27 774
21 857
29 520
20 959
9 313
20 742
23 323
27 402
7 466
2 835
1 420
15 461
4 403
12 544
21 421
4 277
9 634
14 862
28 941
26 388
29 872
13 493
10 457
16 481
13 537
25 733
12 500
20 501
26 547
23 958
2 373
5 705
24 735
0 282
24 230
9 492
26 580
1 345
10 358
2 785
11 867
27 395
7 921
6 634
5 580
7 749
1 327
18 338
2 317
29 742
28 972
11 773
26 571
4 384
20 216
10 263
20 689
28 677
29 413
14 225
7 574
29 931
10 495
23 620
22 861
10 651
8 272
11 206
29 224
2 880
21 452
18 746
1 685
2 766
21 226
27 350
24 494
11 836
6 283
22 939
18 608
20 939
7 857
15 330
4 340
29 324
28 780
14 898
21 884
19 693
13 895
3 540
24 385
18 441
27 773
18 328
28 718
6 805
12 945
15 738
23 369
2 996
29 302
15 376
8 264
20 265
27 213
7 416
7 265
25 555
28 635
15 785
23 912
23 235
24 488
0 844
2 426
20 731
10 352
23 738
10 715
2 810
3 702
15 564
3 373
23 780
28 920
2 245
5 356
23 923
17 416
17 228
5 437
22 218
3 919
20 246
19 259
20 965
20 435
13 528
15 247
8 933
20 971
21 966
22 908
10 594
20 560
15 267
1 479
4 876
14 375
6 598
5 799
21 275
20 269
14 299
27 271
16 307
1 463
22 802
17 464
6 745
21 580
17 712
13 627
16 535
17 710
17 423
7 369
3 622
13 430
11 555
27 859
23 726
26 510
15 221
26 284
0 326
21 835
19 245
4 701
9 625
29 495
24 203
25 876
28 783
14 296
1 276
27 211
11 258
22 261
8 277
15 462
28 531
4 226
14 220
14 512
6 924
29 975
26 817
19 219
13 935
22 342
5 629
4 395
16 261
27 775
4 592
0 635
29 601
16 394
7 891
12 642
5 214
3 516
13 997
5 961
5 514
21 543
12 811
28 434
21 902
5 261
6 217
21 538
7 250
12 850
18 913
21 227
23 254
7 710
2 587
13 308
25 284
25 820
3 607
15 249
4 853
0 932
9 252
28 227
20 596
10 527
18 278
8 394
0 656
22 318
17 1000
29 461
1 312
19 248
12 223
12 720
28 859
5 910
13 373
2 918
11 553
4 430
3 835
8 338
29 340
28 707
21 484
28 958
3 346
0 342
10 968
7 725
13 387
20 357
27 815
10 506
24 952
27 233
4 991
24 304
23 706
10 867
26 329
16 890
25 351
