500
11 938
12 854
21 417
20 932
15 357
14 647
11 912
10 431
7 217
23 385
17 441
16 322
4 267
18 940
17 450
5 377
7 970
0 968
22 717
12 490
27 515
1 205
23 514
2 412
21 767
1 795
27 224
2 502
7 313
10 225
15 908
12 749
22 736
21 967
12 698
19 971
11 644
24 499
17 724
17 752
17 255
3 654
18 556
27 413
14 517
4 260
10 945
22 615
14 361
3 545
11 752
8 333
19 376
22 317
4 816
22 665
16 487
24 270
6 926
29 808
6 568
19 230
3 255
3 835
11 322
22 544
20 241
12 775
12 438
14 678
18 921
4 255
24 978
16 412
14 544
19 314
22 818
17 949
0 692
21 361
4 660
9 636
5 930
22 723
3 464
6 680
27 739
22 773
15 613
22 320
25 810
27 966
23 826
9 293
0 723
26 610
12 375
19 298
7 698
3 232
25 925
0 539
16 548
18 316
25 466
4 662
19 759
5 549
7 719
14 854
1 420
17 854
10 534
10 371
18 355
20 615
9 616
19 261
12 784
13 237
6 308
28 325
25 312
2 580
16 342
29 441
22 633
10 564
2 356
26 370
22 592
10 449
22 874
14 952
21 361
7 789
13 755
2 611
4 835
18 329
2 674
23 984
22 447
14 817
14 549
22 726
19 727
2 939
21 581
28 497
0 369
9 284
15 917
3 544
19 932
20 714
2 671
21 415
28 722
26 931
20 775
17 345
22 678
24 566
29 812
26 775
15 481
29 412
2 976
6 831
21 413
26 761
29 245
1 767
17 341
27 754
8 556
29 816
12 620
29 832
0 413
6 854
7 351
4 832
9 723
6 468
2 602
25 731
2 467
8 392
6 551
11 656
25 204
10 251
10 992
13 282
0 412
2 635
6 401
1 331
12 605
29 431
27 353
4 651
7 712
13 878
20 396
10 301
15 504
20 612
0 376
12 821
13 385
10 228
6 455
27 356
14 332
4 414
16 237
24 480
18 786
19 263
1 206
4 709
20 857
11 857
11 755
0 931
22 467
2 608
13 566
19 932
16 272
6 319
25 930
24 837
11 900
6 212
29 266
15 821
16 835
4 681
13 572
21 652
11 391
2 802
7 330
28 440
5 729
15 705
1 461
7 203
2 363
3 785
24 957
10 928
8 663
0 271
12 736
3 656
19 546
21 956
19 777
16 535
27 478
2 577
29 738
24 591
10 702
16 977
2 371
9 465
18 225
21 363
2 323
2 527
15 455
26 267
16 745
6 560
11 612
26 285
23 202
0 499
11 954
10 234
0 750
19 435
29 859
11 786
26 681
18 577
26 521
28 943
18 659
15 809
18 425
16 353
15 662
12 972
0 242
16 379
2 830
28 356
21 310
10 911
23 829
1 720
21 795
22 208
4 618
28 792
12 276
12 731
3 922
24 782
10 920
18 524
8 473
2 521
10 654
18 477
4 850
13 758
6 468
6 245
17 605
13 713
5 528
17 259
3 878
13 239
9 461
18 724
25 767
21 893
11 593
5 311
10 923
21 951
27 460
14 476
3 665
29 969
4 396
17 235
29 417
3 448
4 536
24 883
5 877
13 212
23 801
5 657
8 637
10 767
9 978
27 730
22 583
28 812
25 779
21 817
16 843
3 286
17 727
4 295
29 978
1 990
14 368
25 657
4 617
4 869
9 204
25 794
23 593
20 265
28 685
7 828
27 654
0 249
19 598
9 760
7 832
0 878
17 438
3 700
23 755
11 503
6 297
5 778
18 713
24 941
5 263
23 352
8 550
13 745
6 965
26 976
16 846
6 841
15 505
27 422
13 973
8 647
18 810
6 837
9 339
4 919
21 824
11 288
7 892
26 663
15 429
21 217
26 841
26 800
7 832
18 377
26 908
27 425
2 339
7 391
20 965
3 273
11 550
0 941
3 896
15 656
3 576
25 215
2 431
16 225
15 498
0 557
14 911
13 296
17 306
9 424
4 972
22 574
28 239
27 477
0 547
1 946
27 492
10 978
14 219
17 599
26 688
25 897
11 820
21 253
7 922
27 506
26 295
18 507
5 500
9 997
13 215
4 455
6 482
2 332
1 666
16 710
0 466
10 325
29 764
9 933
11 896
3 542
11 738
29 742
27 791
20 833
8 202
8 986
18 435
14 797
29 540
24 648
9 816
17 980
17 349
5 311
28 294
28 659
14 959
9 495
17 840
19 609
27 483
20 240
23 886
12 921
18 436
13 506
0 736
14 470
25 668
23 938
