500
9 702
11 525
21 976
2 248
27 940
26 695
18 465
1 271
9 246
5 856
8 436
3 560
5 393
1 265
7 830
16 539
3 942
11 539
27 807
18 634
6 391
8 665
24 524
4 212
18 819
1 667
9 609
11 364
1 302
15 504
8 527
15 813
18 798
17 788
18 216
10 500
19 886
22 456
24 226
18 817
28 792
5 404
27 974
16 953
15 578
5 973
26 516
19 884
3 624
24 841
4 871
6 451
3 489
29 560
10 973
22 677
24 281
6 587
11 671
17 540
19 221
4 290
23 304
1 319
23 516
11 534
22 902
15 291
11 422
7 476
12 771
25 365
4 441
5 693
12 528
29 817
20 607
22 583
7 880
0 341
3 503
5 891
4 934
10 476
8 941
1 763
21 966
1 468
25 499
28 623
12 781
2 925
6 214
28 894
0 778
7 279
29 559
16 953
0 206
20 794
19 842
24 906
26 304
5 371
26 633
27 692
25 964
21 653
8 777
18 571
0 853
1 438
0 636
19 741
4 942
24 732
27 975
5 302
9 331
18 817
21 669
26 830
17 338
21 861
27 615
4 739
0 804
9 333
6 379
27 653
13 608
17 556
7 637
23 860
19 979
0 958
19 784
20 418
15 299
12 696
17 298
26 985
11 828
11 386
16 569
28 728
13 499
23 828
3 283
26 231
23 877
10 997
23 352
9 592
19 348
29 482
5 233
22 512
19 637
10 202
20 303
10 905
23 218
26 290
7 303
9 405
27 799
13 375
29 745
15 524
2 355
13 281
21 793
29 231
25 908
27 625
28 573
21 257
15 877
17 623
0 445
22 593
27 678
24 707
11 374
23 909
18 817
16 338
25 731
23 661
12 390
25 383
29 637
23 912
24 901
19 305
13 257
17 936
3 446
22 915
4 630
16 703
20 277
13 471
3 867
15 513
3 465
14 718
1 869
8 539
18 948
28 309
29 617
20 250
5 920
17 616
19 847
12 207
12 418
23 702
25 380
5 690
11 679
6 692
24 912
27 899
20 910
4 778
15 488
24 597
5 882
23 381
26 940
1 928
12 240
16 638
26 890
25 475
25 843
5 532
21 209
20 348
17 972
24 372
21 669
3 844
28 906
15 908
12 639
10 889
26 508
4 948
22 569
8 921
13 274
3 350
2 811
28 788
15 926
8 540
19 899
16 711
12 800
0 824
3 371
1 757
9 817
11 680
28 865
6 664
21 757
24 625
0 978
21 415
26 331
16 578
2 490
21 502
9 617
1 278
27 770
23 976
21 538
9 561
22 857
12 883
20 797
3 399
16 219
9 326
21 755
28 807
2 730
24 378
21 808
7 665
26 229
6 752
29 794
5 606
25 557
7 270
1 953
6 924
24 712
11 760
12 816
28 666
12 618
9 778
15 213
25 621
9 471
25 421
26 332
0 396
2 686
8 430
14 764
4 220
1 694
6 523
18 727
20 852
4 949
13 604
4 844
11 405
23 775
24 900
28 717
22 723
22 586
5 904
12 292
12 335
10 596
13 568
0 813
10 989
2 722
7 209
25 217
18 347
6 633
14 647
25 344
15 922
24 725
16 260
27 471
12 997
12 630
18 834
12 784
25 229
26 742
3 997
17 803
23 831
22 243
16 610
27 832
24 302
18 677
8 711
8 821
18 402
25 637
24 315
0 291
4 855
18 878
25 289
2 413
21 434
2 732
10 250
19 949
24 545
28 516
5 504
12 753
15 782
1 588
29 934
5 668
8 856
19 768
12 997
20 830
17 701
17 820
1 728
19 264
7 280
3 277
3 309
13 652
8 947
7 563
17 581
15 704
24 435
9 284
21 506
15 227
16 294
6 222
26 211
3 344
26 325
12 337
7 813
12 463
1 788
25 483
14 588
0 495
8 696
5 435
13 730
8 496
1 426
3 212
16 215
2 764
4 428
23 421
27 504
5 777
3 603
20 505
22 483
24 288
14 262
21 222
21 263
26 420
23 669
23 886
17 419
9 945
8 280
2 931
21 463
13 564
29 577
22 292
23 277
19 987
5 742
14 716
10 223
0 961
5 822
2 786
25 766
23 970
22 735
25 605
5 705
17 869
20 494
7 885
8 617
29 234
27 410
9 718
2 391
18 471
0 706
7 809
15 641
0 797
15 876
8 816
11 202
9 277
12 880
1 628
6 349
5 304
28 444
1 572
26 231
23 697
17 447
20 816
26 898
3 897
15 640
9 521
2 418
18 980
10 684
3 466
5 601
21 368
24 443
