500
10 640
15 401
12 722
23 509
0 738
18 699
6 404
23 680
29 550
9 861
18 578
19 310
14 524
9 782
26 214
6 403
25 810
7 669
4 353
5 733
4 558
19 768
16 441
4 701
18 682
10 956
26 605
9 665
23 268
28 238
9 727
28 637
7 261
28 751
27 749
17 985
7 252
19 409
21 745
7 949
9 459
0 968
28 961
24 661
27 232
18 767
27 475
3 898
8 259
22 871
27 867
4 944
8 560
25 593
12 901
15 217
14 373
4 234
20 819
8 683
0 733
20 1000
28 324
23 944
14 492
14 729
19 924
17 806
12 261
24 423
3 398
19 924
4 735
23 561
25 428
20 368
5 413
3 728
9 735
12 916
20 935
20 542
8 554
18 305
23 904
14 990
15 820
5 940
5 950
4 456
0 774
17 973
5 502
16 474
8 561
6 887
10 398
5 292
22 213
3 744
4 683
20 957
24 401
26 602
10 299
20 851
6 791
22 859
20 916
4 543
14 286
25 208
25 351
7 914
23 721
15 295
28 742
7 213
9 280
21 223
22 238
12 675
22 674
6 638
9 770
0 787
18 231
4 536
2 761
7 597
20 994
21 749
15 598
6 805
5 629
14 792
3 452
22 940
24 511
27 657
19 390
18 514
11 764
1 386
14 924
15 387
25 813
7 722
8 455
19 545
25 938
29 367
25 508
20 650
26 873
29 285
14 929
28 671
12 559
24 429
20 818
5 534
8 749
0 648
20 682
28 729
13 918
5 604
8 749
11 378
27 953
17 722
0 926
22 248
2 339
23 220
17 727
4 791
13 925
14 800
1 237
16 762
11 577
15 463
19 636
12 934
21 904
18 285
24 462
3 331
14 546
28 612
18 450
29 523
27 739
21 966
22 617
8 501
6 825
12 659
0 211
2 447
26 814
11 844
13 829
1 622
3 226
9 539
16 220
21 512
28 981
29 970
29 515
21 877
29 291
18 276
23 830
25 344
27 204
25 445
3 202
15 373
16 546
17 448
0 594
4 542
3 779
27 641
15 601
20 760
10 306
13 208
15 307
13 281
8 395
16 821
16 308
23 321
15 831
3 552
12 446
24 469
24 229
7 883
28 279
9 489
20 480
17 902
16 202
27 405
11 964
11 626
13 779
19 481
9 333
16 873
9 304
19 495
26 481
18 277
5 904
3 571
7 673
2 690
24 970
9 858
29 368
3 358
10 870
15 600
0 307
16 565
26 726
20 634
18 421
5 712
18 901
1 692
21 910
24 616
8 848
1 675
13 452
7 872
5 695
12 325
16 966
4 236
11 302
29 301
13 816
23 299
26 756
9 320
17 795
18 610
15 515
11 399
1 858
25 218
29 327
21 581
10 344
6 385
20 214
10 247
0 993
29 451
25 527
0 367
29 641
22 572
10 882
16 305
28 260
10 649
24 615
6 974
22 309
13 722
29 654
13 558
8 409
20 372
21 487
27 800
6 201
17 739
0 714
27 687
11 477
17 467
27 976
3 682
6 351
4 863
4 840
10 823
5 895
8 888
27 264
22 353
29 617
18 727
12 222
18 432
5 631
24 584
22 467
10 891
8 806
14 467
4 276
28 204
8 832
5 481
1 854
10 486
19 424
28 204
0 704
16 774
23 568
13 268
11 391
4 881
4 262
19 425
12 737
23 944
5 271
24 915
23 913
6 342
25 432
16 828
19 473
18 745
11 595
10 651
19 655
15 220
12 569
22 438
22 573
8 694
1 962
13 243
19 689
20 549
21 821
1 695
11 424
5 570
6 952
4 967
28 544
19 441
28 226
25 298
17 475
29 403
13 470
7 554
15 265
11 459
11 434
10 794
28 495
10 240
10 955
20 979
9 588
24 667
16 513
19 593
28 369
25 430
21 346
26 526
26 533
21 976
27 382
14 887
0 352
4 309
8 485
3 474
9 311
21 559
2 387
27 628
1 546
26 299
4 238
8 933
16 508
6 389
4 415
0 858
15 361
29 432
28 639
0 656
18 692
29 754
11 529
13 497
25 728
5 412
0 699
1 655
15 511
18 455
16 734
11 715
5 293
1 356
9 925
1 748
13 844
8 874
5 361
12 699
17 727
8 800
21 754
19 660
9 611
3 503
15 969
10 463
3 487
15 962
28 293
21 405
7 608
0 967
5 243
21 859
10 442
23 527
12 636
28 459
2 996
19 212
19 911
1 845
25 890
27 750
18 739
15 604
23 803
22 686
25 324
13 311
5 857
5 310
23 977
2 783
