500
4 587
14 494
27 741
8 230
24 911
26 724
8 926
23 924
20 568
15 683
10 530
8 890
15 368
29 848
9 752
9 343
25 216
6 206
25 528
19 921
21 274
21 369
23 551
6 812
1 771
29 418
12 429
20 434
19 639
2 457
18 352
7 886
22 260
26 802
1 484
1 624
26 472
4 739
8 500
9 996
21 927
13 545
21 933
27 768
17 995
22 486
0 211
17 504
17 293
13 657
12 261
23 436
16 672
20 252
26 843
25 318
12 511
7 251
12 206
12 371
24 904
28 238
10 333
12 392
27 888
7 224
12 543
20 397
17 682
11 443
13 970
20 683
7 769
15 336
25 785
7 749
5 270
27 339
21 590
1 693
12 989
1 379
12 789
1 310
14 259
20 840
14 541
23 542
24 894
18 702
1 956
11 596
13 470
21 977
7 242
10 550
21 663
2 487
1 218
20 442
24 250
14 323
5 336
16 438
3 525
26 656
1 435
3 800
29 553
28 409
9 835
13 776
26 621
18 420
2 307
15 700
1 280
17 748
24 244
24 431
19 890
17 475
18 587
15 545
9 533
12 881
4 513
28 873
7 404
15 369
26 751
12 793
15 714
22 847
7 838
4 201
17 385
19 328
10 528
13 721
2 580
14 616
0 591
1 613
27 770
16 819
20 255
10 206
25 435
19 621
7 679
11 928
10 877
1 527
21 637
17 691
28 900
9 309
13 577
29 211
29 550
4 612
22 588
8 911
11 333
7 686
7 575
9 502
13 323
21 323
15 432
15 788
27 200
11 663
21 646
28 523
9 591
28 350
23 481
5 215
26 812
7 999
19 563
16 446
9 368
26 223
24 996
19 296
24 936
8 337
19 914
4 401
1 800
16 332
23 974
14 462
12 762
18 937
1 521
26 506
21 343
10 549
5 560
25 342
22 317
8 619
5 744
27 238
20 811
3 687
11 751
3 701
7 478
2 357
2 498
14 512
22 904
6 462
6 217
26 463
20 220
5 415
16 859
6 894
27 985
7 574
11 460
5 375
20 297
19 958
29 977
23 275
9 533
29 332
5 827
21 441
25 489
4 569
10 270
22 346
4 790
9 706
6 991
29 537
4 724
0 391
15 785
4 550
11 381
29 341
3 233
1 710
13 305
26 623
12 494
24 371
16 465
6 795
8 923
28 731
20 670
23 863
27 846
9 643
27 492
27 453
19 206
12 451
15 598
5 388
27 869
24 863
22 915
22 355
22 770
24 717
6 434
1 544
26 950
13 926
10 689
8 755
17 646
18 854
3 669
16 200
13 834
1 794
12 649
21 996
1 368
4 676
3 385
1 547
18 316
24 653
0 768
15 352
21 371
18 563
6 325
0 739
1 687
25 720
29 772
13 273
3 810
14 985
28 490
11 634
18 962
9 329
29 977
22 296
15 396
5 567
17 941
3 925
27 534
17 942
12 964
1 825
11 436
20 362
4 493
4 386
29 425
27 703
13 667
22 429
29 708
2 929
12 306
10 598
13 683
27 400
23 574
23 714
14 954
25 606
22 479
15 519
7 744
5 563
14 844
24 962
29 985
5 420
24 396
21 916
29 812
5 837
16 280
0 579
8 202
19 565
26 421
16 208
13 684
27 731
18 522
16 216
20 448
0 795
24 753
22 749
20 413
16 618
29 940
9 872
25 561
21 333
6 277
23 673
6 275
3 734
3 482
2 552
28 266
11 808
0 796
11 693
10 559
19 484
15 986
16 237
6 581
25 498
11 810
29 286
11 393
10 547
27 789
0 926
29 499
7 718
19 563
18 679
29 419
3 548
13 849
27 915
9 768
19 658
22 524
21 492
15 260
16 569
9 499
16 600
8 232
9 938
15 296
14 471
6 460
10 624
12 254
17 622
22 345
12 757
26 488
20 533
18 591
0 348
11 941
6 232
4 872
28 297
17 786
25 661
23 595
18 844
18 885
25 601
7 853
27 644
13 296
24 647
0 405
12 480
19 581
21 665
5 844
6 650
29 739
7 670
9 958
4 672
4 919
1 911
17 357
8 563
11 916
29 697
0 596
0 804
27 499
7 479
20 285
3 622
3 378
13 599
19 715
23 866
23 218
26 323
20 889
13 925
12 917
8 236
4 501
28 504
6 466
4 530
29 564
0 790
23 841
28 494
6 894
6 319
17 321
24 841
27 207
2 387
2 560
20 1000
3 892
25 298
12 266
11 711
4 321
16 331
9 724
27 835
1 764
24 496
14 637
13 464
23 939
26 290
