500
0 835
0 520
25 905
29 369
29 538
9 920
19 876
4 394
16 597
14 216
19 435
11 504
26 991
0 769
19 468
0 247
10 681
28 240
28 889
16 529
21 393
19 832
16 269
26 411
20 658
26 705
20 514
28 947
5 685
21 567
29 278
10 326
16 236
3 928
17 799
21 692
3 480
28 699
22 656
26 880
26 636
28 321
4 944
26 260
29 845
26 666
19 808
11 693
9 996
17 577
8 587
0 631
12 452
20 824
23 700
11 523
12 785
14 414
8 580
1 355
26 596
10 283
23 633
19 681
5 429
29 477
21 310
22 893
11 324
3 573
18 811
26 507
7 376
21 732
27 491
29 941
8 281
27 789
0 909
27 851
2 922
0 840
25 559
9 227
26 937
2 592
0 319
9 977
25 752
16 576
11 332
19 298
17 491
2 282
22 335
10 543
19 286
2 501
11 456
20 232
8 254
23 602
2 596
9 713
27 550
19 330
17 911
20 596
12 973
27 622
5 840
29 564
27 685
13 575
28 333
21 800
26 741
21 859
2 679
26 474
4 244
17 968
1 929
15 937
14 650
13 234
20 717
21 281
29 229
22 949
28 615
27 628
18 630
23 900
5 865
26 407
6 799
17 626
15 499
9 331
13 278
28 859
14 989
19 665
22 580
27 493
29 683
1 561
29 994
3 208
8 836
17 363
5 501
26 469
16 345
20 321
27 516
29 524
6 691
20 735
21 354
3 924
22 906
24 863
4 948
23 761
16 824
28 257
12 866
13 995
15 830
17 295
12 552
15 283
7 904
14 803
18 816
17 861
22 689
29 514
16 285
1 649
15 469
24 597
14 938
6 265
16 585
28 792
28 754
5 476
12 415
26 507
24 574
17 355
1 431
22 300
3 744
24 438
15 671
7 747
11 601
3 230
11 731
18 443
22 331
12 807
11 316
16 600
27 869
8 248
23 678
15 821
4 996
27 310
3 904
2 938
1 792
6 749
28 770
26 549
7 550
1 641
1 537
9 341
7 496
10 542
20 891
17 825
15 804
4 261
25 238
18 259
14 857
26 471
4 281
27 540
3 493
2 675
9 592
14 660
0 805
18 732
0 351
13 581
17 737
10 967
13 376
2 582
19 581
13 589
11 918
15 731
9 577
0 752
26 237
27 455
20 213
2 479
13 755
7 796
4 887
21 748
0 597
28 207
5 355
22 351
13 294
29 336
5 405
12 889
3 315
3 939
18 486
7 312
11 822
11 497
29 690
9 650
28 564
3 618
8 913
6 798
9 773
8 339
15 379
5 431
20 568
2 261
29 685
28 852
7 910
13 243
14 498
6 495
1 405
4 822
5 825
26 396
13 537
12 323
18 237
23 732
3 645
0 252
3 538
24 692
15 368
21 572
14 737
12 642
18 450
10 681
13 328
17 306
25 609
13 479
29 985
6 356
29 622
9 695
19 925
11 218
17 299
22 929
15 711
21 742
23 379
0 978
22 281
1 984
17 320
16 237
21 695
13 282
28 874
9 981
25 315
8 496
14 297
5 800
14 343
6 758
19 582
22 823
0 715
27 971
8 386
26 862
16 968
22 496
20 948
11 407
20 716
3 789
16 225
18 387
13 262
17 216
2 526
12 837
6 831
2 565
4 203
6 324
7 474
9 776
6 343
20 651
27 203
14 246
0 941
2 850
17 925
19 219
8 471
7 320
24 583
10 565
23 312
17 275
14 726
17 788
13 405
5 693
3 770
17 619
21 361
9 413
4 978
10 203
17 329
19 600
28 217
20 595
8 323
7 448
14 407
5 351
27 612
15 471
26 438
5 304
28 563
23 711
3 344
2 789
6 565
0 852
14 633
3 360
19 358
3 445
9 508
14 758
29 232
16 419
1 397
29 705
16 573
2 440
3 992
8 460
5 464
22 377
4 321
20 902
23 658
25 295
18 325
23 718
23 871
13 766
13 300
14 958
8 968
25 974
6 711
22 523
23 540
0 927
19 477
0 444
21 588
4 746
10 526
16 408
15 439
24 501
18 563
20 920
4 299
4 949
3 922
19 972
28 731
3 403
13 459
24 668
16 870
21 676
10 303
9 443
3 301
1 936
2 909
3 762
18 790
14 822
15 568
15 642
24 915
7 269
1 579
29 491
12 464
19 309
13 778
12 356
15 413
15 570
24 243
4 285
2 946
0 358
1 834
26 327
8 792
24 814
26 532
27 742
28 740
23 319
27 337
11 524
10 443
0 938
18 616
11 894
25 903
14 887
