500
18 875
6 670
20 643
26 334
24 230
9 983
6 527
20 288
11 799
7 609
8 424
5 663
11 870
3 796
6 620
1 819
18 238
21 392
27 576
19 301
11 622
2 422
8 623
22 997
24 787
16 828
21 963
4 330
2 305
25 808
8 621
23 272
27 983
25 472
2 398
8 256
25 349
17 813
17 361
18 882
18 496
13 542
2 608
21 368
7 218
24 236
22 435
24 969
8 955
18 522
5 831
8 935
27 428
19 469
18 254
3 932
22 309
20 877
21 455
19 513
2 448
13 736
8 594
21 543
6 286
14 536
28 488
8 798
9 544
5 898
22 354
11 548
12 250
26 975
24 931
6 771
0 741
22 981
19 500
12 950
6 636
19 366
9 858
9 422
23 504
17 358
10 675
19 344
12 549
8 888
25 700
7 381
28 398
27 234
28 492
4 802
27 838
29 520
19 607
29 205
19 784
24 401
9 659
1 606
11 514
5 856
23 280
21 719
2 973
19 707
28 564
6 312
12 870
4 224
15 990
9 282
16 631
17 734
28 390
24 301
26 451
17 440
18 230
13 914
9 458
0 585
27 430
29 805
4 466
5 833
0 890
2 342
18 960
8 994
25 906
26 382
14 407
28 602
25 492
8 951
16 451
4 201
27 991
2 902
29 970
2 741
7 567
17 733
29 265
6 823
6 264
3 701
17 355
7 234
10 373
5 419
11 998
3 459
12 215
1 316
27 940
22 765
1 586
9 443
23 645
7 390
14 410
3 686
14 467
18 784
5 926
6 232
0 462
29 337
23 532
16 201
10 653
18 426
16 741
21 594
19 685
0 375
2 725
22 570
29 232
23 882
20 757
27 847
23 391
5 814
0 398
8 560
18 538
6 576
22 874
12 258
23 254
14 334
7 752
27 875
27 676
20 681
11 538
24 747
15 636
26 328
8 481
2 942
21 681
24 448
2 839
23 673
12 713
13 867
12 459
0 325
26 492
17 930
28 602
28 695
19 834
22 432
3 625
21 858
24 321
21 660
18 528
21 681
27 420
7 799
10 816
3 857
13 651
11 428
15 787
25 628
17 381
13 372
29 732
1 314
15 316
3 935
5 327
12 398
24 304
24 452
2 322
12 409
22 700
14 692
23 297
24 387
18 971
14 889
1 842
26 325
18 995
24 860
13 757
2 462
21 259
5 831
12 632
20 537
9 705
6 784
4 975
20 753
2 436
15 597
2 923
2 491
23 962
3 351
28 340
24 746
21 754
15 470
28 974
29 953
15 550
23 824
11 212
1 961
8 837
1 582
23 726
12 908
22 318
26 350
6 794
25 632
11 335
17 282
23 823
0 979
13 726
26 736
4 494
19 626
27 726
10 555
13 772
15 894
23 219
9 273
11 608
3 887
21 732
11 445
27 551
10 767
12 900
16 262
22 355
27 408
22 553
16 918
18 324
16 427
1 515
0 870
10 699
15 886
29 846
0 718
25 966
0 378
21 952
11 879
14 784
18 429
26 735
19 658
16 730
18 884
23 478
1 956
16 496
8 939
29 424
10 804
3 426
24 523
12 850
28 876
19 756
15 294
0 862
15 212
6 834
26 878
13 602
29 230
23 355
10 928
14 261
6 470
19 856
15 373
12 724
26 206
27 531
3 317
26 345
5 537
2 499
19 647
19 438
12 268
26 208
6 912
21 591
7 557
7 962
8 995
24 986
11 990
1 391
2 284
29 701
2 718
2 453
3 272
20 999
7 345
6 496
14 943
5 748
18 275
24 871
1 536
26 231
20 236
9 581
21 905
26 405
28 583
5 218
6 717
4 284
23 754
28 260
15 597
14 456
22 381
10 536
14 863
19 787
10 347
2 343
16 819
29 445
20 640
9 272
8 805
6 706
16 661
9 495
0 688
15 469
28 837
8 686
24 598
4 318
4 782
16 680
11 756
14 481
11 834
29 837
13 310
16 319
7 311
0 387
28 208
15 641
1 663
14 446
7 819
5 970
1 374
12 571
7 305
28 844
25 368
27 972
24 614
7 542
12 811
24 907
7 915
20 607
13 362
27 392
11 839
19 513
19 354
14 418
0 980
13 278
6 673
29 529
9 942
5 813
15 750
2 411
11 538
6 741
9 921
17 305
7 380
12 613
21 421
17 549
22 592
2 892
3 218
24 697
7 446
28 855
26 848
6 542
28 529
5 632
5 207
20 428
20 295
27 575
23 432
1 380
8 355
21 250
19 284
19 500
2 539
20 467
16 616
1 315
14 713
