500
20 776
26 357
10 654
10 725
2 586
14 936
4 365
5 438
29 625
1 321
4 348
3 549
25 425
25 976
0 887
21 658
6 493
6 292
29 710
24 854
16 766
11 978
25 533
25 344
3 634
3 574
0 956
25 837
19 846
1 983
28 211
25 471
29 679
18 502
20 242
6 334
20 914
24 346
14 328
7 679
0 705
21 696
3 829
16 343
21 812
0 905
20 317
8 625
21 452
22 891
7 829
13 791
5 735
10 470
20 562
5 331
2 935
5 764
6 284
26 203
5 641
24 881
12 798
26 248
26 420
20 561
7 210
3 628
3 729
9 843
5 981
27 624
17 757
9 627
4 944
2 305
4 218
22 308
15 836
12 614
15 793
0 454
29 319
10 710
12 889
8 462
17 974
17 206
21 420
11 412
8 206
21 756
25 505
9 744
27 865
7 498
3 818
16 459
26 527
4 937
21 217
25 924
20 801
15 500
26 591
10 253
29 976
9 648
21 322
13 478
8 666
21 799
23 513
6 739
26 552
14 557
28 883
9 909
18 491
9 899
29 522
19 650
13 721
7 359
9 454
10 561
12 737
16 982
23 655
19 310
18 301
13 895
15 266
18 605
2 237
13 215
0 291
15 654
20 990
16 286
16 365
7 906
8 993
7 808
21 204
27 982
24 821
18 318
27 829
1 540
23 294
27 207
14 232
26 207
14 924
18 706
7 210
10 709
7 513
14 516
19 472
4 429
20 974
9 243
4 678
26 864
10 380
8 747
12 345
26 864
27 573
2 867
28 549
13 290
19 478
17 810
14 519
9 501
5 807
5 476
3 234
8 690
22 856
29 917
4 798
10 451
19 517
11 367
20 937
24 770
3 284
26 716
17 686
2 440
10 572
13 556
17 201
22 526
23 201
29 975
5 270
11 355
26 998
8 335
3 733
13 832
8 765
22 777
19 880
5 971
23 779
14 635
3 608
16 904
24 687
16 725
14 453
20 608
10 953
24 539
14 567
16 674
23 223
4 584
17 551
20 206
18 416
14 293
0 967
2 568
14 740
1 988
28 665
17 930
5 372
7 974
24 804
18 223
8 362
4 263
14 498
7 387
25 276
0 530
5 765
19 391
12 313
20 226
18 850
15 259
6 958
6 835
24 753
17 249
23 846
11 611
25 571
7 273
23 278
20 984
1 661
9 703
23 789
10 890
20 568
23 336
18 415
17 734
8 892
9 519
2 476
21 492
6 823
23 536
0 748
8 509
3 873
7 434
10 839
3 305
14 655
29 667
24 439
27 736
5 555
27 986
17 592
20 635
28 364
0 793
18 327
0 433
17 563
18 584
5 463
23 577
7 621
0 523
25 863
26 728
16 504
19 658
25 341
3 290
20 866
13 750
13 941
25 500
26 774
1 982
9 270
11 973
23 934
6 323
4 535
29 976
1 822
11 702
8 931
18 489
8 255
27 590
9 347
17 622
2 979
8 324
6 280
3 316
6 568
17 669
0 485
12 952
6 416
7 757
12 257
10 209
25 947
10 207
17 877
8 264
27 764
24 710
20 953
13 391
26 1000
26 615
15 640
21 686
13 398
7 861
20 621
15 798
6 512
3 683
5 627
12 905
14 952
15 493
0 960
16 686
18 851
6 496
4 513
2 272
1 744
21 552
7 231
23 458
20 254
22 463
1 378
4 265
28 469
1 555
9 569
3 886
13 761
26 828
7 755
13 848
29 969
22 659
23 269
16 621
2 665
3 902
11 529
11 938
20 695
4 283
29 898
10 864
17 350
0 439
18 618
2 357
20 208
17 310
21 352
1 829
23 373
8 419
18 703
14 395
4 610
17 541
23 333
28 883
26 456
9 649
9 326
29 467
18 248
1 489
14 397
16 559
15 261
28 810
1 474
11 749
4 631
25 923
27 532
16 630
22 446
16 530
19 965
18 487
19 877
22 567
12 998
14 539
4 471
14 306
16 761
16 342
26 517
11 380
28 761
3 546
20 437
18 249
9 858
27 507
5 706
1 208
14 846
4 918
15 485
16 826
17 761
27 585
21 795
17 921
11 638
14 246
25 717
21 558
17 359
17 608
7 308
12 867
6 931
8 281
24 374
6 947
4 989
23 306
21 701
29 672
11 776
24 951
26 891
2 296
19 713
0 473
15 689
11 976
0 338
18 681
15 307
0 829
23 848
13 482
18 769
4 526
29 513
7 507
3 266
14 740
29 605
6 259
16 650
13 287
27 567
19 969
25 355
21 904
5 856
20 469
