500
26 468
29 499
13 701
21 434
14 217
8 858
28 947
17 966
27 659
16 991
16 352
15 615
6 444
7 426
10 378
9 720
18 330
18 868
16 969
7 897
26 485
26 887
12 677
24 563
20 443
25 209
24 200
21 285
27 626
16 223
12 283
20 637
7 609
11 302
5 359
26 287
1 475
17 591
15 632
9 899
18 413
3 282
4 240
18 327
12 735
19 379
4 946
25 489
24 444
10 678
13 883
18 907
17 890
15 771
29 220
22 211
25 365
3 278
16 680
14 884
24 540
2 638
17 332
12 725
12 855
0 818
6 273
25 957
19 550
25 627
10 939
26 730
11 764
26 731
7 236
10 312
10 464
4 200
29 829
2 481
12 947
13 691
19 377
4 311
9 892
12 626
17 458
12 395
3 993
18 230
4 721
3 944
22 932
15 522
14 687
11 983
16 335
29 701
17 232
26 864
20 862
9 877
0 586
29 650
12 709
21 796
21 270
1 303
15 672
11 769
21 702
5 864
21 889
10 620
20 310
13 867
17 301
10 232
4 811
24 981
17 685
28 483
18 701
21 411
5 633
16 881
2 881
19 873
22 404
15 796
18 615
8 827
12 444
28 946
25 333
9 300
1 816
15 335
1 949
15 928
16 801
12 274
28 730
0 927
28 572
26 316
23 512
7 861
6 964
4 267
25 552
8 663
6 627
19 750
15 420
5 904
16 384
15 849
4 998
14 306
8 619
9 912
14 243
18 333
27 998
22 323
10 815
7 731
17 256
3 849
8 347
21 307
25 557
14 862
19 539
26 209
5 275
28 453
12 797
22 609
3 718
25 665
8 970
24 952
9 928
18 433
15 520
7 906
7 958
20 547
11 840
24 288
24 559
2 975
8 699
6 472
21 247
26 307
14 288
14 520
27 806
18 517
3 718
7 854
1 292
18 977
23 907
26 704
21 952
3 411
12 412
21 523
4 768
3 282
26 222
7 524
0 703
28 721
5 292
19 697
12 915
10 872
11 444
16 296
19 479
27 437
21 720
3 727
4 222
26 395
22 348
29 821
29 651
3 612
0 702
14 495
24 591
23 350
9 392
16 482
19 878
16 814
22 424
15 939
26 727
24 391
25 434
6 661
29 568
29 714
11 293
5 1000
9 640
19 311
9 675
10 773
22 948
9 428
14 517
14 574
10 827
5 541
14 950
6 634
29 297
26 680
17 887
4 476
25 518
3 265
13 977
27 800
19 337
21 718
9 652
7 531
21 549
5 437
8 811
22 614
19 237
23 544
14 777
19 739
0 889
14 749
26 761
5 885
1 318
17 248
9 422
24 530
3 893
3 322
10 966
15 275
26 710
28 770
15 614
17 424
2 643
22 404
0 268
20 203
12 489
28 487
23 234
17 227
29 704
29 808
6 331
0 777
10 854
28 596
8 997
3 349
23 830
25 376
17 782
0 551
25 979
17 787
15 506
10 905
22 318
4 830
21 429
2 906
8 523
2 613
21 978
8 512
0 232
1 336
28 432
8 847
12 217
15 511
21 688
26 205
4 298
5 996
18 394
29 219
9 991
4 337
13 567
2 817
14 272
13 848
5 655
11 359
20 330
12 652
0 782
0 572
14 744
0 204
28 915
20 635
22 522
15 509
26 335
4 472
17 621
4 326
12 422
12 508
14 928
26 610
16 229
3 255
25 390
0 424
14 675
15 275
14 521
12 779
24 664
12 966
6 700
12 948
2 867
17 748
0 436
5 712
24 250
14 728
7 302
0 990
12 282
12 974
27 454
10 291
18 517
22 211
20 422
23 423
16 555
23 965
16 689
6 770
3 398
22 849
23 782
15 259
12 284
28 994
28 249
18 626
18 379
15 756
25 979
27 750
13 562
7 794
13 581
12 632
23 325
23 328
9 396
23 612
3 872
10 545
15 721
0 273
11 402
20 202
16 641
2 414
29 795
12 301
7 688
25 287
2 350
29 400
29 331
7 909
18 440
28 873
27 255
11 309
8 738
11 839
22 299
12 658
21 681
23 526
15 477
10 845
7 769
1 993
9 894
23 419
22 205
8 790
4 286
22 800
12 933
4 570
2 447
2 986
8 366
29 632
9 589
13 702
18 492
0 332
4 975
27 438
0 576
10 525
24 885
12 765
23 235
20 670
18 316
13 907
15 687
28 285
19 885
3 797
29 353
24 266
24 702
20 932
11 431
13 223
6 903
0 405
22 435
23 893
7 334
5 433
26 974
17 767
4 327
26 248
4 754
20 985
