500
25 486
11 792
6 784
15 764
25 522
5 882
26 562
20 934
2 736
12 949
13 760
29 471
1 345
6 287
14 499
9 843
1 789
25 777
0 863
11 309
4 330
7 954
27 268
19 559
25 509
8 472
13 652
2 361
22 385
29 599
27 771
7 918
11 402
14 896
2 353
18 747
15 522
27 574
1 416
28 882
5 788
3 608
5 541
25 283
12 987
4 452
5 902
9 933
1 224
27 606
8 821
9 414
3 416
27 855
13 673
13 989
2 314
18 206
5 261
6 625
25 538
25 890
5 630
21 314
8 362
27 427
1 670
12 789
3 603
8 395
16 372
10 748
25 419
21 729
19 720
6 598
17 640
1 892
3 594
29 349
22 531
15 574
20 780
26 411
17 986
12 210
12 666
24 307
14 648
25 838
20 762
7 607
24 935
12 993
14 494
22 243
21 650
27 537
3 275
26 730
23 263
4 332
2 641
29 413
1 402
22 714
7 318
20 848
24 467
18 949
10 657
13 338
9 257
18 642
15 683
5 942
18 887
8 247
19 574
4 798
16 937
16 625
21 823
15 854
17 354
22 867
1 759
25 312
28 647
24 221
26 885
14 394
9 308
1 806
7 508
22 795
13 928
0 263
12 503
4 216
22 674
5 730
29 262
13 730
3 947
3 916
18 239
11 236
2 508
19 928
17 601
9 458
19 603
7 311
29 312
9 984
15 278
0 654
16 591
16 425
8 582
17 738
5 207
27 669
6 850
0 474
27 282
13 447
12 811
3 852
17 295
6 278
16 250
23 948
14 810
0 798
27 527
12 692
10 506
18 788
29 630
10 599
7 491
27 426
28 902
17 392
24 431
13 231
8 729
25 636
22 257
17 595
28 349
22 647
11 911
0 767
27 778
21 833
5 425
24 739
18 327
26 293
11 801
8 659
7 306
9 497
9 937
8 589
9 407
9 888
25 674
18 950
0 429
1 248
19 403
24 744
14 841
22 309
9 740
21 280
0 977
29 722
3 892
12 267
4 525
22 849
25 542
4 843
14 409
25 651
7 618
17 655
25 787
8 597
28 511
7 864
0 932
2 467
5 464
17 916
18 777
1 637
19 831
10 476
1 741
23 862
17 332
6 938
3 877
21 841
26 886
17 784
14 337
28 943
13 869
16 642
10 491
21 592
8 346
3 812
4 827
16 854
29 698
7 401
18 734
11 265
22 828
0 736
5 994
7 514
26 201
17 606
7 628
29 736
2 353
10 384
15 409
11 315
19 282
10 776
0 426
12 858
5 524
15 722
0 223
25 606
10 315
21 656
10 405
4 434
7 576
0 718
27 425
28 371
2 489
27 617
10 430
21 799
27 878
24 594
10 954
18 392
23 779
18 731
19 640
10 491
8 807
8 273
3 580
12 793
7 616
1 557
2 702
12 845
26 527
24 306
16 295
10 464
28 596
23 405
26 318
15 809
24 638
16 931
2 717
1 572
10 648
13 505
22 571
24 439
25 573
2 698
1 820
28 772
4 828
21 646
1 401
2 939
27 553
7 625
7 275
25 429
4 269
3 827
27 411
17 802
9 497
1 223
3 789
0 272
2 437
14 409
1 818
8 947
19 866
17 943
17 779
19 426
19 581
16 676
11 726
12 429
23 534
24 550
13 489
8 454
26 898
4 793
24 467
25 931
19 654
24 422
6 646
5 608
24 513
19 927
17 893
15 843
19 885
24 890
27 524
15 609
21 571
10 549
20 846
25 581
25 759
21 577
28 965
9 995
18 230
19 584
13 565
25 731
2 661
15 321
3 936
26 310
24 356
22 624
27 779
18 215
26 722
22 269
3 284
5 996
23 854
20 630
14 810
12 328
15 441
11 562
9 930
14 360
15 490
1 636
5 449
7 327
11 384
24 873
23 408
2 284
20 399
22 458
1 216
3 913
15 706
1 687
19 548
2 921
23 481
6 681
0 715
2 629
13 744
14 649
8 863
21 463
27 406
23 583
16 994
29 464
12 318
17 237
16 960
21 305
10 258
21 850
7 235
12 250
5 747
12 927
2 596
16 819
19 860
3 841
6 462
26 368
29 971
26 599
21 261
4 517
20 731
18 908
19 347
29 551
11 911
6 504
18 504
10 354
15 201
21 444
4 202
0 886
8 908
1 697
0 679
27 890
20 471
10 718
26 902
4 909
2 287
17 796
0 837
3 989
3 569
6 248
15 770
17 260
1 623
29 395
28 572
25 539
28 750
4 857
28 923
22 700
4 453
7 200
