500
28 329
16 218
1 478
0 778
5 936
17 312
14 887
1 774
16 368
21 374
0 439
17 663
14 480
26 641
10 559
1 341
13 677
29 799
18 962
4 669
5 869
11 232
8 283
9 343
6 540
9 444
7 337
6 348
17 342
7 452
2 328
26 444
13 281
4 807
14 835
3 243
22 780
8 718
26 225
27 865
23 948
29 889
24 657
21 994
6 306
20 474
16 424
25 220
1 593
0 535
4 242
18 275
0 670
22 692
1 917
27 794
6 400
8 981
23 807
5 887
11 645
5 520
8 234
6 955
6 522
8 964
1 657
18 245
3 872
26 560
1 510
18 904
12 660
15 811
29 710
11 681
24 396
6 550
10 727
10 723
26 833
3 862
19 589
27 510
10 806
19 378
7 931
23 764
20 725
13 378
28 710
23 774
29 200
23 438
7 281
19 930
20 356
12 333
20 433
10 503
9 812
23 458
13 592
19 668
14 903
16 449
18 867
1 942
15 908
16 764
15 525
2 372
15 930
6 598
17 724
2 551
3 655
18 237
24 278
15 493
13 291
29 363
6 586
20 654
18 607
14 574
9 281
20 564
4 251
11 636
7 938
17 450
6 345
21 470
21 639
26 319
29 702
11 697
18 752
28 585
17 768
28 453
13 673
6 690
4 975
1 540
5 582
7 598
21 809
26 495
12 255
3 849
0 782
13 793
20 205
1 732
13 547
7 792
16 856
12 627
23 439
0 852
19 814
27 253
28 931
12 457
4 553
2 888
28 464
18 508
27 736
24 555
25 634
3 503
7 642
6 716
29 936
20 473
18 277
17 420
7 883
9 866
6 339
17 641
22 591
8 483
23 646
7 802
13 630
22 483
12 559
22 399
7 683
29 669
13 613
18 606
17 727
3 468
11 861
26 441
27 472
15 871
28 631
20 685
29 737
19 461
21 326
25 608
15 205
23 635
5 411
8 308
13 684
25 303
0 740
19 954
27 317
29 722
0 954
12 878
19 632
14 803
6 916
19 760
8 201
4 945
21 849
7 422
2 765
4 603
13 612
11 798
20 232
16 958
9 503
22 851
16 682
5 793
8 685
24 718
19 390
14 489
1 837
17 630
16 449
1 684
16 476
28 982
21 980
25 590
23 908
13 342
9 759
0 226
20 268
7 542
22 643
26 507
2 739
21 781
20 631
1 305
14 900
20 983
3 904
2 897
29 313
11 613
8 909
17 312
22 633
0 691
10 407
2 896
23 469
15 410
8 290
20 764
25 670
20 451
12 237
22 471
9 529
21 521
1 549
23 406
29 481
26 841
29 905
15 851
23 278
9 318
3 803
23 702
26 543
4 768
11 343
5 656
15 538
2 940
4 664
9 778
22 438
26 239
29 784
23 389
19 241
4 812
9 562
18 972
10 336
2 517
27 553
9 811
20 858
13 656
2 521
7 578
13 575
2 677
15 892
22 744
2 986
29 888
22 433
20 469
28 434
3 670
17 947
26 943
3 733
29 354
3 825
21 513
18 874
14 200
27 883
5 478
5 383
17 654
17 800
5 491
5 240
25 460
9 224
16 931
4 716
20 901
24 428
13 357
19 669
21 584
10 845
19 976
10 945
8 830
29 739
17 598
10 335
11 693
13 955
29 248
15 854
29 527
25 551
15 437
4 262
16 626
28 345
28 276
12 759
23 744
5 432
27 211
23 777
6 699
1 514
0 586
3 724
16 261
15 895
21 782
17 294
16 711
28 661
28 299
8 239
21 701
6 812
13 870
27 658
9 712
27 488
28 906
24 596
27 962
8 207
22 799
0 586
27 655
12 751
9 876
22 630
25 745
24 587
25 418
27 448
17 279
21 250
2 292
10 359
28 740
8 795
15 872
11 893
26 782
23 530
23 679
5 202
18 428
16 462
29 688
2 242
0 347
3 865
18 947
16 207
9 621
4 551
9 309
7 713
21 644
20 798
18 258
20 352
19 952
21 884
0 314
6 589
26 531
3 817
3 328
21 737
20 255
26 229
3 249
14 511
18 846
14 268
7 228
7 525
29 306
24 805
23 520
6 890
11 830
1 484
24 740
10 357
1 228
3 616
21 921
3 780
17 994
19 597
10 947
21 376
13 221
27 311
7 747
6 889
22 320
26 264
27 374
8 778
9 625
4 857
10 647
15 571
29 833
9 274
9 356
16 790
8 381
13 270
10 923
10 245
12 336
12 715
4 514
1 419
15 220
8 528
23 595
25 232
12 911
28 648
4 996
2 829
19 875
