500
16 603
12 277
15 285
16 546
19 480
27 696
25 374
12 447
16 778
25 716
7 690
14 283
28 513
17 322
14 545
27 587
8 208
24 814
8 609
7 407
15 653
0 384
24 373
24 743
27 996
3 871
15 364
25 200
7 773
7 396
25 328
4 381
13 858
23 666
9 935
9 886
27 460
2 204
21 425
22 462
22 468
27 571
1 475
25 495
29 942
6 439
4 332
13 273
2 691
27 447
19 656
6 518
8 296
1 673
19 432
26 959
20 533
15 977
25 545
7 459
29 654
22 316
23 853
27 686
11 916
22 236
24 508
14 387
18 558
18 457
16 516
14 535
27 606
24 646
19 905
2 690
25 739
24 986
25 956
28 646
11 292
2 747
13 443
6 992
12 873
24 419
9 549
6 430
18 695
13 380
6 544
24 779
29 477
6 224
19 889
23 403
3 562
3 689
11 592
22 405
15 605
18 244
20 827
18 527
20 564
10 965
16 686
5 419
12 679
20 878
9 508
25 507
11 812
1 746
28 691
25 833
29 525
21 557
16 252
6 514
23 509
10 736
4 985
21 961
5 274
20 542
1 469
22 874
22 322
18 898
10 237
29 905
21 990
20 287
18 491
12 826
24 691
29 493
9 457
14 483
14 410
19 658
1 608
28 705
17 886
7 207
5 793
11 725
15 758
2 539
10 395
29 594
24 480
20 730
4 526
0 462
28 234
13 522
13 771
26 957
25 605
7 521
27 714
4 331
13 516
9 538
25 422
10 652
28 351
13 549
0 338
27 238
25 245
11 312
24 309
28 762
12 647
20 384
13 967
15 356
15 384
28 210
26 281
13 393
16 227
9 542
1 763
7 225
27 319
23 881
12 338
15 587
13 744
29 991
13 352
9 561
26 472
22 716
14 620
24 444
2 931
24 487
3 796
5 507
21 203
1 957
21 573
5 609
1 343
17 334
1 218
1 815
3 530
12 540
28 909
8 591
27 570
23 744
9 442
8 812
23 339
4 993
13 869
11 575
4 344
4 757
16 960
2 285
11 639
6 218
17 704
19 219
26 293
7 359
10 351
18 471
26 309
17 430
13 874
21 603
4 825
12 642
2 217
12 560
14 433
11 689
10 559
29 705
17 718
21 950
3 797
12 555
4 874
25 881
8 693
28 902
26 704
25 427
25 322
25 438
8 285
2 905
12 249
28 243
18 690
29 735
14 872
2 604
12 393
19 534
2 947
23 492
1 506
25 394
2 273
17 585
12 446
27 301
17 813
23 319
27 685
23 913
15 234
1 893
1 806
23 257
29 563
22 522
6 381
19 304
29 279
9 724
9 620
9 743
10 500
26 338
18 240
20 805
22 714
23 661
0 705
27 243
15 942
0 413
11 658
15 639
28 349
23 442
7 275
22 337
27 615
6 525
14 500
21 718
3 556
7 773
4 604
20 885
20 900
3 946
9 233
20 843
23 858
0 929
23 478
3 633
15 842
5 376
24 764
7 602
28 756
0 357
13 489
7 258
21 601
22 667
24 252
0 408
13 432
13 921
5 596
21 999
20 557
16 255
1 506
26 984
0 316
24 356
13 268
23 731
13 668
25 809
18 399
17 640
24 334
20 572
5 901
21 355
13 616
25 347
14 943
19 697
28 789
29 381
18 664
17 275
8 798
13 920
22 315
10 683
18 235
9 522
16 219
29 893
15 628
13 571
4 878
12 604
4 212
14 323
24 272
29 896
14 643
28 892
10 285
0 427
11 934
14 748
26 382
3 470
0 287
25 647
14 209
7 811
3 255
25 821
15 955
12 345
2 207
19 325
12 216
7 891
25 249
19 586
18 923
17 484
19 363
17 712
16 263
15 675
27 340
10 977
26 678
1 691
26 677
19 630
15 603
17 767
3 428
12 202
28 387
1 455
25 948
16 842
0 474
20 838
7 703
2 334
22 910
12 452
16 787
19 843
2 722
26 275
10 719
18 834
25 393
10 530
22 614
22 704
3 430
7 686
26 713
11 974
16 401
28 464
20 757
1 990
0 917
22 289
19 371
1 605
27 533
6 459
3 370
19 473
21 230
15 774
21 944
1 949
26 236
12 418
9 933
26 211
1 939
19 642
27 804
20 460
22 610
14 350
23 954
6 521
18 656
10 639
5 550
25 337
6 583
22 717
20 806
25 203
7 701
21 941
7 938
2 493
8 637
15 352
26 773
16 846
4 841
9 803
3 787
16 484
3 961
5 899
6 797
18 727
29 827
17 315
2 848
19 282
