500
28 549
13 436
20 738
28 944
16 813
27 312
18 801
25 259
4 959
14 931
4 768
13 872
3 206
17 591
15 828
20 742
20 374
25 434
20 519
22 378
7 594
14 512
29 791
15 956
16 749
7 377
23 852
26 693
17 210
21 414
20 888
23 664
15 581
10 840
7 753
14 599
2 522
17 392
15 874
13 891
9 791
15 254
26 943
5 394
0 258
28 232
0 313
26 504
1 423
24 564
17 229
17 644
28 587
4 376
15 893
23 503
26 429
4 748
25 917
23 709
26 242
20 720
26 546
20 889
26 663
7 416
0 459
29 776
19 720
28 895
21 777
6 371
1 360
23 905
7 458
6 815
20 746
21 675
1 793
6 887
7 605
29 658
5 810
28 533
18 588
9 966
24 486
8 683
4 636
25 490
8 462
13 344
21 803
13 676
19 903
9 729
16 578
20 374
16 635
15 873
29 380
20 835
28 290
12 383
14 207
23 496
10 342
20 646
28 337
21 308
3 414
1 368
22 652
20 545
23 978
27 902
2 497
16 903
8 593
0 708
16 226
28 275
19 239
5 322
2 282
11 727
4 293
26 323
5 734
16 637
6 910
26 838
9 211
21 862
11 802
20 775
12 897
9 332
9 597
10 447
11 451
10 785
22 339
4 930
12 746
11 331
23 865
16 781
0 744
19 668
24 238
9 405
5 329
5 976
12 912
17 370
0 963
4 636
17 937
23 546
27 884
27 481
28 885
25 971
14 725
4 704
4 621
8 252
23 994
27 488
29 449
15 299
1 515
5 207
20 764
9 862
24 841
5 620
18 323
11 495
16 212
20 456
11 598
24 240
8 694
23 816
19 248
4 733
27 480
28 321
17 975
7 638
26 675
18 358
1 462
7 877
26 771
10 827
29 253
25 716
0 361
2 496
8 341
26 602
28 305
24 608
10 958
24 588
16 247
24 493
20 604
21 989
25 747
25 920
4 325
3 478
28 807
0 309
7 393
4 309
25 929
10 705
5 396
12 814
13 767
8 960
5 978
21 710
12 232
1 789
9 567
3 582
15 661
2 367
4 327
25 349
14 736
1 659
2 257
13 964
21 530
7 417
18 433
18 902
27 373
17 622
4 360
2 718
28 680
9 338
22 416
3 852
22 410
17 781
25 822
5 728
2 867
25 597
25 733
12 393
8 809
17 926
10 342
26 212
21 949
16 955
6 298
19 822
16 697
15 550
15 522
22 542
0 208
26 446
28 284
0 831
21 475
22 484
28 923
4 775
3 435
28 827
10 309
6 520
1 943
8 460
8 992
19 400
6 654
23 543
4 933
15 378
18 968
26 358
24 355
19 242
19 280
28 212
9 295
29 919
21 719
10 506
29 934
4 509
12 810
9 478
18 758
27 988
3 444
16 369
27 805
5 596
21 406
23 757
17 253
11 640
23 520
0 239
24 767
7 373
0 972
13 355
11 518
18 915
12 269
29 549
18 733
26 407
3 899
5 360
9 613
5 963
0 565
20 889
10 851
5 747
11 371
27 601
7 736
19 248
12 770
10 420
21 243
16 427
16 673
21 600
16 898
2 650
0 887
0 469
24 439
2 288
25 374
20 242
14 556
29 474
14 364
13 756
6 375
6 472
8 699
11 466
25 291
27 420
9 960
14 951
12 422
21 821
14 370
16 283
4 722
3 282
13 960
8 912
26 746
8 806
17 403
12 535
16 478
11 858
5 325
22 690
5 447
25 259
27 727
27 647
20 969
2 725
27 707
7 997
2 275
1 326
6 549
18 235
24 262
29 396
13 218
8 819
3 741
11 344
3 475
27 227
3 513
27 607
19 443
14 773
6 651
21 475
10 905
18 706
21 270
22 585
10 683
15 253
16 817
25 381
12 336
26 755
16 996
11 309
10 308
0 655
16 402
14 488
14 844
8 654
18 326
3 791
26 924
8 394
7 642
18 382
23 266
19 865
26 319
16 791
27 579
13 202
14 743
11 262
19 790
15 884
10 333
6 930
10 930
17 898
7 489
9 461
12 658
26 644
28 908
3 247
14 855
17 675
27 938
17 569
5 691
13 618
15 347
9 724
1 313
19 225
26 323
24 322
25 453
7 208
13 955
19 245
1 788
15 999
26 877
7 272
26 876
11 603
5 901
10 470
18 960
15 748
23 880
13 817
11 955
0 539
13 809
4 461
18 238
12 628
2 205
25 583
12 750
28 536
11 334
2 947
27 383
2 764
21 684
10 357
14 840
7 631
2 793
11 404
