500
24 967
26 692
16 737
24 229
15 754
27 277
7 344
18 217
4 749
29 347
17 273
20 305
4 392
3 308
20 293
4 905
23 938
21 660
13 316
14 371
23 608
12 427
19 924
13 440
1 714
12 429
27 243
21 454
11 924
20 702
24 718
3 662
8 238
6 461
21 624
8 945
28 307
26 996
11 436
26 917
4 663
2 612
2 288
21 500
17 918
22 639
3 676
5 587
12 218
0 218
10 273
1 364
18 836
13 436
9 246
9 334
25 399
13 580
1 387
24 823
20 966
8 540
21 290
29 859
19 879
26 517
3 369
11 868
2 222
6 902
11 225
24 988
19 713
6 598
3 243
20 498
28 603
12 760
22 701
22 724
24 265
7 383
1 343
2 753
27 638
11 971
21 788
10 921
4 364
8 475
21 299
4 459
7 439
11 354
29 420
21 754
25 918
18 810
11 238
4 696
2 233
12 773
27 824
27 442
27 879
13 822
24 750
27 889
13 485
3 305
23 893
5 237
2 802
15 707
24 211
23 517
21 649
22 611
5 931
17 283
26 327
12 993
9 930
24 562
27 466
28 687
9 411
2 538
16 200
28 455
8 838
19 651
21 987
10 984
12 872
2 747
5 516
15 508
17 480
5 479
22 642
12 256
5 527
25 703
5 909
14 422
28 681
1 532
15 812
13 999
17 948
12 889
21 763
7 593
26 423
29 369
10 310
11 266
26 997
28 687
26 287
16 538
1 413
4 435
16 883
23 579
27 493
26 976
10 419
29 706
20 732
7 457
11 966
0 974
4 461
29 601
25 680
16 293
26 467
4 682
25 940
13 904
25 532
0 239
24 281
21 801
13 719
13 697
3 657
3 318
13 859
14 794
27 591
6 754
20 262
16 696
24 406
27 585
12 766
1 798
20 807
0 563
3 389
8 235
12 776
21 904
5 874
17 909
1 735
27 851
14 947
1 390
24 974
3 260
3 332
9 360
19 311
23 596
9 478
11 927
16 384
23 553
7 785
14 993
6 627
3 700
10 252
17 535
18 397
10 257
14 607
29 889
18 321
2 570
13 423
15 867
13 527
28 650
4 503
18 628
15 984
0 961
11 961
23 773
5 973
14 543
8 744
3 584
15 614
29 984
29 527
5 389
23 576
1 588
9 482
25 340
19 259
9 594
2 264
2 818
5 329
15 343
20 264
6 669
8 255
19 484
4 722
12 204
28 740
8 844
19 735
16 527
25 599
18 200
12 637
13 428
18 374
8 819
6 757
6 234
16 544
16 609
26 948
26 470
17 766
15 428
4 463
1 323
11 521
6 324
29 411
18 671
18 207
8 856
25 513
26 322
20 894
27 623
7 973
0 793
28 703
3 702
14 546
25 646
6 374
5 644
11 643
6 843
24 367
6 219
4 727
2 630
22 432
27 944
14 478
7 353
6 224
26 229
11 655
4 850
20 718
17 529
18 460
8 903
7 257
0 522
1 206
12 215
11 333
2 920
7 539
23 562
23 385
23 471
9 574
23 761
8 411
15 496
25 393
10 841
24 304
17 591
14 697
21 376
5 1000
27 745
23 250
21 722
20 431
10 539
12 660
25 353
2 559
27 360
23 612
11 283
7 732
8 990
19 662
16 295
7 246
15 666
29 623
17 663
23 631
20 748
21 406
1 527
16 986
22 470
17 649
22 604
16 580
8 866
4 981
22 506
11 671
27 497
5 628
12 366
24 717
10 540
24 905
10 210
25 254
16 346
1 520
23 804
24 415
19 990
3 668
28 486
13 248
24 670
1 797
17 409
13 346
20 808
0 865
20 221
22 297
24 346
29 829
4 204
3 424
28 849
6 411
14 202
26 586
13 434
23 688
21 581
17 223
0 625
18 785
15 519
13 690
24 647
11 871
29 235
9 391
17 224
11 658
23 942
7 900
26 234
12 543
0 864
10 937
19 677
24 588
2 510
21 937
23 290
24 672
2 326
1 269
17 282
21 548
5 545
29 915
21 812
12 595
1 516
21 976
23 240
8 888
28 247
27 469
12 740
0 489
9 787
6 516
13 925
16 742
15 417
27 703
14 805
19 836
7 655
17 906
3 777
10 524
5 253
5 254
19 892
9 816
1 289
3 828
6 901
10 991
29 942
13 982
9 516
29 912
14 460
20 894
7 946
29 421
5 953
27 818
17 876
14 392
27 873
9 209
28 744
24 765
28 277
29 774
23 705
17 626
12 927
21 745
27 786
14 713
14 511
2 870
27 642
29 558
16 691
