500
14 445
24 831
20 830
28 568
12 714
24 678
14 850
8 872
20 248
19 781
28 956
1 815
21 351
10 518
13 249
20 480
11 331
3 954
17 295
18 809
14 411
4 773
28 734
7 208
1 437
26 915
13 713
9 301
8 969
26 627
19 777
2 614
20 927
8 692
22 995
6 602
12 614
15 670
5 490
17 469
16 214
8 319
19 518
25 538
16 652
3 780
23 576
6 837
19 758
10 338
3 890
5 262
19 625
29 891
0 895
25 331
29 788
27 816
12 719
24 980
20 725
8 583
6 900
29 829
28 811
8 375
2 788
9 205
24 873
7 966
22 591
21 278
6 545
3 508
0 286
3 526
0 213
29 543
27 599
25 619
4 979
7 997
6 711
21 653
13 410
1 229
24 981
20 395
6 560
29 373
3 868
23 413
16 729
20 556
18 348
8 498
24 809
15 787
21 944
0 312
5 730
23 221
25 876
1 983
22 406
2 975
27 957
24 955
22 635
17 706
28 601
14 541
5 972
6 560
22 247
25 401
24 522
0 210
20 473
18 835
16 516
20 944
17 347
0 449
24 422
15 399
29 687
24 555
8 706
29 331
9 222
17 1000
16 299
11 841
25 869
14 311
10 843
0 621
27 569
9 983
11 651
1 832
0 283
0 882
13 693
17 933
14 760
28 803
14 604
18 911
6 915
16 729
23 366
11 380
19 546
23 208
16 701
3 340
18 427
12 646
22 810
29 366
1 730
25 325
13 534
27 633
17 414
16 525
28 862
6 384
4 211
0 492
1 687
10 748
3 764
21 242
12 787
22 550
3 845
11 588
28 808
17 996
21 820
25 433
1 814
6 279
29 406
15 793
15 906
2 248
21 419
25 214
10 360
21 770
19 980
7 509
1 610
4 977
10 535
25 787
22 928
15 246
19 486
29 707
20 702
16 583
24 898
27 565
17 881
7 432
12 577
16 761
6 421
15 317
3 684
9 737
12 898
25 514
6 334
13 311
10 202
9 679
19 598
11 858
20 381
27 528
24 459
28 979
18 306
11 659
23 982
16 996
29 417
20 599
17 416
6 516
19 860
14 271
0 568
28 797
22 859
8 694
11 800
25 268
18 286
16 251
29 779
2 910
8 926
6 1000
28 445
21 850
17 614
7 328
27 701
23 754
4 946
27 529
28 974
6 962
23 517
24 997
0 283
29 933
4 695
18 522
18 685
24 707
6 784
9 371
15 356
8 429
12 525
22 284
26 955
7 368
2 670
5 324
15 343
7 294
17 442
27 418
19 338
16 225
26 924
3 957
25 364
0 396
19 422
16 469
18 371
11 430
8 625
6 383
27 932
12 658
20 898
18 825
14 213
2 807
21 896
5 274
15 766
10 661
7 892
28 577
4 859
3 338
29 468
2 830
7 240
0 488
12 879
11 946
21 223
19 770
23 775
4 705
9 439
9 393
22 798
19 271
9 477
3 244
11 450
9 784
23 941
19 920
6 851
23 880
13 967
12 564
27 517
4 862
18 453
6 439
4 554
3 893
28 856
17 202
1 848
7 943
15 515
11 959
29 794
18 257
6 458
0 251
27 460
6 712
22 811
21 340
10 713
23 892
17 947
2 664
12 582
6 927
19 522
15 498
27 834
13 738
29 505
12 403
6 599
28 632
20 629
17 845
9 225
25 513
5 980
8 434
12 483
8 202
25 268
1 643
24 249
10 236
24 583
0 668
18 761
16 968
1 322
8 409
7 482
16 585
14 902
13 802
18 767
21 468
27 264
28 357
18 966
20 360
0 399
10 868
7 226
16 710
2 550
8 398
27 541
21 462
2 405
2 617
3 995
16 507
16 427
20 749
23 512
20 517
26 750
16 518
26 855
11 638
21 522
24 954
19 843
3 343
16 735
20 330
7 804
18 272
18 343
5 961
4 759
20 652
2 598
25 357
24 339
26 550
23 321
13 401
23 312
7 472
9 878
21 850
5 221
6 445
25 654
15 214
23 772
18 285
9 461
13 684
23 921
23 908
0 768
7 817
15 236
0 302
15 631
13 210
1 865
4 252
8 895
23 226
21 671
20 860
14 638
17 564
29 236
19 749
19 489
24 558
13 608
19 323
28 895
28 417
12 266
16 804
21 716
26 980
6 749
13 713
16 440
6 687
8 430
13 894
16 310
10 956
25 599
15 295
6 939
0 993
7 613
9 1000
27 961
23 479
18 919
0 464
14 806
17 544
29 265
23 404
27 350
9 1000
24 615
11 717
13 420
29 683
