500
13 613
18 841
16 587
16 622
11 348
0 527
1 519
16 888
27 714
6 736
12 702
21 710
16 403
15 886
15 693
18 929
24 260
28 356
6 394
28 628
0 627
26 337
25 777
1 648
3 406
7 931
8 858
21 683
17 907
5 654
25 367
18 944
0 943
23 216
0 866
20 291
6 542
23 359
25 592
23 634
28 554
13 301
2 995
14 334
2 522
22 538
13 491
2 437
29 708
21 640
0 505
5 813
20 217
14 857
10 252
11 416
28 795
29 786
16 263
2 359
24 359
12 343
0 500
12 309
5 935
0 372
17 488
22 285
28 220
23 744
29 565
20 868
1 537
9 268
9 830
29 845
20 318
2 401
29 738
6 444
2 785
6 740
3 963
10 629
14 622
9 821
7 939
22 790
9 565
24 274
5 259
25 699
5 541
15 795
24 522
18 802
11 858
29 676
25 626
13 320
5 888
25 756
1 486
23 894
29 828
10 433
22 892
15 408
24 567
14 250
5 558
18 550
13 943
25 547
17 661
6 547
2 972
3 808
0 838
17 956
23 627
20 277
26 409
21 394
6 604
15 865
14 695
21 580
15 440
2 956
22 675
7 717
29 329
27 386
16 486
3 341
0 687
16 983
9 706
15 244
21 562
7 666
20 666
7 815
19 519
24 693
27 743
18 420
22 344
27 373
23 870
24 387
6 874
20 557
5 300
3 630
17 926
28 463
29 793
27 467
15 760
20 791
6 336
15 650
11 861
15 863
17 969
27 994
8 529
7 316
17 619
24 492
26 695
24 583
25 695
7 399
15 235
19 477
15 377
27 688
20 944
11 509
10 999
9 615
10 327
24 438
10 690
5 794
20 414
17 316
9 859
0 275
0 222
17 425
3 437
25 979
0 504
20 242
5 732
4 974
27 411
13 545
8 559
24 707
5 739
16 324
16 944
6 774
28 509
16 953
4 706
18 757
15 809
23 447
7 897
29 733
18 839
24 250
14 923
20 233
9 793
22 387
5 584
1 267
9 615
3 996
24 840
8 266
12 543
9 526
2 896
23 693
11 716
9 539
14 921
21 865
9 359
13 326
0 798
17 394
4 805
9 637
5 496
8 361
9 757
13 445
12 685
15 618
22 253
4 704
29 366
21 470
26 798
23 309
28 340
23 376
4 774
22 742
12 436
8 870
8 477
3 270
17 801
19 929
25 935
6 969
29 425
21 652
29 722
23 481
29 991
16 285
6 654
7 278
19 378
16 405
10 540
16 957
5 477
0 622
0 820
12 442
10 649
27 326
25 755
8 537
9 271
20 256
6 438
19 290
25 760
8 682
2 718
14 526
15 249
19 556
14 923
5 753
3 536
20 960
9 238
17 307
13 509
10 515
14 864
14 467
21 947
8 414
20 852
8 252
23 567
18 485
10 300
18 724
7 885
5 332
2 872
5 453
17 920
10 460
5 359
26 892
0 408
4 590
15 359
12 307
7 825
10 291
15 579
21 375
0 636
13 617
11 640
7 788
15 760
23 979
22 262
23 799
19 654
23 675
12 820
6 442
11 532
16 752
18 583
29 439
26 516
29 842
10 216
8 796
6 537
4 527
17 429
24 931
14 929
3 557
15 281
6 576
8 456
7 832
15 539
26 559
10 299
28 517
6 615
0 890
17 833
8 964
8 260
19 902
18 974
2 422
28 705
22 920
5 877
25 702
9 688
20 942
18 227
28 394
3 223
13 342
2 413
28 690
16 850
12 244
2 573
4 963
17 792
26 390
25 745
17 510
23 812
4 808
5 872
12 509
14 933
14 888
18 754
23 287
18 960
29 861
17 746
11 783
19 280
8 388
11 324
22 734
11 203
17 720
8 858
11 685
13 320
22 706
22 251
25 715
28 963
17 925
21 947
7 916
14 251
5 234
6 492
18 574
22 462
22 531
19 606
9 904
4 236
15 615
17 427
15 592
25 210
4 761
29 499
21 672
12 864
19 204
21 801
18 201
28 286
19 403
12 761
10 778
19 226
5 534
12 754
16 231
2 337
22 915
24 319
12 884
2 858
18 351
26 364
1 574
8 957
2 493
11 216
20 418
6 629
20 858
28 923
13 930
3 201
15 854
17 221
2 445
22 612
7 994
13 696
24 965
5 859
4 854
5 247
18 205
4 515
17 511
23 533
19 771
8 534
16 871
27 424
26 248
14 328
22 485
24 847
5 368
20 623
13 506
3 278
15 419
14 250
8 936
24 369
2 681
15 348
5 239
10 542
19 655
