500
1 239
18 323
9 372
4 729
7 393
1 326
26 717
18 993
18 707
7 263
7 915
9 951
12 291
25 651
2 986
6 558
29 401
13 594
25 770
4 742
1 857
4 471
8 290
11 998
9 733
10 742
10 442
10 806
10 639
0 465
4 770
27 258
10 435
19 493
6 966
16 749
22 797
28 525
27 635
22 578
21 371
19 806
22 556
19 994
21 322
29 302
1 569
15 564
17 901
29 666
16 293
12 901
24 378
7 387
25 852
9 225
11 914
14 229
12 845
19 564
27 855
27 631
18 913
2 945
23 967
10 367
28 377
28 512
15 412
15 403
4 642
23 265
16 905
4 405
4 397
7 459
23 368
23 478
21 342
21 880
6 864
19 735
11 201
8 392
22 346
12 351
16 396
24 746
17 884
19 717
15 578
19 599
8 489
24 389
27 327
3 874
16 636
7 276
19 670
16 738
3 343
20 931
14 662
11 966
8 419
10 681
15 337
20 298
11 435
19 795
3 768
28 266
8 296
4 865
18 512
18 273
20 485
27 252
5 534
4 262
12 687
10 320
14 763
7 858
19 494
26 215
7 499
5 867
2 292
20 706
8 440
15 378
21 414
28 585
26 729
14 810
11 607
19 202
16 550
1 533
13 803
26 304
21 314
14 354
12 236
20 448
12 368
10 332
12 539
18 932
0 594
8 867
19 648
27 794
2 312
24 259
18 807
3 906
10 663
20 889
5 251
5 920
22 753
3 773
13 710
4 724
3 783
22 665
14 789
11 836
20 564
28 566
13 215
27 252
25 388
10 714
13 300
22 717
7 690
18 569
18 700
10 250
17 300
23 516
0 679
25 634
1 800
2 353
3 993
22 221
12 409
12 290
23 302
19 561
3 435
22 963
11 311
19 208
29 865
13 656
27 525
24 687
8 208
28 383
24 355
29 274
14 245
28 450
14 641
10 380
17 551
2 623
3 697
21 449
28 711
22 472
4 645
9 387
14 326
20 755
28 422
21 457
21 911
17 837
17 246
4 942
4 620
5 257
10 311
13 625
20 370
16 940
23 240
14 459
29 344
16 726
12 556
11 716
3 904
7 434
7 798
15 958
4 686
9 376
3 784
24 775
15 259
8 758
28 280
27 639
18 673
25 498
22 755
21 798
17 992
27 815
7 778
21 547
23 557
6 518
0 649
24 211
18 953
27 661
1 590
6 866
10 774
12 706
23 263
10 783
17 421
20 463
14 987
15 711
21 509
6 826
0 364
16 368
2 400
12 274
6 493
19 289
17 251
14 208
6 584
17 495
27 855
8 207
10 326
4 206
7 707
24 221
20 367
28 674
1 555
5 839
15 750
18 876
23 328
8 423
19 303
7 840
1 808
19 953
17 307
2 696
26 506
19 469
10 677
1 558
24 564
29 887
11 494
28 327
18 280
8 867
11 418
7 354
19 942
10 225
15 982
7 219
12 636
8 691
17 816
1 260
11 994
23 472
23 859
26 313
17 919
23 665
13 661
16 951
9 262
14 894
17 999
20 566
3 747
28 512
26 276
5 336
3 546
6 823
0 989
26 604
25 764
9 687
9 808
15 544
27 931
7 725
22 204
20 962
3 524
22 613
2 741
29 875
20 763
17 364
26 870
25 950
24 980
17 355
10 777
6 716
22 648
24 541
13 894
25 783
22 830
17 846
27 785
9 962
19 980
11 254
6 369
20 215
14 977
4 929
6 698
9 368
25 302
20 548
16 475
13 513
29 913
22 949
9 582
26 888
28 882
11 429
9 235
18 206
23 998
13 830
17 900
1 321
20 661
1 432
12 358
24 238
13 613
24 705
14 401
11 649
8 997
17 466
22 563
8 652
28 887
5 733
29 785
0 909
3 844
17 286
5 462
14 906
25 296
6 578
1 835
7 813
4 457
11 842
3 526
26 252
11 509
3 565
20 339
5 367
20 371
2 334
10 921
24 340
8 990
12 994
18 815
28 256
16 524
13 793
3 922
10 971
26 722
18 941
21 760
10 441
16 517
24 651
11 546
11 848
8 882
19 439
29 841
21 216
2 541
8 478
2 765
10 825
12 712
25 284
10 841
5 454
12 518
18 823
16 251
4 918
6 571
29 771
25 696
5 949
4 898
8 915
22 474
21 521
18 777
12 915
19 571
5 268
25 948
15 612
12 941
5 345
19 693
14 389
20 998
3 794
16 950
1 591
13 237
25 291
24 478
5 681
23 708
16 606
22 738
15 884
25 681
14 841
21 247
14 761
