500
16 832
3 535
0 497
29 974
18 530
2 405
5 926
25 475
18 462
29 392
19 332
0 617
5 334
8 701
18 415
16 398
1 270
23 238
19 283
20 349
6 551
21 230
12 585
9 503
7 496
27 269
21 334
19 877
4 552
2 909
23 828
10 831
2 339
8 705
2 515
6 736
5 588
29 544
15 804
18 813
9 951
21 351
23 315
27 476
17 280
10 386
0 455
29 443
26 890
22 328
16 674
29 280
22 802
28 265
27 906
3 532
3 880
24 323
21 687
4 782
24 906
28 709
8 386
27 743
16 833
25 603
1 221
9 686
26 565
16 313
7 443
2 647
0 742
4 457
17 344
25 398
12 316
10 473
19 467
12 768
10 676
12 918
28 324
11 860
18 356
18 337
11 432
29 740
26 781
10 384
21 782
2 362
23 433
19 325
3 706
13 599
28 842
11 393
1 848
22 925
4 477
10 966
23 624
28 612
1 397
7 719
9 421
12 731
25 993
5 854
14 947
25 245
25 361
22 398
5 897
20 208
21 295
16 526
1 553
26 795
22 853
22 529
3 732
24 764
3 655
27 545
21 963
4 820
5 562
1 492
27 928
17 357
15 370
9 969
3 632
26 387
0 320
14 552
25 229
14 683
1 924
10 978
19 953
29 318
1 966
2 613
1 793
15 548
1 375
5 293
16 954
20 524
3 594
5 788
29 356
15 823
19 887
18 428
19 970
9 755
19 972
15 730
10 965
21 641
10 358
9 367
19 814
18 495
7 472
20 821
27 480
16 281
23 230
9 965
25 484
5 631
13 354
22 641
23 664
2 838
6 279
24 407
19 892
17 386
27 631
16 624
11 565
12 434
23 948
6 966
5 907
0 488
1 659
29 758
13 920
17 527
3 947
27 711
19 415
15 983
13 566
12 270
21 476
24 493
17 268
23 212
10 846
15 941
4 753
10 412
21 271
11 569
12 681
28 436
7 907
10 521
26 655
4 752
7 939
18 810
0 220
1 359
13 489
16 967
29 663
20 672
28 471
1 698
8 207
26 649
1 276
19 538
20 673
15 895
2 942
1 892
5 293
5 318
24 790
22 516
27 881
0 743
2 644
29 718
2 418
13 617
12 790
23 202
12 607
13 524
5 973
0 289
18 536
3 572
26 327
21 798
25 587
17 735
28 688
16 542
2 424
12 730
16 811
7 887
15 986
7 249
11 899
28 221
2 581
7 538
15 727
1 683
9 506
21 289
16 716
15 228
7 918
27 566
27 337
6 708
12 274
12 796
16 875
10 629
5 290
28 886
8 956
1 457
23 663
25 994
29 271
24 686
19 412
29 469
28 290
24 409
29 950
14 377
5 352
2 388
25 278
24 642
24 933
26 220
18 936
20 221
13 650
28 389
2 663
8 457
27 304
19 345
16 253
23 661
1 468
0 605
13 355
22 465
4 260
15 575
1 202
0 827
26 923
13 919
27 603
12 615
28 552
21 975
22 602
14 214
29 338
6 326
13 683
2 976
10 223
7 927
10 576
4 806
6 586
1 253
7 494
29 744
28 344
13 717
19 852
12 262
29 967
24 837
1 455
19 645
25 874
17 310
0 550
9 364
12 677
9 660
12 332
15 208
20 827
27 645
8 922
1 408
28 585
29 707
9 800
8 598
13 464
12 359
6 908
6 261
15 583
3 372
13 499
14 848
9 478
26 744
22 247
28 309
10 748
17 649
4 650
23 947
17 422
14 402
16 551
15 704
18 353
18 236
23 216
18 886
18 289
21 950
6 235
24 419
26 936
6 582
24 969
1 728
28 363
7 780
20 518
13 946
18 847
24 781
6 573
14 967
3 848
4 612
9 471
6 603
25 268
13 808
6 578
14 988
28 996
24 907
22 419
17 228
2 918
15 477
15 274
5 641
14 215
12 867
14 957
12 987
5 900
23 748
22 593
22 983
7 769
28 344
25 491
3 486
18 950
12 447
9 705
5 252
6 830
3 465
13 611
22 805
20 421
10 303
14 578
3 319
27 903
23 668
9 299
8 684
24 759
18 405
20 307
27 615
13 468
28 568
22 338
6 326
9 903
19 997
1 298
7 410
20 815
5 583
5 338
9 727
12 721
12 926
16 449
7 319
11 617
1 588
17 533
13 999
25 534
15 499
9 244
15 897
18 558
0 340
23 359
15 716
28 772
2 471
6 675
11 787
18 822
18 657
13 549
0 814
11 648
22 827
26 360
25 236
20 421
24 258
10 338
5 448
1 420
3 311
