500
12 313
13 802
26 752
16 407
29 532
1 458
20 551
10 216
27 879
2 473
1 345
12 386
4 799
27 866
15 805
13 951
27 520
6 854
11 524
29 736
5 897
3 626
10 790
7 302
13 451
8 622
22 286
19 211
20 293
18 737
28 530
24 740
29 705
6 660
12 639
28 414
13 595
2 254
20 842
25 213
14 415
19 936
11 611
1 557
25 531
0 471
4 240
20 972
3 383
15 934
6 662
18 814
24 373
27 236
24 656
13 269
26 635
24 312
1 654
9 232
14 537
11 621
8 246
2 479
16 470
24 618
24 509
15 902
11 358
8 405
9 671
23 401
4 555
12 471
27 814
3 915
3 863
16 533
3 717
17 304
9 795
21 478
5 774
7 514
15 807
17 904
2 292
9 819
8 697
8 680
17 654
22 651
27 831
18 375
25 343
24 788
7 808
9 775
2 879
16 413
20 754
1 301
24 483
9 382
8 690
15 708
7 630
2 670
25 208
19 971
9 312
16 996
3 264
22 616
7 292
2 511
26 433
10 596
27 928
10 323
10 479
19 382
23 406
7 892
16 628
1 801
19 483
7 597
24 591
23 780
3 644
17 251
18 661
13 545
8 610
24 962
18 815
4 947
0 410
17 938
25 309
16 348
27 826
10 642
27 248
24 432
11 365
17 743
9 697
28 691
7 334
9 868
7 229
23 373
20 409
22 784
0 537
25 857
29 505
23 425
8 254
24 662
4 648
27 711
21 807
24 987
1 893
22 215
22 626
3 318
18 633
29 991
14 926
5 433
16 472
11 767
0 357
17 302
0 400
24 346
5 567
28 549
24 916
4 402
18 516
18 850
23 336
22 483
12 386
9 393
15 386
5 551
23 212
27 848
17 867
22 362
15 779
6 603
12 981
27 980
4 307
22 408
28 626
17 705
1 574
13 408
1 625
14 749
1 982
27 306
13 939
25 499
9 970
4 912
29 280
27 679
9 555
21 543
14 976
26 501
22 477
1 900
5 577
9 823
2 849
7 401
1 564
4 960
3 219
12 463
9 445
28 381
11 420
14 893
8 751
12 651
16 649
18 653
11 501
14 696
10 411
1 797
9 230
1 852
9 954
28 298
19 275
18 828
4 570
19 518
25 793
16 793
16 601
18 286
10 560
28 378
27 381
21 218
0 241
10 524
1 792
1 417
23 629
24 469
18 748
18 876
10 807
3 794
18 283
8 279
11 311
20 921
5 402
13 680
23 850
28 814
28 263
28 550
12 784
5 811
3 390
8 367
22 416
23 675
21 334
17 361
17 431
3 780
2 730
27 509
5 747
0 426
11 567
12 356
16 512
29 842
7 315
6 808
19 256
22 279
2 372
13 327
7 457
20 936
4 561
18 733
8 467
27 592
26 243
9 333
25 366
7 213
20 728
17 661
3 532
24 342
28 513
19 736
22 505
6 745
13 679
20 251
10 308
15 275
17 355
10 884
25 553
13 870
10 955
25 765
17 508
0 318
14 815
16 544
1 514
25 440
23 647
2 636
9 833
7 517
19 793
14 432
3 570
17 508
5 985
6 264
5 516
4 990
17 372
6 877
10 290
4 782
27 879
5 748
24 956
20 484
10 765
0 251
22 393
27 652
4 322
1 726
26 674
7 799
0 619
8 728
13 486
22 705
4 546
23 966
9 568
5 720
15 981
2 784
4 409
13 561
26 318
16 484
13 404
10 727
0 563
25 469
19 408
25 213
25 399
10 307
20 821
16 870
14 453
28 435
27 640
2 205
27 796
3 495
14 680
1 247
6 641
11 808
9 890
11 971
0 279
6 676
20 720
0 838
14 924
3 224
0 511
9 764
25 621
28 372
29 583
25 650
0 929
22 446
20 900
6 524
26 249
6 457
5 430
2 421
15 611
21 607
15 941
10 718
0 307
15 929
3 305
5 719
26 873
9 631
4 272
17 405
14 990
9 687
16 513
8 345
7 792
7 356
10 282
20 731
23 506
9 354
6 550
29 938
10 407
4 491
4 428
18 437
29 783
2 334
14 399
3 769
10 587
23 307
23 453
7 955
20 610
16 898
13 734
6 724
11 311
16 288
23 898
20 552
16 258
11 335
19 884
6 228
21 470
9 619
5 700
9 856
24 484
24 231
3 619
20 952
9 222
23 264
20 244
25 279
16 953
19 447
13 271
26 742
0 434
14 968
29 993
25 862
13 218
24 621
5 774
10 940
1 886
18 355
11 323
10 611
10 814
13 800
9 526
0 630
