500
16 275
17 495
19 917
0 299
3 619
14 507
13 324
10 965
2 979
1 381
4 421
29 900
17 291
23 264
2 895
15 271
7 713
23 434
0 927
11 346
22 502
3 269
13 297
29 446
5 769
18 260
21 612
26 655
0 230
20 263
12 905
27 996
24 450
27 255
25 665
10 329
26 498
11 793
17 714
21 794
28 742
9 584
16 845
28 609
26 399
12 907
13 360
17 455
18 795
2 756
13 388
14 831
4 976
1 493
10 684
5 675
0 596
19 621
1 715
17 708
5 342
0 923
26 293
22 593
28 791
29 895
18 820
4 612
13 648
3 812
8 864
0 887
9 433
16 864
5 246
19 335
1 349
10 492
6 967
26 693
11 265
19 764
0 871
6 216
9 905
27 216
5 515
22 344
10 236
18 982
0 897
23 616
0 772
7 531
24 579
29 255
17 967
25 270
28 605
28 555
19 872
14 751
14 717
10 421
21 452
0 965
1 807
29 341
27 720
6 429
0 384
16 820
19 284
17 769
17 808
1 754
7 796
7 317
11 476
21 795
15 871
13 702
17 566
22 225
25 319
9 896
15 263
19 955
21 538
27 563
7 460
17 806
11 296
0 822
24 318
27 846
23 209
1 523
6 943
6 355
24 279
21 370
29 262
13 922
16 880
24 925
1 859
4 546
10 551
24 983
13 353
11 576
9 238
5 260
28 985
28 871
23 609
18 772
1 963
26 940
13 482
10 214
6 771
23 334
2 762
9 838
14 701
19 419
4 838
3 332
9 983
19 848
6 909
21 324
13 782
19 866
15 471
11 933
29 529
23 524
4 523
21 726
2 548
3 892
10 391
4 413
23 503
20 983
16 460
9 865
21 279
23 708
25 913
14 665
17 599
25 264
28 911
9 642
8 720
5 469
9 675
25 277
3 205
5 948
13 758
14 388
2 385
10 591
15 672
1 431
15 883
17 210
1 726
19 358
28 418
19 340
10 782
23 785
19 221
16 536
6 671
16 685
16 761
6 563
14 643
12 959
19 431
28 575
2 425
14 464
3 921
3 966
0 853
0 581
10 835
29 396
25 883
9 988
5 203
15 242
25 871
3 763
14 853
3 976
25 865
14 278
9 789
9 933
4 782
5 424
15 789
19 835
19 675
1 986
21 330
13 507
9 856
5 741
19 560
11 824
0 426
10 964
14 270
7 406
14 665
17 557
28 798
19 781
21 451
9 626
29 782
5 716
17 359
0 885
15 825
23 288
16 548
28 827
4 852
0 842
3 810
2 378
19 926
8 256
9 421
16 222
19 335
24 807
4 216
3 253
2 518
22 554
22 509
2 406
1 301
26 1000
12 849
20 730
23 711
14 685
7 827
20 787
17 302
11 310
25 604
12 605
16 455
29 997
18 394
1 571
24 240
1 574
22 512
9 621
4 714
9 856
28 756
12 665
21 236
12 875
24 897
11 972
11 889
16 316
10 414
0 453
1 428
17 682
26 341
29 439
7 311
28 937
22 579
22 244
3 542
29 713
10 919
12 886
23 876
8 558
20 374
10 267
17 454
24 362
24 530
5 667
25 430
18 370
21 711
12 456
15 792
2 295
7 419
14 534
4 753
22 904
1 854
13 988
27 578
12 849
12 201
23 597
23 681
16 537
25 250
17 653
13 337
9 953
18 738
17 623
18 781
16 623
10 712
15 880
1 682
19 969
13 388
28 420
6 942
13 653
8 994
24 498
1 343
26 326
25 269
15 576
16 718
9 506
21 520
25 920
16 865
26 901
20 765
23 319
0 879
28 651
1 547
19 909
6 560
4 413
19 328
4 857
3 744
9 964
18 441
3 994
9 864
19 251
12 360
17 310
19 999
28 754
2 293
19 808
0 294
6 443
28 974
21 667
14 603
6 731
5 829
7 202
17 870
24 474
29 547
25 603
1 368
12 792
14 816
4 664
15 249
5 669
12 838
9 967
27 498
15 876
27 706
27 742
26 486
25 420
28 284
15 769
24 337
14 201
8 886
19 356
13 406
24 857
4 726
13 903
18 932
23 926
28 270
10 744
6 200
15 941
18 396
13 744
3 870
16 352
10 820
11 625
6 263
4 843
29 752
14 652
4 792
0 998
0 239
10 616
29 953
5 863
24 526
3 628
9 474
10 741
21 201
28 322
24 309
21 895
17 805
4 253
21 456
20 875
9 931
12 447
22 603
12 362
20 482
9 803
2 392
28 364
14 833
17 279
3 896
22 988
5 923
27 661
21 885
18 563
