500
11 595
2 726
20 794
1 810
5 485
19 381
0 894
17 586
29 206
26 661
4 639
14 318
14 315
3 231
11 919
1 847
21 858
17 213
8 426
0 839
18 773
19 299
16 331
4 355
6 365
10 223
21 589
25 546
16 477
25 728
14 669
4 877
28 554
21 428
13 679
23 662
3 226
19 266
27 284
11 326
7 768
6 298
5 411
1 631
24 607
1 969
3 319
7 996
17 986
3 726
14 829
11 409
9 293
24 401
12 596
19 580
29 663
11 467
5 224
25 926
26 815
10 847
23 838
11 506
20 954
4 975
26 225
10 549
27 547
12 353
9 846
9 337
21 537
15 427
5 852
23 490
14 229
24 969
7 945
11 819
22 930
23 643
24 807
3 721
16 660
17 812
17 501
13 381
5 520
28 529
2 923
8 228
18 461
18 478
28 411
8 690
18 836
14 644
0 254
5 209
24 947
12 532
7 938
0 424
26 406
8 830
13 205
9 699
20 738
11 286
14 793
2 506
4 442
7 633
13 686
15 571
19 494
28 566
9 624
15 411
16 432
15 323
13 203
23 594
13 822
20 827
0 354
0 966
8 683
26 779
27 886
19 432
1 880
16 786
12 591
21 495
28 220
4 584
22 476
22 675
5 870
28 787
3 596
16 251
29 445
16 894
11 304
0 809
25 289
25 386
12 502
12 211
10 203
1 797
3 437
22 898
7 518
23 910
4 255
16 871
14 344
29 566
22 905
16 554
3 466
23 674
0 810
10 710
25 720
12 685
19 381
17 511
22 509
6 280
17 557
1 880
18 519
14 646
4 615
19 526
22 821
17 588
17 460
13 255
22 995
15 732
16 645
26 832
5 999
1 689
13 537
5 531
24 928
26 305
29 862
0 343
9 349
7 329
7 469
12 492
11 244
17 720
24 225
24 363
26 261
18 382
4 449
1 275
26 708
11 796
0 232
0 558
9 537
4 619
11 287
12 400
1 356
13 371
0 419
10 259
19 765
23 831
16 363
12 401
22 314
20 771
18 452
19 526
22 567
2 544
14 772
22 930
9 848
17 567
20 756
13 948
21 436
21 611
0 425
13 454
16 245
5 919
11 318
9 800
23 667
24 513
5 604
24 772
23 554
21 342
12 318
24 310
21 868
22 648
7 397
6 480
13 858
10 694
26 882
5 923
5 459
5 942
12 606
20 681
5 651
20 894
2 929
26 407
10 909
1 641
3 808
23 335
4 674
12 354
23 379
25 561
18 862
29 920
22 592
15 659
24 787
27 303
25 280
8 695
18 273
12 516
23 591
18 629
29 849
0 283
16 513
10 316
24 500
19 980
29 696
17 688
0 221
25 622
8 783
10 534
6 901
4 293
10 359
12 865
8 958
24 267
20 258
25 809
1 715
23 384
22 277
7 705
19 860
26 924
23 408
9 989
27 467
14 487
6 950
27 499
13 409
4 273
24 414
16 780
9 506
22 448
18 329
7 389
16 993
20 735
7 673
2 554
24 726
16 741
10 892
0 343
14 526
7 354
6 433
11 540
22 463
12 566
22 208
22 495
22 763
25 297
0 664
16 330
1 863
23 390
9 280
9 228
10 780
15 504
3 462
8 888
24 370
21 649
27 863
20 296
13 566
0 456
26 268
24 784
21 545
21 569
10 395
16 454
3 256
19 459
20 313
20 560
22 704
27 900
7 413
11 801
3 884
24 459
20 379
8 351
27 966
4 225
21 531
26 249
2 506
3 861
24 470
9 262
5 937
28 494
29 940
23 855
12 440
7 622
15 512
18 898
16 264
3 990
25 383
24 735
28 287
23 352
1 424
23 678
1 277
15 993
7 211
0 411
10 537
11 640
13 861
5 991
19 664
19 268
9 216
23 727
7 740
17 871
23 951
17 658
22 835
29 553
21 908
11 719
23 461
8 807
23 979
0 956
27 648
6 338
10 772
25 403
27 965
7 568
6 373
13 855
24 473
21 250
25 685
25 723
29 808
21 869
4 710
17 732
26 911
5 357
23 368
0 906
10 320
14 463
24 925
1 909
27 262
1 725
25 859
13 952
20 336
15 575
5 770
5 804
24 772
23 821
14 339
19 873
0 542
26 789
6 347
2 654
16 736
10 202
5 357
2 596
14 429
4 503
15 437
26 302
18 495
28 720
4 595
13 388
29 481
19 677
3 338
7 220
6 337
10 596
27 354
18 837
8 331
28 243
4 490
13 625
28 315
22 539
25 797
8 785
6 292
8 321
7 757
19 757
