500
3 856
16 538
21 425
5 631
12 684
12 324
25 797
22 561
21 582
19 588
22 492
11 920
25 281
29 934
13 349
17 870
12 548
1 655
23 312
15 385
16 214
19 443
8 618
19 349
4 443
7 917
6 936
18 553
21 745
19 547
13 613
3 936
10 767
8 899
0 605
28 619
11 909
10 998
24 600
24 372
7 678
19 770
17 511
22 638
25 451
8 919
12 323
26 749
9 421
15 668
8 783
21 432
21 984
4 629
26 814
21 645
8 541
1 744
6 550
2 884
1 367
14 375
23 579
26 712
29 783
28 477
8 847
4 632
9 966
29 923
10 980
19 771
20 209
29 708
22 957
3 577
14 606
26 998
26 492
1 940
20 918
27 538
10 394
2 312
12 676
1 522
10 731
18 420
7 457
26 865
9 439
1 983
6 938
2 451
19 918
18 253
17 251
15 946
14 327
15 837
25 949
9 327
8 627
20 574
0 892
6 278
0 485
13 883
24 381
24 642
25 771
14 939
1 777
20 289
10 327
29 817
5 892
4 517
1 514
27 676
0 722
3 849
5 374
23 874
18 236
17 876
12 858
20 730
4 718
3 278
20 575
18 843
14 521
25 423
13 879
19 490
4 216
2 450
3 284
27 233
20 556
4 633
28 245
13 515
21 568
11 844
24 666
4 451
15 403
23 822
29 790
22 607
12 276
13 533
3 468
29 933
18 522
22 946
1 345
3 940
28 868
26 209
28 778
23 964
27 727
2 974
2 742
18 367
1 762
26 295
5 995
4 614
27 464
10 496
13 754
20 570
11 292
8 737
26 241
7 764
5 289
27 687
28 636
6 566
28 476
18 356
21 256
22 964
18 269
25 333
25 552
21 458
29 504
19 480
0 571
15 874
15 353
3 449
25 308
13 254
2 379
0 327
3 759
9 434
26 861
5 218
5 435
8 240
9 488
7 662
24 642
21 206
19 888
15 992
7 823
17 748
28 403
28 412
5 215
13 920
24 331
19 375
27 365
20 727
29 506
18 540
21 630
0 475
21 763
3 381
16 251
22 225
10 506
11 243
20 889
24 635
13 543
24 899
22 575
22 915
13 965
2 958
22 672
26 750
14 436
15 882
3 832
1 538
3 945
15 439
7 797
4 420
17 936
10 820
10 744
20 722
7 277
7 649
17 214
14 690
16 708
6 715
2 698
3 383
2 333
16 470
7 562
13 551
22 493
10 910
5 873
13 890
27 365
18 699
12 612
1 394
9 902
20 230
27 771
5 821
17 379
4 505
8 667
14 833
26 667
4 953
0 673
7 821
6 614
15 813
21 787
14 509
3 295
6 342
22 507
29 771
4 625
22 540
25 263
21 419
0 777
4 367
23 411
8 933
21 857
7 674
13 228
29 385
4 972
12 712
22 736
7 814
18 245
25 958
19 548
27 876
8 420
11 829
26 631
18 989
13 260
22 855
16 905
17 606
19 394
25 288
28 470
3 765
21 737
1 548
2 331
18 384
10 876
2 597
13 936
25 284
20 357
5 856
29 646
4 644
21 912
3 406
18 584
29 450
6 823
21 890
6 412
2 275
7 874
15 904
4 240
4 580
22 598
25 630
6 461
1 950
19 478
8 623
11 778
26 488
5 578
12 356
26 863
2 384
11 806
9 575
16 222
1 576
2 705
26 764
13 572
11 837
6 294
29 578
18 511
18 586
7 201
26 640
10 813
23 800
3 458
0 951
8 546
20 337
16 791
27 507
18 766
7 720
15 330
27 719
16 642
6 761
8 794
2 461
22 267
28 402
16 760
13 490
0 827
7 525
22 580
12 422
28 662
8 844
13 231
21 864
29 755
19 737
24 507
22 332
29 262
8 271
18 959
0 986
3 426
4 822
2 826
11 547
24 691
10 834
0 921
10 682
24 267
9 576
25 825
17 422
5 247
6 857
25 735
3 320
17 306
3 601
4 705
16 867
13 412
26 973
15 333
11 642
29 336
15 211
22 724
8 914
11 527
2 438
1 999
28 449
0 369
1 289
29 759
28 919
28 543
11 894
21 233
25 770
1 803
21 461
20 957
7 524
18 545
17 459
3 390
28 862
1 440
28 489
0 962
5 623
9 808
18 214
24 640
14 294
0 808
17 838
23 277
22 665
15 589
18 395
27 241
0 510
25 483
14 992
14 477
26 909
18 681
17 585
15 259
1 454
27 904
27 708
12 592
10 263
12 548
10 933
29 704
4 529
2 940
29 904
16 761
22 994
28 827
14 717
