500
1 503
3 562
0 308
20 628
21 360
1 530
21 643
7 305
23 891
4 746
26 276
13 711
3 407
24 509
27 834
21 278
11 893
12 808
3 898
4 488
10 256
22 837
23 965
17 369
0 893
4 688
5 351
0 347
15 686
9 759
3 835
21 507
20 495
11 638
1 874
12 726
27 340
15 932
5 789
2 965
7 948
6 930
21 733
4 570
22 338
1 569
27 571
28 987
28 730
27 686
24 222
12 565
1 682
28 984
5 360
9 280
28 443
20 312
0 673
26 214
0 428
5 344
12 508
21 455
28 208
3 957
6 749
14 474
13 647
5 285
18 272
4 887
26 447
27 229
20 731
10 515
22 859
1 389
0 811
24 991
0 979
12 406
27 660
12 441
9 263
27 547
1 999
1 487
4 815
9 739
6 407
10 749
21 272
29 857
6 751
13 465
24 209
26 353
22 344
19 702
4 859
24 569
22 913
28 851
9 847
28 440
3 558
5 938
24 443
6 926
3 807
29 568
0 989
5 797
28 611
24 838
12 251
7 491
8 831
6 975
25 631
1 357
15 465
27 860
28 816
16 972
23 457
25 208
17 847
29 523
2 288
9 637
11 768
0 933
0 883
4 515
18 746
12 909
1 961
18 473
15 541
10 862
9 679
21 435
23 434
15 949
11 667
21 237
6 955
12 466
11 713
11 802
23 220
2 846
11 364
27 366
19 956
2 953
29 975
26 804
10 486
24 695
17 254
12 554
27 431
24 614
22 770
12 612
6 520
6 362
21 279
13 415
7 257
22 727
5 703
15 635
25 850
24 416
13 315
21 841
14 326
26 564
24 246
1 463
28 572
5 957
21 994
3 547
1 419
4 947
6 815
1 933
13 915
27 486
1 398
23 879
25 698
20 817
8 577
27 596
11 500
28 799
21 415
18 828
29 850
25 570
7 857
1 729
2 820
7 364
8 663
2 489
17 575
17 358
2 957
17 658
14 782
7 426
23 503
4 928
7 803
15 415
14 392
5 920
11 745
11 377
10 253
23 590
6 995
6 940
13 839
24 966
8 679
16 597
9 650
5 615
20 650
22 217
9 220
14 925
20 404
21 687
27 469
15 468
8 757
6 946
10 366
23 943
11 589
27 343
7 211
16 469
24 871
23 717
16 952
3 618
4 540
12 689
16 291
20 455
6 541
24 726
6 844
22 887
14 217
9 789
18 375
9 397
17 824
10 610
20 621
0 515
18 528
22 994
12 477
6 432
19 314
16 632
1 309
8 443
24 308
19 751
26 822
10 467
25 470
10 438
19 811
16 936
17 718
26 326
24 914
1 298
6 630
5 858
4 734
26 600
14 707
10 315
5 544
9 501
21 367
22 730
25 994
6 576
4 486
27 947
10 534
15 862
11 984
23 859
4 654
15 252
21 351
2 469
5 274
12 688
16 260
22 864
7 832
5 802
25 702
5 728
2 629
3 999
6 747
16 423
4 546
12 655
22 383
7 678
17 871
25 885
5 350
21 684
14 220
24 835
19 671
16 422
13 579
8 819
19 472
23 650
11 554
3 958
24 377
23 826
23 365
15 651
21 819
0 971
12 695
1 501
11 842
27 758
28 706
15 813
17 668
20 260
25 433
14 962
7 577
21 692
5 375
1 769
14 365
9 903
0 610
3 554
22 490
28 419
23 877
19 444
29 511
8 548
20 577
23 489
12 961
21 468
6 249
12 876
29 759
10 546
5 452
28 268
10 339
7 826
16 549
21 335
6 424
26 262
23 261
6 905
20 255
24 748
29 693
15 237
7 398
19 409
0 347
13 982
14 490
1 206
29 228
1 875
16 897
7 737
17 494
7 874
20 694
24 246
21 602
16 601
0 362
27 241
14 546
11 479
24 699
29 344
21 894
20 880
28 761
14 571
10 218
0 473
21 691
19 493
3 546
11 422
6 544
27 351
19 809
22 406
21 338
28 584
11 440
29 797
18 918
6 353
26 702
19 367
24 906
9 809
9 277
27 582
17 359
1 801
7 507
15 619
18 882
2 750
26 460
14 603
29 342
18 431
3 994
2 527
21 477
21 854
4 432
2 496
23 732
26 555
0 957
2 470
3 362
16 362
2 894
17 697
23 570
19 651
26 294
25 730
4 287
21 812
20 601
0 223
8 979
9 353
7 517
19 678
15 264
15 700
19 796
14 361
4 379
7 742
10 434
25 388
10 997
20 344
1 723
13 916
8 262
18 954
1 499
17 928
0 205
9 775
14 630
29 967
