500
27 702
23 494
18 907
25 683
25 541
26 755
21 583
5 598
16 842
18 494
23 452
27 434
26 855
28 567
7 413
26 714
18 226
25 961
21 546
23 317
1 257
25 257
10 533
24 339
20 708
15 265
8 471
28 556
22 842
27 449
25 785
15 490
4 997
1 404
25 811
21 791
12 742
20 790
1 823
22 663
0 473
26 449
26 508
21 479
2 384
5 324
18 682
8 235
25 294
28 274
17 787
19 607
14 320
22 924
8 264
28 249
17 480
28 609
15 749
19 695
16 417
27 754
1 490
18 776
19 596
23 766
11 997
10 575
5 441
19 648
27 404
17 788
1 963
26 920
23 669
16 801
26 228
27 217
18 247
28 885
17 959
17 555
26 544
7 333
13 799
19 793
21 756
6 608
0 799
25 240
12 491
7 599
3 527
8 941
9 326
5 892
12 368
25 859
25 604
14 602
22 935
15 555
23 912
21 321
15 235
18 445
7 219
24 835
22 699
24 791
28 800
26 732
6 752
11 806
11 527
6 707
21 964
20 674
0 396
18 244
15 225
23 949
21 629
3 898
6 528
1 419
1 981
25 694
27 856
22 834
25 775
1 447
22 788
17 373
18 852
1 860
20 245
21 958
19 272
16 385
5 845
26 564
6 470
7 488
12 243
28 676
19 664
29 654
6 355
14 997
22 900
20 965
14 742
22 924
9 917
0 319
3 317
22 853
26 361
20 623
21 452
29 592
6 735
22 243
5 567
7 215
19 814
20 212
4 981
24 559
2 983
19 630
7 372
17 750
29 828
12 925
7 217
11 580
18 357
3 259
9 723
15 541
12 467
18 561
22 464
26 468
2 559
19 265
14 768
27 489
5 246
17 545
25 290
25 487
20 987
6 702
17 583
9 935
5 293
7 725
5 520
14 595
25 369
21 200
1 960
12 930
2 287
3 996
21 603
12 703
19 460
18 539
2 732
3 795
5 666
9 438
4 764
20 695
15 826
1 213
20 425
28 663
3 370
3 669
16 857
9 923
16 682
5 441
23 991
15 635
25 769
7 942
24 823
1 616
16 792
10 485
5 541
2 840
0 778
6 627
8 340
21 472
28 756
25 468
17 798
20 664
9 342
0 767
14 842
4 934
26 929
27 797
24 542
20 1000
19 816
2 946
11 882
27 602
14 536
10 898
28 792
27 906
3 317
17 403
24 214
20 788
25 463
11 645
8 897
21 353
3 685
19 663
23 732
15 229
7 220
17 697
29 970
26 388
14 807
24 542
5 452
23 808
27 876
2 486
23 391
28 304
8 599
22 996
20 380
0 311
21 658
2 995
2 603
21 291
6 332
7 838
5 927
27 923
18 310
2 967
1 671
23 997
25 327
28 652
4 631
15 502
14 297
28 861
5 310
21 431
17 882
25 960
29 721
4 323
11 215
19 270
2 847
0 298
29 528
22 399
27 625
4 271
22 253
12 535
17 333
25 897
19 259
23 793
20 904
12 218
23 912
23 736
27 931
10 891
20 893
15 944
12 860
27 614
8 466
10 522
20 511
11 687
4 578
21 206
24 654
10 321
15 1000
29 281
4 677
7 390
23 729
13 451
28 878
7 392
8 566
24 440
1 856
25 979
12 865
13 937
14 798
8 590
12 256
8 684
9 378
20 460
6 463
4 305
23 980
2 975
1 499
3 626
16 577
26 435
10 642
29 849
5 545
26 207
15 969
3 201
9 892
2 241
0 818
1 303
6 658
17 899
25 724
21 638
12 915
26 235
28 683
17 337
17 403
10 385
21 870
17 518
24 632
15 613
27 992
12 873
4 377
13 829
26 612
16 737
10 300
21 871
27 668
15 262
11 323
10 413
21 320
17 271
20 493
18 747
17 704
21 405
24 682
13 657
13 459
18 357
2 825
4 765
3 479
22 242
25 920
17 606
10 710
1 974
3 444
3 305
3 444
27 455
16 645
10 309
23 895
13 371
16 288
0 449
20 311
26 419
13 918
14 955
8 428
17 669
11 416
15 319
24 292
29 750
1 641
13 645
7 967
2 743
20 977
1 878
4 725
9 638
4 612
4 656
23 395
22 566
24 391
4 423
7 472
24 220
2 790
15 707
25 486
29 723
28 736
22 711
3 893
21 646
22 359
27 203
22 801
2 687
8 988
11 280
27 439
15 370
21 648
24 238
11 333
9 801
20 225
20 764
26 584
24 740
24 398
24 224
13 690
17 447
11 821
10 823
22 867
4 670
12 413
10 209
20 564
10 996
