500
10 642
25 772
14 538
9 225
26 914
19 315
19 975
6 646
13 763
0 752
29 991
29 330
24 790
24 789
8 332
25 373
15 603
0 887
21 879
9 950
5 269
25 850
26 389
25 682
17 529
12 594
8 734
4 946
21 668
3 444
2 792
28 730
8 977
0 254
5 267
27 365
20 955
23 301
16 381
2 341
19 689
16 786
2 595
22 582
7 857
0 990
27 302
25 339
20 902
20 352
9 422
4 631
5 495
21 459
29 593
27 465
1 450
22 889
20 981
18 524
23 976
12 643
27 377
0 605
22 235
25 370
24 961
27 568
4 774
29 918
8 423
25 255
1 355
26 835
6 245
27 349
28 886
15 832
25 887
5 350
11 418
9 888
14 579
26 903
19 838
22 649
4 328
24 281
10 852
28 448
8 275
13 570
12 529
14 755
28 897
16 432
20 796
2 240
11 813
23 633
27 726
12 711
16 368
26 566
26 811
4 748
9 890
1 520
16 226
3 526
22 581
11 290
8 671
11 792
2 289
12 495
12 953
14 613
5 736
8 564
15 362
29 322
19 727
27 929
29 813
14 936
8 909
20 571
1 734
27 523
24 512
20 954
16 262
24 939
19 326
27 695
16 494
21 494
9 754
7 898
12 658
15 436
27 445
20 234
17 411
28 914
22 336
20 868
6 944
16 326
29 253
1 987
5 698
22 550
6 414
10 745
9 877
12 973
27 626
0 985
23 607
14 348
8 616
29 259
15 820
16 862
14 482
14 829
10 365
15 767
11 752
12 310
1 323
27 648
21 679
2 782
6 410
0 493
29 907
27 279
10 327
8 523
15 885
5 606
12 844
10 732
7 766
3 778
20 200
0 244
29 685
9 958
17 589
1 800
18 935
13 220
2 439
1 722
4 220
7 287
27 394
13 881
27 877
14 204
7 818
26 552
9 511
0 499
28 272
13 731
14 334
1 300
6 354
2 973
25 202
14 410
27 784
23 445
6 927
20 554
10 346
15 836
17 975
19 464
9 613
29 516
13 312
10 708
13 406
6 325
26 601
16 292
15 488
23 488
24 400
16 714
26 858
8 271
25 826
2 642
17 549
22 397
22 869
6 243
8 223
12 542
28 387
20 311
2 942
5 309
21 929
18 688
1 535
27 706
10 854
15 834
22 402
29 764
19 313
18 970
24 475
3 545
6 889
27 989
26 468
14 957
24 935
25 749
8 803
17 477
0 907
7 256
29 654
22 645
9 739
11 929
18 746
6 734
19 600
3 364
11 307
10 625
29 922
0 428
19 621
6 875
4 975
5 542
0 434
2 402
9 780
16 736
22 813
8 340
14 612
2 713
20 243
11 983
9 648
21 773
0 614
26 497
4 451
25 951
12 480
22 862
5 352
25 845
12 961
6 241
28 734
28 801
12 937
10 826
4 575
14 439
18 294
21 722
3 326
7 437
1 424
22 702
1 675
13 398
0 771
19 359
19 289
29 307
14 497
2 203
26 952
5 566
3 332
19 507
20 886
0 593
5 531
1 471
4 249
29 839
5 884
2 545
9 881
7 659
17 707
12 527
5 275
10 212
14 665
29 226
22 416
5 518
5 860
27 611
14 466
2 917
14 712
14 603
21 414
8 774
23 609
28 629
9 810
2 356
18 424
10 533
5 875
1 824
19 430
12 742
16 730
25 571
8 380
24 554
26 219
6 965
9 435
9 610
23 284
26 771
24 481
29 956
16 872
15 665
10 305
23 754
15 283
26 476
3 502
8 840
26 545
16 308
13 277
11 616
1 977
5 803
5 457
6 207
19 832
23 932
18 201
29 207
18 917
24 300
12 787
9 235
17 276
6 725
28 360
27 461
14 754
16 567
17 874
13 700
21 464
10 710
2 469
7 217
2 516
3 961
14 231
1 210
11 805
5 916
22 852
2 487
19 853
28 220
17 686
13 394
22 922
5 442
11 658
28 701
16 899
0 924
1 998
27 835
15 282
1 602
4 568
12 866
18 802
23 326
8 528
9 487
12 669
6 540
20 893
10 439
3 923
18 400
13 556
8 331
22 331
5 415
0 929
1 678
4 394
3 553
14 710
29 762
24 740
0 528
18 438
6 908
22 225
18 282
13 674
6 648
27 520
20 904
4 918
2 844
25 562
10 353
15 273
6 209
9 683
14 244
15 246
0 497
14 707
5 886
5 686
15 739
8 431
26 685
16 889
2 937
27 764
21 621
15 631
14 250
4 228
0 429
13 587
26 871
19 722
11 488
