500
15 506
22 634
12 233
14 918
17 398
3 951
3 229
27 258
6 377
27 240
23 297
24 208
21 926
20 950
13 919
1 489
2 675
4 450
3 585
1 599
5 498
6 358
12 424
27 756
28 210
29 320
12 253
27 310
19 302
24 744
28 507
29 473
3 647
2 683
28 673
19 536
26 801
19 518
29 297
0 507
13 341
8 788
7 252
18 905
14 568
1 962
18 869
4 590
1 261
11 514
11 901
9 932
18 831
0 560
7 349
13 236
10 262
10 653
18 459
13 356
29 347
2 487
0 841
1 842
25 953
6 375
24 367
9 447
22 220
22 857
21 590
9 877
26 743
25 793
29 831
26 442
20 348
10 420
25 819
20 415
14 293
15 886
13 921
13 879
14 507
6 813
23 771
1 693
16 586
15 202
0 222
7 891
24 909
20 554
23 424
17 259
19 724
22 404
27 461
25 612
11 280
2 813
25 368
22 645
23 481
0 874
24 296
4 847
9 793
20 283
5 856
15 515
28 429
27 377
24 489
4 877
1 761
24 701
18 244
9 343
14 324
8 341
17 826
11 889
23 570
28 767
27 440
9 990
16 962
4 643
14 748
16 886
1 535
3 370
25 313
14 621
2 284
17 480
0 543
18 548
20 888
3 742
27 948
26 767
22 585
23 619
6 420
19 281
7 431
23 826
19 686
26 820
0 330
11 916
29 674
25 614
14 979
19 448
7 239
21 253
11 907
26 974
18 317
23 893
9 299
5 828
16 859
10 482
16 256
12 234
27 489
9 265
5 603
23 442
13 443
27 297
24 693
7 503
0 380
27 616
20 588
21 475
15 997
2 567
5 695
28 616
3 514
17 335
11 551
15 761
10 314
26 759
21 537
24 287
14 342
7 1000
10 676
23 924
0 688
19 298
27 941
29 311
22 212
3 736
18 762
14 680
28 819
2 733
14 262
23 629
20 592
23 816
20 235
6 601
4 842
13 492
8 938
12 483
12 362
23 372
0 702
18 972
15 338
23 259
6 695
7 327
28 341
4 237
3 692
0 919
26 496
12 295
14 960
20 224
7 271
0 207
1 403
18 889
9 636
10 931
0 620
4 867
8 463
11 752
22 549
24 313
11 468
21 330
24 870
8 621
10 282
17 735
16 293
2 546
17 432
22 803
5 355
21 522
29 499
6 218
8 274
5 966
1 302
22 246
0 319
3 716
27 796
2 696
20 761
20 519
17 564
2 327
21 933
21 666
13 613
0 590
24 885
26 264
12 231
27 690
17 498
19 243
6 563
7 919
8 321
20 877
2 501
8 659
8 577
9 665
22 320
26 575
22 919
14 279
0 926
14 301
1 674
8 537
28 492
20 240
6 445
26 748
23 527
9 812
11 469
4 426
15 664
23 762
22 927
28 290
16 515
2 430
10 414
7 542
27 864
26 566
0 869
27 603
5 606
6 878
13 608
23 737
2 455
7 965
17 631
8 759
5 433
16 618
6 334
16 887
19 749
1 309
13 602
7 278
21 499
11 918
26 498
2 894
16 964
13 427
24 562
8 516
15 842
17 200
25 564
8 793
22 729
26 597
1 742
4 557
7 835
26 928
6 497
11 553
29 213
13 613
27 902
20 459
5 304
4 527
3 628
6 385
21 273
19 518
5 225
8 446
1 469
16 918
10 799
18 307
15 844
4 329
20 948
23 889
20 852
26 297
15 808
7 617
19 956
18 656
0 674
2 471
16 565
29 435
10 394
29 243
2 592
19 859
13 901
9 751
5 339
21 570
23 646
14 745
23 264
13 810
14 682
20 334
3 737
15 642
27 947
13 304
12 951
1 744
8 673
21 867
16 956
6 447
21 650
8 583
21 535
0 1000
8 773
13 388
24 750
18 733
28 383
14 554
28 279
20 432
13 223
19 219
21 877
16 978
26 262
1 833
13 758
21 903
22 273
9 905
16 435
3 676
14 560
14 563
17 404
25 480
13 861
21 615
1 895
11 612
6 369
14 222
20 549
18 278
18 381
19 382
4 201
15 204
16 813
20 966
25 266
10 396
6 218
29 790
14 277
10 680
17 854
19 715
12 337
20 214
18 339
23 561
15 613
25 875
15 254
3 515
17 886
20 715
29 478
10 878
1 629
29 541
24 614
21 838
7 398
27 751
22 260
2 339
6 789
20 488
18 464
20 471
3 738
11 661
2 321
7 830
5 543
3 205
16 861
7 660
17 622
29 638
9 938
7 482
0 823
2 399
0 412
2 913
27 496
14 812
