500
21 337
17 634
22 424
16 365
14 890
15 836
7 736
15 613
29 857
4 895
1 457
16 496
10 275
21 539
14 717
5 572
9 472
25 662
26 745
10 727
12 213
11 970
20 541
5 260
24 697
16 335
7 785
17 622
5 949
20 979
2 609
18 357
8 548
8 405
26 402
29 739
15 937
6 678
23 428
9 526
12 775
2 865
1 247
5 426
28 989
18 218
14 345
11 767
4 434
0 581
28 401
22 689
6 837
21 662
18 895
10 408
2 378
22 467
18 486
6 410
27 251
16 492
13 724
14 724
19 734
28 765
26 833
4 669
15 264
19 795
28 516
15 512
0 813
21 656
9 864
11 896
3 547
8 392
22 451
0 304
7 485
11 653
0 467
27 675
9 512
28 608
5 654
16 268
15 542
20 856
8 895
21 752
8 295
2 449
13 747
28 855
15 796
29 594
11 847
15 686
7 504
2 784
27 928
0 261
20 732
11 418
2 904
8 468
27 504
24 541
11 259
0 923
13 858
3 774
24 301
25 654
24 311
19 735
23 739
9 340
12 586
20 856
18 685
2 798
19 360
29 512
3 222
2 357
11 274
29 446
24 218
17 568
6 566
25 534
27 358
10 220
20 499
8 294
0 330
20 918
8 776
16 847
8 805
0 314
26 675
2 333
29 811
4 459
0 680
8 862
8 573
22 277
17 877
5 534
26 472
18 370
20 642
7 228
19 839
6 883
3 593
6 521
11 503
4 290
13 333
6 838
23 761
5 437
22 597
3 555
19 250
27 641
1 616
17 553
14 440
0 481
23 505
11 613
14 953
22 341
9 944
14 667
7 455
6 290
2 972
11 467
10 929
13 653
13 774
27 674
10 585
6 398
16 985
27 429
1 546
15 525
29 827
8 326
0 610
4 896
21 675
5 386
24 519
10 853
26 679
6 536
16 654
19 302
5 890
9 889
15 960
27 332
1 364
17 564
13 375
28 747
14 595
18 269
4 320
11 926
10 399
4 362
24 838
11 675
27 271
19 727
16 659
12 391
13 248
5 816
18 202
3 717
28 834
11 852
5 681
23 288
20 445
9 359
7 843
27 282
5 434
20 990
26 862
1 659
20 995
25 740
7 754
10 504
20 305
19 615
1 763
9 496
24 925
29 844
11 497
7 323
4 925
6 768
27 821
26 812
24 788
21 479
15 361
4 902
14 268
23 322
25 515
14 635
24 234
21 709
15 863
26 234
29 570
27 805
26 901
8 510
5 925
10 485
21 627
8 236
16 719
22 576
3 747
1 743
5 300
15 550
21 202
23 448
8 788
7 596
3 220
27 218
16 697
5 560
22 665
1 809
10 978
28 975
5 437
22 745
22 333
25 869
14 688
3 244
18 471
0 305
9 208
9 287
2 423
3 404
2 879
27 500
0 587
28 872
17 278
16 868
9 243
24 393
13 271
2 884
28 828
23 353
9 641
29 682
22 579
29 436
2 695
4 814
21 666
25 679
19 339
25 828
25 835
6 910
16 877
11 776
17 580
4 442
11 651
10 338
14 682
19 920
0 564
1 984
27 291
2 719
25 827
25 288
25 755
17 535
2 576
14 979
8 210
22 866
15 931
21 911
25 767
12 981
15 629
5 409
24 820
20 752
19 603
15 955
25 717
14 592
23 434
27 851
26 217
15 841
3 610
9 989
3 612
25 427
16 519
1 609
10 932
8 817
15 243
23 460
4 454
4 856
14 899
29 503
4 905
14 846
3 775
7 482
23 342
14 701
14 797
28 440
13 947
20 777
1 567
8 316
23 320
24 755
2 257
6 972
29 374
23 361
19 664
29 886
8 585
19 949
29 284
11 521
9 527
2 1000
21 992
8 245
9 221
9 852
11 362
21 569
14 587
10 663
26 435
17 635
12 353
16 601
8 665
0 929
20 783
9 784
25 874
17 234
27 485
14 891
22 275
21 864
22 600
23 514
19 954
10 249
0 623
23 698
13 989
6 829
6 824
25 337
13 380
25 858
24 362
19 203
2 432
15 925
0 286
19 810
8 319
2 285
9 587
15 459
5 220
5 752
2 862
16 983
18 938
29 329
4 495
20 517
29 627
24 257
9 855
19 572
19 352
20 863
0 555
22 684
26 271
6 971
15 780
12 363
29 764
15 834
2 205
25 439
5 972
25 540
19 453
26 863
23 501
6 252
16 338
20 580
22 764
1 896
9 731
0 452
12 542
5 763
3 713
20 886
15 620
18 631
1 421
22 240
5 682
18 574
