500
8 236
25 446
5 412
19 951
8 701
29 470
25 870
2 858
0 342
19 251
3 676
26 610
10 998
0 701
21 354
2 522
14 695
9 942
17 315
25 502
18 617
7 800
17 813
24 416
5 796
9 638
5 497
29 391
12 685
6 471
19 825
23 636
12 474
4 727
17 525
0 489
13 642
27 386
16 265
21 918
12 343
0 320
0 343
9 963
10 466
23 596
12 736
14 575
14 597
26 336
28 317
7 989
4 640
16 715
1 759
14 214
21 644
5 357
5 581
12 268
26 860
1 794
28 919
9 892
15 848
6 445
18 990
9 773
20 886
12 264
0 222
29 355
25 213
23 476
9 996
6 596
10 322
26 678
15 824
5 931
10 599
1 551
6 450
15 868
4 754
19 223
4 585
0 780
19 826
15 912
26 515
27 972
13 862
23 748
25 616
6 848
11 948
6 473
7 609
25 314
15 627
8 711
6 689
27 902
20 320
9 899
13 521
28 571
19 764
6 918
23 696
10 786
16 566
27 502
8 842
23 728
27 564
21 568
7 463
3 988
29 630
10 941
18 872
9 638
4 410
22 493
23 458
25 466
11 487
16 260
29 668
9 665
16 581
2 941
26 560
22 678
17 205
12 620
3 892
9 977
8 465
20 432
13 482
28 318
6 323
21 271
16 264
18 967
0 747
1 210
21 640
10 226
8 730
20 896
20 444
8 985
1 580
0 700
28 814
22 645
28 450
27 480
1 759
15 611
7 856
2 474
27 326
26 204
3 399
12 710
24 572
22 292
19 611
21 657
29 925
29 351
28 247
15 449
5 758
24 332
22 820
18 547
26 540
10 853
14 420
24 355
27 746
16 989
1 554
0 512
8 669
6 889
11 997
25 264
21 797
16 793
16 921
28 993
23 260
29 258
18 411
28 301
10 378
20 986
24 568
2 727
24 429
14 521
8 639
29 305
20 467
17 880
0 656
23 272
18 314
0 916
9 975
22 681
8 561
1 897
17 744
18 561
24 819
8 972
22 207
22 983
29 673
2 486
12 944
12 842
20 474
24 968
17 228
24 263
5 469
26 256
25 851
24 296
18 843
16 992
17 215
12 952
1 335
4 479
18 255
27 699
11 956
7 778
16 828
1 573
29 321
24 343
10 203
22 654
24 737
1 853
10 571
12 484
23 927
28 872
20 934
17 624
7 603
18 413
28 584
17 981
20 771
16 799
6 889
15 468
10 387
22 587
18 358
19 908
10 342
23 346
5 389
15 476
21 887
17 241
1 284
26 336
13 636
21 859
27 578
11 956
4 544
27 511
8 404
23 870
16 781
14 761
10 932
10 759
2 259
2 360
18 938
26 604
24 666
3 591
7 559
3 942
9 290
24 920
20 876
0 877
20 519
20 831
22 360
2 517
28 997
10 978
5 660
6 293
2 707
28 301
20 774
5 417
25 686
25 577
2 989
22 607
21 753
0 264
8 265
12 835
14 948
18 337
9 381
14 362
20 925
4 415
20 671
10 886
28 820
14 971
15 883
17 572
24 434
27 745
18 406
29 573
6 803
12 859
0 951
28 278
13 737
10 339
11 717
26 613
1 229
22 535
1 498
20 301
17 386
27 677
27 628
23 812
2 917
10 847
0 585
4 500
5 646
12 211
0 410
9 312
17 713
16 793
16 686
6 260
25 768
24 274
26 388
15 975
10 649
21 585
23 359
6 465
3 964
29 687
18 247
22 307
26 625
9 867
3 698
22 259
18 844
4 959
23 717
20 653
28 996
8 615
16 303
24 540
18 506
18 891
12 376
23 498
12 904
14 904
21 793
13 925
27 483
25 665
29 901
11 942
26 638
7 503
4 813
6 628
7 428
20 891
0 521
2 586
25 532
28 997
2 499
9 510
1 260
25 345
21 292
20 416
26 672
6 851
25 308
19 933
1 378
20 297
8 364
19 208
15 462
2 218
10 689
22 209
2 947
21 471
11 582
14 442
17 619
19 516
7 400
15 743
15 829
18 465
11 544
2 230
21 538
26 243
18 251
0 330
16 883
14 612
25 459
7 999
0 379
22 205
9 937
4 495
8 480
23 793
13 629
25 364
4 801
22 954
27 770
24 806
21 633
26 438
27 475
4 494
11 978
23 751
11 832
5 306
0 758
9 241
18 358
1 878
16 394
25 930
9 225
7 967
13 593
12 902
22 779
16 849
24 267
8 429
15 826
0 616
9 886
3 479
24 336
20 543
28 382
25 353
2 783
25 371
19 426
29 709
