500
15 520
25 611
21 540
3 615
3 292
11 824
26 942
8 401
11 497
29 810
19 803
22 742
21 896
23 945
18 967
16 545
7 221
16 316
1 309
4 538
20 515
17 1000
0 954
17 271
21 718
24 872
1 677
20 219
27 791
12 904
18 378
29 727
8 239
3 311
9 814
10 376
21 657
2 838
15 331
12 293
15 853
25 987
25 944
10 477
21 483
5 525
19 875
9 347
17 784
16 789
22 755
10 633
22 973
9 892
2 686
7 298
23 458
11 598
1 353
21 980
22 446
20 434
15 888
17 813
20 296
16 989
29 857
23 941
18 737
22 219
24 888
23 472
20 355
5 950
1 537
26 359
2 294
1 451
14 407
6 244
17 877
1 615
1 877
24 740
25 786
0 653
26 412
26 288
20 897
19 444
22 420
15 352
29 273
12 227
1 944
1 531
27 741
19 563
24 962
24 386
3 949
23 629
29 706
20 732
4 336
26 724
4 721
27 660
2 460
29 250
19 962
18 858
4 238
16 536
23 311
13 920
18 318
10 658
21 210
29 739
17 633
1 547
29 206
22 850
2 828
21 657
20 593
4 516
18 473
8 619
4 463
25 273
5 212
25 413
19 449
15 744
3 235
13 610
20 357
9 219
2 290
15 526
8 865
12 848
4 865
13 306
14 713
21 299
2 623
0 608
15 989
25 892
24 762
12 942
7 737
0 918
6 642
28 665
22 220
23 598
11 845
6 652
17 984
0 211
15 517
11 638
18 860
21 337
1 778
3 842
14 517
6 274
6 277
11 474
22 855
5 741
13 542
14 872
29 346
4 978
25 297
29 454
14 529
21 605
22 433
28 882
4 445
16 821
23 386
27 602
17 556
11 312
15 394
24 673
8 583
7 850
13 764
15 839
4 901
13 320
22 608
2 492
7 283
27 792
6 600
18 990
12 859
29 427
20 707
9 427
1 991
13 653
29 705
2 757
12 846
11 458
20 248
5 965
9 909
14 837
4 688
5 455
18 386
16 693
20 262
28 400
11 324
10 534
3 628
5 227
13 221
13 698
28 418
23 682
0 936
24 202
28 856
9 754
9 849
0 411
4 213
29 710
17 545
0 578
1 965
16 311
8 508
8 680
26 220
5 274
8 244
28 556
18 498
6 664
23 305
16 378
25 588
10 733
5 938
17 816
21 648
2 486
5 676
29 755
4 638
24 946
4 380
15 498
8 441
26 817
20 622
15 792
5 848
0 676
26 313
26 464
23 858
22 512
28 604
19 203
27 785
17 632
18 766
8 885
9 269
1 962
5 643
2 381
20 898
19 680
29 576
7 319
17 877
5 838
24 812
28 763
17 408
1 523
29 619
18 904
22 736
1 456
7 471
25 737
13 267
2 304
10 808
23 911
20 332
9 951
6 987
27 933
25 584
18 688
4 435
2 977
7 920
14 874
21 751
24 319
16 429
1 674
24 637
26 895
20 265
9 490
28 311
29 437
23 840
0 480
8 203
9 861
24 303
25 812
8 453
18 503
25 635
22 526
21 240
20 284
3 917
21 422
4 222
12 678
29 299
19 767
18 643
25 506
12 317
16 381
0 312
19 788
4 212
0 553
4 793
17 865
11 337
29 964
19 735
0 860
21 424
16 236
17 905
12 729
22 946
18 533
26 217
7 402
9 378
23 861
24 516
11 600
10 283
28 972
22 541
25 729
12 853
8 973
3 336
20 666
9 394
13 614
9 407
14 888
26 975
5 293
27 530
3 656
14 743
1 695
21 759
14 640
17 229
2 948
1 559
0 729
1 402
27 724
19 735
17 549
7 741
12 682
21 823
27 925
17 394
2 552
25 275
28 744
15 243
20 707
15 601
25 589
2 702
27 783
25 734
7 254
11 801
20 689
24 928
22 821
9 209
29 997
14 454
16 444
9 705
16 810
9 750
1 489
18 977
3 801
16 670
10 953
4 652
11 231
21 516
11 649
28 945
29 712
10 262
3 323
13 597
6 472
13 963
1 930
9 389
2 327
21 879
14 569
0 769
18 908
26 227
18 205
20 805
25 847
9 475
16 437
20 837
11 754
2 776
11 925
0 818
3 530
28 332
16 914
29 224
7 586
26 406
4 688
16 565
14 794
20 1000
29 418
2 272
21 681
26 617
16 671
10 547
15 881
28 676
7 893
0 719
25 722
6 622
20 948
5 703
28 366
27 841
17 682
2 811
19 764
26 622
21 438
5 323
5 905
4 663
25 556
22 432
10 353
25 418
12 515
