2000
8 843
13 438
12 342
12 542
14 636
5 225
28 366
25 681
0 662
9 790
10 382
18 230
1 525
11 454
26 968
22 909
23 605
0 752
15 298
24 597
4 461
18 678
24 610
4 498
4 506
16 517
12 799
15 386
26 950
22 498
29 488
29 470
22 802
15 660
25 541
24 385
13 623
15 850
3 985
22 781
1 952
6 455
26 615
8 817
15 844
28 678
16 940
24 810
16 970
19 894
25 454
19 488
21 463
14 693
6 648
2 407
14 453
5 656
28 906
3 864
6 310
2 963
20 797
17 255
1 809
17 535
11 795
29 210
1 690
0 509
13 821
3 487
10 289
16 651
25 911
3 805
18 342
14 930
19 466
6 789
2 773
13 618
4 232
15 584
2 762
21 829
3 788
9 453
20 928
21 993
2 278
12 806
4 921
17 855
24 570
23 492
23 460
8 234
18 879
24 324
10 431
25 511
4 695
6 750
23 322
1 400
24 860
29 800
3 559
24 252
4 573
20 636
24 543
5 559
5 251
16 493
10 450
15 286
7 982
28 342
19 686
15 922
22 415
22 368
21 812
7 733
10 566
7 444
7 278
4 636
0 791
8 975
5 901
1 349
16 252
28 695
26 735
26 466
2 396
23 740
6 520
23 563
24 600
4 836
7 719
5 354
16 760
26 434
21 582
19 428
9 321
15 628
12 658
11 791
28 354
15 999
2 558
4 414
4 561
26 688
17 623
28 545
15 374
25 862
0 391
2 729
8 383
4 407
24 213
11 432
1 659
15 554
16 881
12 283
26 742
10 404
25 763
8 670
28 206
10 270
26 355
29 687
14 354
23 752
24 741
24 225
1 273
7 395
11 909
7 240
25 668
22 482
14 389
28 472
7 958
10 461
26 456
28 728
8 491
21 578
2 402
18 460
18 585
16 631
23 643
22 442
1 263
7 242
18 868
5 409
0 872
11 410
18 534
5 314
28 226
16 780
25 718
1 894
22 790
20 445
7 760
14 961
8 852
23 336
14 301
25 406
2 235
0 626
25 408
12 968
29 869
9 307
13 805
3 827
26 455
14 469
3 771
0 299
18 363
27 255
27 209
24 998
10 434
12 963
25 438
22 601
5 575
22 670
17 718
27 990
0 445
3 351
8 282
10 578
10 325
16 333
5 212
9 214
26 623
16 857
23 972
3 826
5 529
15 416
9 317
0 856
17 572
23 511
16 978
13 235
8 286
21 886
25 388
10 943
10 809
15 782
1 832
24 679
10 635
3 722
24 918
24 977
11 724
0 480
4 456
0 887
4 591
19 706
18 868
13 243
18 426
19 811
29 760
4 369
0 328
9 420
22 259
5 662
19 420
16 214
17 579
8 886
0 369
12 905
6 534
19 264
27 524
3 783
7 547
13 565
4 464
24 732
12 458
5 406
21 664
21 568
3 710
23 311
8 251
24 701
15 836
0 982
18 220
2 357
14 924
16 414
6 893
18 619
19 575
7 318
10 397
18 896
23 512
22 677
5 761
26 310
18 676
25 895
25 521
22 866
14 768
5 440
17 614
22 601
23 595
4 630
26 312
2 687
26 883
6 988
20 997
1 331
6 255
16 644
8 213
13 301
19 328
27 341
13 234
6 690
25 642
18 334
16 462
3 473
19 362
19 668
13 389
18 327
25 639
3 378
18 364
4 493
29 228
11 278
5 742
26 410
8 361
12 215
10 995
8 629
6 658
9 622
20 528
6 261
6 415
13 891
5 775
19 611
5 868
5 948
20 494
24 824
27 618
13 327
24 537
19 228
2 452
8 255
25 861
25 221
20 435
1 570
27 929
1 817
1 233
10 366
22 226
3 726
0 650
3 480
11 827
1 832
24 231
13 348
13 761
5 729
10 349
17 950
24 415
4 240
24 590
14 550
22 431
25 725
12 535
22 566
1 886
28 627
20 657
9 405
8 776
23 650
0 411
1 490
16 818
18 533
25 768
27 994
15 627
28 322
7 212
27 321
9 693
11 420
6 905
15 248
26 715
23 428
2 335
6 285
1 634
9 444
5 426
15 751
20 475
13 446
15 536
24 647
19 251
1 662
13 403
4 846
19 358
4 412
10 568
12 921
29 528
17 802
3 423
15 899
20 712
2 679
19 503
7 894
17 243
14 987
23 228
26 992
13 667
16 904
9 723
12 221
21 587
26 834
13 325
14 861
6 559
25 421
11 445
18 993
15 452
28 212
26 981
15 962
16 236
5 735
22 911
16 924
26 337
10 464
6 523
20 680
20 583
12 679
21 637
3 340
7 675
22 326
6 752
27 314
19 733
21 238
26 533
20 764
4 444
21 206
23 457
22 835
9 441
4 605
28 504
7 569
7 525
1 597
16 860
22 809
19 879
29 278
5 223
7 249
17 654
5 587
19 623
6 885
18 749
7 406
1 920
5 224
15 560
21 948
29 256
13 814
7 792
17 424
20 255
0 470
10 323
23 326
19 411
4 520
0 961
24 210
20 295
6 808
27 1000
22 547
12 944
15 253
27 424
29 679
6 910
17 581
20 658
3 502
7 820
15 871
4 403
0 421
26 640
21 278
27 603
20 370
11 569
15 460
20 790
3 868
24 290
0 380
23 588
6 388
24 865
19 277
10 513
28 930
7 549
15 845
28 311
4 265
1 815
3 321
22 972
24 727
12 876
0 473
27 919
10 622
23 309
15 580
8 612
28 329
13 473
13 622
22 553
28 825
7 901
7 316
1 991
7 835
11 478
0 645
14 943
26 861
8 721
6 341
23 240
23 367
15 721
24 526
7 577
0 816
3 920
22 382
10 993
29 800
9 624
1 952
18 396
3 851
17 479
16 238
3 289
28 654
19 689
28 707
29 640
16 255
9 778
2 653
11 321
0 964
12 399
14 728
28 685
2 966
10 381
19 423
8 414
12 418
21 333
9 940
4 897
12 355
7 511
10 563
19 560
28 259
24 236
14 366
9 510
8 354
29 283
26 643
25 503
15 928
22 232
15 714
10 579
10 698
9 408
5 278
9 526
20 253
3 447
12 731
21 534
9 977
13 998
8 965
15 442
5 407
19 384
23 514
16 665
16 496
21 572
18 354
26 779
13 466
4 774
26 883
15 316
14 843
12 541
25 489
25 272
25 648
25 948
28 933
29 550
6 370
2 943
24 213
29 352
22 605
27 699
22 859
11 655
14 203
21 524
10 712
7 788
15 307
4 688
10 844
27 774
2 682
15 357
1 262
11 877
12 877
18 583
21 948
24 718
4 489
25 311
4 780
6 737
2 644
17 605
14 658
20 491
14 279
24 367
17 542
1 478
9 734
28 381
21 752
18 623
1 789
0 599
8 732
14 981
16 648
14 462
13 787
12 333
1 925
15 278
18 494
23 905
10 566
15 339
10 237
7 774
27 544
27 675
3 291
14 919
6 817
12 309
20 407
15 724
11 986
10 611
6 904
4 810
12 746
19 694
6 887
0 437
8 599
7 200
20 560
18 625
7 282
15 210
12 681
18 512
28 878
12 329
4 377
4 562
16 707
20 448
29 585
16 428
2 505
14 763
17 775
12 902
23 506
17 800
11 453
21 757
8 831
29 814
12 864
20 369
14 991
12 692
27 244
1 408
24 851
23 603
0 280
9 493
22 726
15 789
3 862
27 335
4 818
11 242
5 466
10 972
19 487
0 593
15 768
24 622
8 903
25 633
5 640
6 740
16 962
2 405
18 750
22 486
17 488
27 353
29 831
4 826
22 511
19 295
20 646
28 463
9 890
6 638
13 717
26 683
26 721
10 431
2 306
14 295
1 214
14 301
10 457
11 865
1 726
5 458
19 264
2 663
13 562
13 485
29 399
28 694
16 384
1 930
17 727
21 877
14 615
17 397
10 288
10 865
1 939
29 381
5 522
4 315
17 942
1 459
10 568
10 357
28 913
12 644
17 950
12 312
12 321
0 707
3 817
7 556
14 715
8 203
19 299
28 205
22 619
4 811
17 617
19 227
27 933
28 815
27 562
0 964
12 395
3 518
24 569
19 462
13 267
13 371
14 545
4 907
23 565
0 779
8 507
24 917
11 315
14 570
29 453
23 609
14 397
4 240
21 514
25 417
10 973
26 828
0 229
22 472
19 489
17 448
8 831
29 663
27 347
9 474
28 398
19 263
23 835
27 252
13 887
0 705
27 872
16 241
25 982
22 865
15 653
10 270
14 611
6 834
21 833
4 515
17 843
25 324
20 374
6 736
10 738
15 699
28 745
5 454
23 963
2 732
29 830
19 852
11 927
29 406
19 380
5 922
18 447
5 895
18 582
27 305
0 507
3 968
10 827
11 311
0 320
10 400
23 759
14 485
24 277
13 829
24 749
13 273
5 353
11 699
28 674
5 771
29 381
10 433
6 825
28 358
21 894
13 286
12 825
4 286
23 581
16 618
13 682
11 810
21 401
12 924
9 243
19 894
0 888
3 634
3 885
23 719
19 976
1 551
5 220
9 835
18 581
10 687
23 568
21 274
20 721
10 877
18 507
10 622
27 625
5 769
17 374
6 503
16 527
3 736
9 342
8 806
24 354
13 532
16 317
0 584
28 509
26 857
11 417
12 915
20 584
22 331
17 514
0 216
9 419
3 570
22 277
10 539
18 677
17 200
24 428
26 651
23 789
23 600
0 783
20 963
13 809
6 587
4 301
25 826
14 589
20 950
5 952
6 710
9 285
16 826
1 576
28 668
7 388
9 470
1 648
19 445
27 581
15 267
25 231
20 311
3 497
20 340
19 917
15 595
2 261
26 547
14 430
1 881
10 571
29 804
12 926
17 300
3 486
7 712
23 860
20 925
5 240
16 880
0 322
2 630
22 464
20 979
15 239
16 317
2 587
25 626
1 514
25 387
19 275
0 840
22 500
23 711
2 985
27 370
7 339
13 512
1 832
15 264
15 864
10 372
27 944
16 268
15 807
17 241
24 391
17 330
27 404
24 840
15 727
0 851
28 969
21 371
4 949
29 244
5 240
3 535
12 978
14 600
26 439
22 289
19 897
18 253
4 837
4 551
28 634
10 275
0 360
0 404
13 752
22 410
6 891
22 792
1 821
10 307
6 800
9 541
19 300
7 855
8 219
15 787
20 606
14 727
10 734
20 725
13 545
1 555
22 817
3 482
18 847
27 607
27 266
24 647
8 682
28 705
20 844
17 596
20 985
12 401
16 430
23 692
27 840
19 832
28 263
24 783
21 480
0 248
9 331
27 816
10 470
25 976
14 644
11 814
25 976
11 630
8 207
0 237
11 927
25 485
21 392
27 729
6 354
1 804
10 665
12 369
10 548
7 580
9 477
14 744
8 779
12 830
12 213
1 837
23 371
28 641
10 834
4 984
15 322
4 467
11 687
24 368
22 504
21 267
24 650
4 535
3 261
26 755
2 786
16 534
25 928
13 978
22 351
11 380
7 815
6 693
4 517
27 529
24 573
14 213
2 946
25 227
2 748
18 440
22 395
12 805
29 284
20 542
8 360
2 978
29 646
12 780
29 300
8 543
25 931
4 348
18 208
23 912
28 911
19 945
18 544
21 722
1 577
0 579
15 693
2 598
22 661
18 289
7 314
18 992
27 722
27 962
6 599
27 921
25 655
19 890
28 741
19 975
8 684
27 498
16 683
5 783
20 568
11 201
12 993
9 772
8 206
8 257
27 588
6 758
9 451
0 939
12 387
24 605
9 295
18 837
10 447
19 750
9 726
16 663
10 943
16 438
27 639
14 424
18 917
2 977
14 468
2 321
2 978
18 687
6 700
15 979
12 755
6 446
20 775
9 406
4 343
8 742
1 303
3 924
1 885
13 442
11 275
4 556
23 948
13 437
19 900
28 429
23 666
29 642
16 460
6 608
29 681
11 501
8 663
3 524
29 363
14 401
17 661
19 597
0 534
24 469
1 762
12 534
22 230
11 979
5 604
14 247
26 497
3 291
12 541
1 350
25 527
28 755
3 911
22 400
16 761
6 470
26 706
15 632
16 235
4 966
22 202
5 499
19 362
11 746
10 671
5 460
0 326
5 917
22 252
5 411
4 374
10 396
22 891
16 414
24 565
18 804
15 451
14 822
15 564
10 909
5 418
25 955
3 376
10 339
29 510
5 587
12 262
13 830
1 690
0 351
20 468
7 843
22 870
19 592
28 422
24 331
20 966
7 673
19 302
0 236
9 604
6 389
1 818
4 916
14 588
14 510
29 973
10 729
24 989
13 984
24 970
20 885
8 269
24 495
4 708
26 248
16 468
21 360
1 596
13 771
4 966
13 786
15 571
0 788
15 772
6 572
21 827
10 402
7 350
17 403
25 737
11 777
15 340
1 666
1 310
8 239
21 279
14 662
11 470
28 439
12 916
6 216
29 894
19 296
19 372
26 281
2 997
17 784
18 298
12 676
26 456
20 380
16 943
7 835
20 1000
7 815
8 786
27 677
19 846
22 606
14 318
23 482
1 878
26 552
4 711
9 837
5 365
7 454
14 996
20 671
13 769
3 861
6 832
8 548
4 759
29 878
15 341
10 269
14 268
19 957
7 238
21 765
5 955
0 972
13 995
4 221
21 360
4 607
22 686
4 267
19 637
14 289
27 974
17 578
12 789
6 220
5 481
3 600
15 427
29 329
7 469
15 534
17 345
4 418
20 281
18 456
19 415
14 907
2 432
4 580
7 483
28 943
13 316
8 555
16 440
8 753
26 571
8 701
4 920
2 388
21 559
6 428
11 632
12 560
5 617
18 246
12 288
19 375
19 537
24 258
17 813
17 972
9 682
3 677
19 870
26 562
4 539
4 699
13 370
29 676
5 724
1 777
7 755
25 320
13 736
18 582
22 479
28 200
11 974
10 264
17 505
10 997
1 210
16 861
8 459
7 466
16 320
5 262
24 728
18 246
1 816
28 385
18 628
10 704
20 497
15 492
15 713
8 975
16 470
10 330
21 312
8 333
24 443
3 834
1 744
0 389
12 650
26 919
3 680
26 439
7 210
27 603
25 227
27 702
16 886
25 418
27 452
21 858
1 210
19 868
1 390
7 643
21 375
18 303
14 723
24 580
8 985
27 807
17 709
19 269
26 353
13 515
10 690
11 438
10 652
9 455
24 363
1 292
2 579
4 391
21 953
0 641
18 688
2 612
23 950
4 493
14 913
23 1000
18 908
1 598
0 374
6 328
10 569
17 253
7 350
23 261
16 791
15 289
20 860
1 677
28 200
16 304
3 466
27 986
23 631
27 641
26 957
17 313
12 504
22 713
29 494
10 718
24 668
0 260
0 848
3 235
6 552
16 820
8 241
8 541
29 657
14 459
4 660
24 599
25 339
9 770
16 230
18 845
7 439
29 852
16 921
3 711
17 855
14 892
20 908
0 602
28 868
14 617
4 680
4 711
12 696
6 778
19 416
11 667
26 943
19 842
10 283
13 570
9 694
26 593
9 369
8 205
12 759
7 869
19 477
25 241
11 377
8 463
6 252
0 918
0 749
2 379
14 746
27 769
9 823
4 784
23 264
6 916
10 654
8 757
13 429
15 317
11 759
14 719
14 436
5 384
0 533
14 697
0 283
10 443
16 927
20 983
4 553
20 468
25 246
21 761
28 599
16 782
8 651
27 612
20 525
11 643
16 778
27 432
12 212
4 725
2 578
28 724
0 384
23 680
3 430
23 889
6 920
10 307
5 589
21 584
17 603
18 689
4 525
28 955
17 308
27 589
15 878
24 665
14 977
11 327
16 650
2 733
13 686
7 741
19 807
10 505
28 401
9 370
22 974
17 632
3 432
7 911
3 647
21 385
13 227
3 551
1 541
2 897
29 967
28 556
6 221
26 717
12 610
10 646
12 467
22 213
27 442
10 548
27 961
29 359
15 771
3 450
15 260
15 513
14 582
14 615
3 431
29 983
6 264
27 999
19 999
8 673
2 718
3 619
17 727
24 892
20 742
0 251
12 298
11 531
29 431
21 902
12 657
28 960
6 292
20 591
23 875
23 493
20 374
2 567
16 821
27 488
18 591
8 320
12 662
24 629
12 575
16 646
15 685
25 783
6 556
17 705
12 583
11 798
28 681
2 702
3 665
14 907
12 327
12 275
23 455
20 909
24 881
27 417
26 651
28 956
11 741
16 255
15 408
3 723
25 299
9 347
5 296
1 762
14 777
1 225
6 759
19 589
16 280
25 587
29 590
19 873
23 379
25 1000
2 285
15 270
4 535
3 402
27 247
0 447
3 760
28 381
5 588
9 793
0 701
10 647
28 647
14 390
22 841
24 693
26 704
29 524
4 276
2 736
17 337
2 654
15 641
24 458
16 389
22 864
15 653
5 616
26 611
22 711
9 278
15 609
29 475
8 473
11 692
6 981
3 669
18 830
27 957
27 668
13 633
25 974
6 469
24 232
29 666
2 478
14 857
15 815
18 440
28 768
10 506
29 549
0 787
0 494
26 426
7 609
15 653
18 643
8 478
5 341
14 344
21 231
26 735
15 759
11 957
7 695
6 246
5 783
28 699
21 779
2 982
18 761
9 980
17 866
6 677
15 313
15 371
11 632
17 294
9 206
25 977
7 421
11 311
7 961
24 707
19 979
15 350
2 291
4 834
13 873
25 734
26 517
24 275
13 778
28 466
16 370
24 213
2 591
5 831
10 889
18 795
15 593
6 822
13 357
21 526
19 555
14 690
11 647
6 792
10 453
13 729
20 480
3 653
29 635
16 747
4 244
5 613
5 443
6 596
29 447
2 892
26 668
21 806
7 907
2 377
0 323
20 780
6 683
29 888
4 708
9 969
1 279
17 450
23 287
26 756
7 429
8 381
21 346
28 206
8 481
1 445
19 921
15 300
12 214
25 839
20 971
1 983
27 647
5 272
19 552
21 772
14 866
0 387
0 236
15 870
5 561
26 922
4 954
8 918
10 884
2 781
29 756
13 884
15 382
24 513
10 269
14 608
9 686
4 629
11 452
21 611
16 429
26 911
