2000
23 327
19 996
2 209
14 444
20 309
17 355
11 902
19 344
2 617
3 709
20 893
25 354
4 406
20 456
16 272
3 436
12 591
7 898
10 247
19 550
14 528
28 529
25 320
10 438
6 878
0 421
21 500
13 822
23 303
15 994
19 392
12 644
12 952
28 218
24 287
16 902
15 658
4 570
9 586
2 826
21 788
23 471
6 789
16 583
10 342
21 319
18 382
13 884
1 771
7 981
1 205
12 886
29 636
14 474
28 479
15 914
11 220
24 940
24 868
3 268
13 607
22 492
7 437
17 252
9 849
10 604
19 899
8 993
16 550
16 741
11 495
13 320
20 311
25 426
3 449
2 969
11 690
19 392
26 312
2 257
11 702
27 862
3 207
5 427
8 816
25 642
18 596
9 836
20 481
28 725
18 601
17 879
27 961
26 606
12 451
18 905
26 268
13 923
13 509
13 525
2 510
23 704
24 619
16 626
20 994
12 587
16 644
17 207
17 380
5 223
5 292
15 250
7 488
13 535
24 679
17 403
14 820
28 917
21 635
24 921
15 377
2 298
25 342
4 607
4 789
7 874
23 377
4 321
9 584
27 625
23 995
26 836
25 502
13 394
2 981
1 907
18 205
15 638
12 251
24 226
20 312
12 822
2 923
21 698
27 244
21 665
20 900
8 661
12 285
25 202
23 736
4 415
7 642
7 792
19 380
20 420
20 825
3 350
5 844
6 234
16 460
12 528
0 475
11 691
2 662
22 842
20 494
24 632
20 648
10 636
15 426
8 524
0 354
11 527
22 831
26 259
14 426
4 554
13 561
0 539
14 325
28 235
28 570
0 417
26 624
11 984
19 884
29 574
14 474
26 244
8 661
16 567
9 304
1 840
1 296
7 975
15 604
21 926
21 584
23 562
16 443
1 390
28 574
23 682
3 831
25 858
10 847
27 692
22 441
13 353
18 702
14 916
28 315
5 411
14 763
14 800
16 268
21 753
21 538
17 500
3 608
7 789
9 276
6 902
11 992
17 715
22 631
11 213
21 733
27 607
1 262
5 775
5 494
29 666
28 558
9 519
22 968
17 706
7 379
8 500
21 301
19 510
3 897
18 415
5 730
25 907
15 660
15 250
28 528
11 727
28 854
7 236
4 955
18 668
25 568
16 926
27 262
10 641
0 432
24 461
11 745
14 997
10 780
28 468
9 336
29 432
28 235
9 321
5 851
2 947
8 994
5 646
2 817
15 997
29 829
26 692
12 230
29 1000
28 517
15 739
26 769
14 826
27 512
7 789
4 426
5 276
10 368
23 542
11 454
8 919
17 556
20 575
4 517
5 300
4 553
12 948
15 434
24 824
29 442
23 292
25 931
12 288
21 890
17 216
5 634
17 370
12 612
22 590
12 442
0 835
17 670
26 912
13 775
4 380
1 658
25 202
12 965
26 551
0 809
13 720
9 666
17 928
6 571
3 987
5 260
0 215
12 723
20 728
1 808
20 889
1 871
14 451
1 561
20 555
0 847
13 929
19 251
23 609
4 375
27 809
13 370
9 872
21 875
12 558
4 630
27 559
20 693
18 237
28 695
2 268
28 321
17 450
17 780
23 701
28 599
16 803
28 707
20 258
17 216
2 970
16 710
9 362
3 808
24 997
12 880
22 665
2 620
12 539
7 567
12 233
20 684
9 674
9 416
13 680
16 615
29 368
5 440
22 363
19 318
11 405
7 609
1 283
17 226
3 423
11 766
16 809
9 776
14 723
28 948
25 915
1 710
25 515
12 742
7 832
18 796
3 888
11 229
9 451
4 653
1 584
24 808
28 750
8 370
19 624
5 417
1 833
4 878
14 846
0 623
19 301
1 761
15 475
14 698
0 267
11 341
7 392
29 549
18 858
9 634
20 592
5 533
9 821
8 877
16 881
29 828
8 463
19 498
6 667
1 672
25 617
24 832
12 707
11 535
16 403
11 928
10 282
17 917
10 489
28 344
9 915
28 950
24 329
29 677
9 720
5 944
0 448
4 554
25 907
27 711
23 610
16 304
15 436
28 867
19 621
29 286
28 863
27 580
23 272
25 280
12 533
10 726
15 929
23 763
14 570
4 614
19 703
6 531
21 454
20 376
2 542
7 715
13 936
16 504
16 440
20 932
27 434
28 208
20 626
14 986
10 782
1 620
10 824
21 622
26 874
1 605
10 746
19 787
16 737
21 539
5 838
29 626
11 315
29 444
13 269
5 219
19 864
21 656
18 367
25 680
4 806
14 663
8 565
12 395
11 351
12 383
5 426
10 887
20 231
13 441
29 485
17 360
28 389
10 596
28 997
21 763
14 376
22 693
17 800
4 281
14 255
29 746
8 766
29 703
15 574
5 823
24 563
4 571
12 631
4 603
8 939
12 949
11 561
12 349
9 636
29 954
3 619
13 938
4 760
19 522
6 492
25 835
7 956
22 583
9 689
20 996
15 854
26 428
3 466
24 325
23 979
28 629
21 380
17 550
26 740
22 841
6 794
8 882
2 312
9 1000
17 230
12 428
2 475
5 852
20 841
22 806
23 340
4 721
0 202
17 905
6 517
11 499
20 342
24 497
25 479
13 713
21 646
4 507
9 800
15 495
3 900
4 966
8 814
13 681
3 788
0 929
23 536
20 499
19 610
17 494
10 523
9 917
13 320
8 599
28 554
6 228
7 494
22 833
23 394
26 237
6 567
25 969
0 807
13 834
5 607
6 330
2 312
21 502
13 837
2 634
16 882
28 363
1 233
2 884
23 768
22 658
8 438
15 889
16 996
17 314
17 397
4 306
8 223
17 994
9 887
1 340
1 928
20 208
25 957
8 917
24 349
27 326
9 764
22 637
5 563
0 343
13 703
16 223
7 949
0 646
2 401
17 365
24 852
20 551
23 587
5 509
2 883
2 336
2 640
6 788
9 773
26 739
8 699
9 557
15 450
26 862
21 443
29 543
19 360
23 935
17 817
24 856
28 564
26 863
19 378
11 377
14 918
24 828
3 275
0 525
23 692
12 811
5 526
29 978
20 726
14 403
4 944
24 404
29 637
5 824
3 696
10 599
9 649
19 387
17 307
8 414
6 979
6 221
16 724
14 636
16 953
5 365
5 558
15 565
23 208
10 276
27 901
17 702
14 664
27 669
6 747
19 878
7 407
2 685
10 982
27 439
2 880
11 521
14 449
16 208
13 597
22 501
26 774
18 492
28 662
28 652
11 884
2 630
21 570
25 464
20 989
12 950
3 263
25 498
1 362
19 391
1 690
24 375
0 974
14 700
29 406
11 248
4 975
22 932
1 779
15 814
22 911
12 750
24 887
23 415
24 433
13 887
18 554
17 933
20 592
24 764
22 855
1 741
24 554
11 812
22 884
9 241
24 230
13 213
19 820
23 971
6 971
1 438
17 356
14 351
19 574
16 672
0 737
13 828
29 200
22 283
28 248
16 470
6 541
10 969
22 650
8 779
23 648
3 222
18 518
12 399
25 622
13 580
21 214
15 208
5 718
15 367
15 830
23 902
17 760
1 313
29 558
27 340
18 339
22 418
25 918
23 385
29 590
17 926
12 285
9 259
9 608
0 295
11 894
19 447
29 559
21 553
12 735
16 860
18 905
4 384
16 909
29 612
4 883
11 972
14 499
21 726
29 975
2 672
21 432
23 404
23 968
27 900
9 500
7 668
5 796
14 510
6 545
17 780
15 424
0 217
28 859
13 237
15 625
11 277
5 815
27 958
22 202
21 449
29 257
22 481
5 994
3 733
20 709
14 822
4 747
3 372
23 984
13 357
12 937
29 538
27 634
21 936
11 774
19 307
19 870
27 911
26 374
22 919
3 434
11 944
11 212
16 531
6 947
15 274
5 666
6 437
20 873
22 456
9 516
19 367
27 394
11 903
25 453
27 780
21 360
4 751
8 976
2 645
29 411
20 708
26 823
18 915
5 492
22 980
21 774
21 420
17 576
17 409
23 631
16 622
29 925
11 457
16 468
22 294
1 586
29 422
25 321
26 690
0 834
2 574
5 671
16 361
4 522
1 714
26 812
3 340
20 299
0 228
6 240
2 881
9 813
27 829
3 712
25 988
22 309
28 894
13 600
22 270
28 398
19 442
26 319
9 522
7 984
2 892
27 960
23 355
23 815
0 470
18 657
0 594
15 983
10 549
3 734
20 945
10 285
27 918
3 597
26 785
10 487
28 933
5 399
25 450
5 575
11 814
22 300
28 653
15 458
17 272
23 782
3 978
25 415
15 508
14 526
29 684
5 886
13 976
19 460
22 995
5 714
17 425
4 276
6 915
23 884
22 650
15 589
22 777
1 342
0 889
23 428
19 635
17 218
22 259
27 454
15 215
28 921
12 517
28 581
22 755
18 701
20 765
4 940
24 440
5 523
3 689
29 451
29 472
26 600
4 829
6 401
15 338
6 563
27 229
14 748
26 317
17 496
0 592
18 900
16 506
13 851
20 900
0 260
28 309
11 859
3 441
11 755
14 464
8 895
19 930
23 947
18 516
12 262
24 977
14 507
24 909
12 499
22 841
8 619
14 462
16 390
5 233
20 676
9 884
8 693
20 550
6 457
15 357
5 778
12 425
8 785
19 782
24 753
15 333
22 529
11 391
15 536
19 244
19 930
0 791
12 568
2 497
6 840
7 864
17 434
8 848
17 680
24 793
20 286
24 260
16 797
0 672
15 491
21 393
14 657
2 540
11 403
21 524
18 247
15 289
21 554
25 283
5 292
2 904
12 253
3 368
1 216
4 596
23 962
0 327
4 930
8 709
4 353
28 450
1 309
25 685
7 373
4 668
23 342
17 556
4 569
5 965
27 966
14 749
28 486
17 825
20 409
15 579
25 277
4 690
9 758
18 287
14 699
24 889
29 275
26 347
2 698
8 494
7 909
12 201
11 741
14 961
19 273
4 936
24 721
27 262
3 932
2 626
6 731
17 595
15 899
5 643
20 576
6 345
26 874
6 945
3 973
20 379
12 616
26 705
20 555
1 336
13 871
24 471
12 626
3 648
11 427
19 434
28 793
2 839
29 467
16 837
14 206
26 538
20 487
14 904
1 769
0 349
10 638
28 755
22 350
18 519
7 995
0 246
2 762
14 542
21 739
10 247
14 880
8 532
26 365
28 689
11 892
24 493
15 498
10 777
7 320
24 402
3 408
11 664
9 249
2 785
7 569
7 644
16 241
22 920
24 852
16 674
26 448
8 269
20 955
18 780
18 240
11 824
13 398
18 610
2 772
25 622
5 913
10 652
29 216
24 634
20 806
7 759
0 743
9 366
23 858
1 360
2 333
16 394
7 858
15 647
27 946
2 425
12 219
4 669
3 533
1 353
21 825
25 827
11 313
26 923
11 331
24 221
19 570
9 604
3 921
20 298
23 513
29 272
22 206
1 869
3 896
25 350
2 727
25 499
19 742
29 608
25 708
12 390
21 611
6 853
2 787
12 541
29 942
18 335
9 380
17 875
21 361
19 705
8 773
12 424
20 442
16 831
24 967
10 343
1 916
15 849
27 592
20 532
8 499
23 265
14 303
2 886
18 380
7 802
13 543
3 471
2 370
27 500
16 869
22 388
7 526
22 555
19 337
8 482
4 262
24 295
22 374
20 306
7 721
13 832
22 910
0 538
22 648
8 981
7 443
7 496
15 407
6 918
20 892
14 707
11 205
3 775
10 444
15 652
7 290
5 994
20 546
20 373
20 976
10 716
10 500
29 609
27 275
1 375
16 431
13 342
25 478
10 705
13 310
18 294
14 242
17 738
27 407
10 682
12 777
0 556
7 513
22 736
4 267
27 485
28 890
9 999
24 216
2 217
7 890
12 732
27 361
2 924
3 388
27 772
14 306
29 839
24 910
12 956
1 546
15 241
0 218
19 766
10 233
13 997
13 694
21 211
15 304
21 722
27 555
18 654
20 418
27 403
8 431
6 408
29 278
25 450
4 757
13 524
12 534
15 906
22 727
23 497
23 721
20 494
18 695
1 442
17 449
11 311
14 812
12 981
24 831
14 911
27 314
13 815
28 544
26 437
26 570
24 285
17 654
9 616
9 353
15 407
2 795
20 545
4 308
2 798
21 595
23 331
19 214
2 227
13 851
8 931
26 227
5 791
24 395
7 779
29 627
24 863
22 773
10 821
5 273
11 584
22 374
11 852
18 940
13 408
0 914
22 341
11 660
21 837
18 361
9 235
18 666
15 673
22 254
7 658
25 413
12 928
2 396
24 461
9 766
19 239
15 719
1 885
11 759
8 284
3 935
9 269
4 893
7 437
15 871
23 603
17 727
8 902
21 408
24 592
1 861
23 293
24 523
15 759
26 677
20 495
19 448
29 259
16 830
29 686
14 608
11 902
15 776
21 841
11 823
2 783
22 918
1 549
3 829
0 613
5 439
5 520
15 887
22 875
9 324
3 788
5 714
3 593
13 360
2 726
18 638
10 854
28 551
8 558
20 498
12 885
14 480
7 304
5 564
10 545
20 417
21 690
6 268
23 673
19 225
15 953
18 252
9 567
27 307
10 772
2 275
7 483
24 289
0 814
0 865
14 850
27 850
29 705
24 348
8 986
2 231
29 371
15 324
15 235
6 356
25 284
28 518
17 294
29 792
15 685
11 324
3 665
26 282
20 466
13 271
2 539
19 906
13 442
5 597
17 597
7 832
21 344
13 631
18 891
3 270
21 467
25 608
4 521
0 428
16 656
4 628
27 211
2 631
29 321
4 435
18 231
13 513
16 427
23 330
20 575
27 337
4 578
5 668
17 345
2 391
13 554
10 787
14 381
8 284
15 901
7 864
4 955
11 682
2 526
17 374
19 244
8 442
3 867
6 796
21 313
17 413
25 686
7 765
5 456
27 248
28 496
2 642
20 883
8 853
20 327
8 840
20 736
11 818
6 329
15 966
20 909
23 984
2 423
6 596
22 562
22 520
1 716
2 514
29 235
14 736
6 385
29 913
27 697
19 543
17 438
0 682
12 899
29 649
4 630
19 559
22 891
1 776
13 755
8 675
1 847
16 293
17 241
11 588
4 515
21 351
17 637
4 935
25 285
25 542
22 395
19 819
25 383
9 677
13 232
28 978
25 822
7 435
25 550
13 840
25 686
23 362
20 361
15 880
12 265
0 335
28 514
22 741
17 897
27 857
7 768
0 946
10 660
2 651
8 565
28 408
13 341
5 637
9 413
3 866
4 484
16 629
22 257
22 280
27 884
28 865
25 745
23 927
9 530
14 633
16 740
18 961
14 849
20 343
1 368
17 622
13 527
16 990
21 896
24 797
5 466
25 807
12 454
12 684
14 468
17 730
28 311
17 349
23 468
21 848
9 604
13 254
21 636
24 629
7 658
18 679
10 803
20 702
26 235
20 661
18 317
7 423
0 422
11 560
7 604
4 501
29 925
28 710
5 862
9 910
15 336
0 316
18 469
23 628
17 678
27 638
13 539
10 517
11 923
29 623
5 462
19 488
10 734
22 703
0 796
16 432
9 822
19 654
7 863
13 730
9 601
22 925
18 966
20 801
13 935
13 800
1 234
3 220
26 675
6 348
2 985
9 260
24 652
8 632
24 434
0 531
8 947
15 258
11 397
0 374
15 359
22 718
22 750
13 246
26 981
20 816
20 421
26 260
4 835
12 484
15 994
8 597
15 589
19 398
18 811
1 690
19 691
11 742
15 426
1 935
12 591
19 642
17 867
21 873
4 959
29 978
20 497
5 301
8 225
2 518
17 478
5 261
18 739
7 319
28 774
23 234
16 565
7 639
22 653
27 836
18 527
21 298
19 847
18 813
28 944
21 877
29 740
19 844
2 658
11 845
21 409
3 633
1 267
9 240
28 482
6 454
26 968
0 833
13 215
10 770
4 645
1 830
23 657
9 946
16 388
20 772
13 427
22 279
2 514
12 727
0 967
6 924
25 689
13 533
7 927
8 984
17 207
20 202
17 967
27 968
13 317
10 536
24 321
22 733
25 212
16 923
10 322
6 706
26 463
16 360
4 548
2 645
3 323
7 373
5 405
23 593
3 691
14 966
27 357
4 516
27 755
23 522
17 594
11 603
5 953
17 211
19 745
23 865
23 409
15 514
11 303
0 341
0 899
25 540
11 772
5 930
16 505
4 310
15 970
22 911
24 528
6 957
29 272
27 620
6 220
1 973
22 443
15 860
5 667
4 846
9 202
21 782
16 785
2 547
6 450
6 343
17 700
6 343
23 554
11 325
1 466
8 759
16 639
21 433
19 308
9 884
27 475
19 289
29 345
11 627
28 324
17 302
9 278
18 710
10 362
29 508
22 745
27 406
14 804
22 320
27 582
28 832
17 351
17 638
8 367
5 814
5 593
1 291
6 388
9 219
28 949
29 391
16 662
14 423
13 903
23 258
27 657
16 772
6 477
11 503
16 338
6 730
6 248
7 611
18 831
3 940
15 557
28 916
19 884
20 623
12 286
2 857
26 738
25 640
5 976
3 966
0 680
29 651
20 890
3 523
1 659
14 498
2 300
2 763
28 523
13 449
10 429
20 897
20 515
27 958
25 965
24 718
9 573
12 619
13 539
10 896
24 606
5 234
10 870
23 675
10 794
5 502
24 818
9 761
11 577
25 627
2 983
25 652
14 533
8 625
1 859
27 802
2 446
24 600
11 317
21 386
28 516
14 311
0 837
9 669
8 924
10 959
13 581
12 313
0 234
13 408
15 713
11 698
2 558
2 694
6 473
25 273
19 340
8 420
6 608
12 287
12 925
14 287
15 793
9 262
0 560
15 331
14 395
29 587
2 617
5 578
24 506
22 634
22 276
5 236
14 521
25 516
21 584
12 231
16 432
11 936
14 523
9 374
11 809
6 930
10 833
9 341
6 262
11 324
18 279
25 686
0 277
19 649
24 764
0 438
3 887
8 966
17 612
24 954
21 605
0 847
20 287
4 785
0 653
28 351
24 815
13 786
28 399
24 702
