2000
18 746
2 867
11 891
28 672
29 915
12 647
10 544
28 420
24 323
18 627
4 556
20 527
19 414
23 221
3 649
6 218
10 313
26 387
13 205
7 967
21 520
22 361
29 345
14 477
21 646
15 720
2 839
19 213
0 330
12 613
27 630
6 588
1 628
25 549
1 557
19 519
23 735
23 375
15 847
12 637
11 495
27 416
5 748
15 961
20 533
15 584
28 453
11 396
3 485
15 504
26 365
20 229
26 232
3 986
28 696
21 723
11 348
25 554
23 391
6 514
2 723
22 796
19 703
23 814
6 730
27 807
21 630
23 822
0 407
15 694
25 960
23 474
24 540
29 561
13 215
3 526
9 452
19 723
3 231
23 268
0 747
23 661
21 876
12 278
11 215
4 634
16 378
26 886
12 348
6 398
22 309
27 674
23 526
13 242
12 790
6 495
8 664
1 931
23 252
3 985
1 717
10 807
26 241
15 530
21 444
29 602
4 449
6 968
14 820
16 455
7 290
19 713
25 911
7 710
22 971
3 547
19 236
22 299
26 535
23 544
20 428
0 926
27 349
12 373
14 480
25 446
8 350
10 759
22 776
28 669
19 961
6 293
8 900
9 693
27 424
5 743
27 875
16 651
20 817
16 941
26 468
22 359
5 850
21 952
12 663
25 215
11 699
27 768
29 689
7 306
18 746
25 255
10 503
23 851
29 405
1 850
23 203
26 908
16 505
2 299
17 510
18 719
14 413
17 838
24 253
16 284
20 825
9 353
14 801
15 681
9 358
29 209
27 757
19 631
8 621
10 331
0 869
6 904
24 932
17 744
20 299
24 224
7 644
12 497
17 334
2 308
5 512
11 600
19 784
26 430
17 515
16 550
21 202
5 524
25 802
8 484
5 650
29 227
18 812
22 694
1 366
12 483
16 438
8 392
1 862
26 965
17 918
17 575
20 367
3 422
15 341
10 221
23 618
14 866
8 568
13 431
18 940
23 308
23 496
17 626
18 389
23 905
22 805
25 590
6 338
4 461
2 447
25 231
29 765
29 528
22 806
2 868
22 345
6 451
22 545
27 259
11 770
19 358
16 792
27 379
23 262
24 206
11 342
19 736
12 980
6 963
0 504
23 736
25 836
19 595
2 318
2 962
27 342
18 477
9 607
14 294
5 457
15 413
3 716
15 905
27 934
0 618
8 312
0 335
4 309
10 330
29 552
10 573
12 610
11 985
27 850
27 219
10 707
16 225
16 720
7 848
8 577
25 313
7 663
17 257
23 657
6 214
25 693
6 965
7 892
19 410
18 455
4 602
13 799
2 383
23 352
7 576
15 616
18 311
2 688
8 357
26 900
5 615
20 543
14 752
28 297
27 856
9 846
6 762
8 861
1 481
8 319
22 396
8 367
29 568
28 610
26 656
10 728
11 942
25 522
27 692
19 868
20 283
26 586
1 338
3 793
21 465
20 909
27 800
1 421
14 739
5 260
8 294
28 584
17 886
7 588
18 843
3 986
15 877
28 408
27 499
6 234
6 943
15 782
11 839
8 587
13 742
26 801
29 348
10 616
17 676
2 573
3 543
13 345
4 338
20 620
5 377
26 920
12 292
17 434
1 316
14 990
25 381
16 540
11 350
15 491
23 658
26 385
25 620
6 461
12 541
2 329
21 362
18 389
9 613
2 394
7 904
26 281
28 261
28 752
13 884
8 775
19 319
25 450
28 409
18 308
2 252
21 782
18 266
16 706
16 861
21 298
2 259
27 280
2 382
14 470
29 406
0 935
25 207
12 953
4 407
1 851
1 713
29 501
4 367
22 959
18 216
19 833
2 638
19 585
23 836
21 202
15 560
28 361
18 727
1 232
18 746
23 296
28 853
22 257
8 674
0 757
21 505
20 789
25 522
9 559
16 424
20 555
16 521
21 367
8 901
28 295
24 431
21 383
18 465
9 400
22 507
27 968
1 370
21 310
14 627
5 893
24 820
13 532
18 484
29 548
0 325
1 652
6 359
9 211
6 717
15 964
12 901
18 567
0 326
1 929
7 436
0 724
23 895
11 673
25 762
20 771
19 772
16 457
4 241
15 472
9 613
15 387
17 574
23 436
5 321
18 356
8 331
20 984
16 992
28 268
27 263
2 803
25 482
4 961
16 635
13 978
26 965
6 709
26 398
18 472
23 664
18 453
10 362
7 450
15 223
5 661
8 440
13 259
24 300
3 257
17 842
1 653
20 934
7 758
17 931
28 766
10 518
19 758
21 892
2 697
14 429
25 699
21 575
23 738
19 873
24 622
6 435
5 547
4 810
23 467
12 886
17 297
11 886
19 692
11 988
13 682
4 924
1 937
2 209
4 321
14 887
25 477
3 462
20 863
11 545
14 895
11 355
12 558
14 981
6 784
2 299
26 748
22 311
7 208
13 230
18 384
21 769
20 949
18 295
8 742
12 421
2 925
22 529
28 276
26 387
13 693
19 918
18 379
6 891
17 468
14 233
6 909
29 359
2 764
1 826
27 657
28 630
15 747
0 201
15 414
9 896
20 286
28 877
26 751
2 546
29 268
25 209
8 909
1 973
6 875
14 682
21 770
24 312
20 780
11 363
14 499
7 848
0 489
13 453
27 741
24 405
9 994
10 921
19 564
14 976
17 796
13 660
4 980
7 523
1 900
28 326
25 877
22 542
14 646
14 632
17 468
6 259
14 302
10 438
25 363
19 515
3 847
15 586
26 689
25 818
23 560
0 487
13 950
12 491
8 798
12 907
19 263
8 429
5 679
11 294
17 779
24 893
27 202
26 505
6 314
3 803
16 307
22 250
26 487
14 939
5 783
11 492
3 484
1 295
17 940
14 730
5 722
1 750
9 917
25 460
14 243
10 918
6 816
1 985
25 479
14 560
5 387
18 576
10 880
21 275
10 443
2 295
15 202
4 210
5 387
24 968
24 324
19 711
16 789
21 301
9 980
26 654
8 562
0 814
21 832
20 866
24 344
20 612
1 718
21 980
15 392
10 644
25 901
21 822
21 403
9 993
6 868
7 548
7 780
24 607
25 357
20 812
24 445
5 235
28 539
26 423
21 591
5 215
26 811
6 325
1 331
9 221
23 222
28 390
20 265
17 551
17 732
25 413
8 812
8 785
14 461
12 981
26 753
7 433
21 552
4 721
19 722
25 889
3 499
0 700
22 793
3 855
0 860
0 848
11 855
20 249
28 684
17 733
4 212
11 648
7 777
16 926
7 894
2 656
14 925
3 769
12 348
16 279
7 788
12 733
25 745
27 766
16 537
19 573
6 982
24 542
28 680
5 854
4 232
29 290
18 814
4 647
16 996
6 860
25 786
8 701
26 470
14 893
27 462
5 828
11 434
7 475
21 387
15 573
20 953
1 728
15 555
9 638
19 714
11 222
19 402
26 906
13 224
5 983
27 690
26 273
29 288
1 959
20 888
17 762
1 341
14 923
28 455
19 270
12 378
1 900
2 350
7 306
28 913
4 802
10 832
15 343
16 226
19 985
20 530
12 289
25 879
1 953
25 273
21 727
29 571
25 788
2 791
27 988
25 631
8 325
25 948
8 859
7 438
6 273
25 512
24 975
19 968
16 494
13 921
8 766
13 987
20 830
2 474
11 937
23 691
29 730
5 577
13 774
19 901
25 324
16 326
16 931
5 978
23 269
3 676
5 227
14 346
2 794
4 233
5 428
19 488
24 892
5 728
15 336
21 844
1 282
21 427
2 245
17 901
29 606
4 258
5 947
27 712
13 991
19 249
5 632
7 434
23 251
21 404
29 218
3 799
27 588
28 755
12 853
23 331
29 220
16 428
1 685
11 662
24 898
27 869
0 563
10 782
8 359
14 759
2 269
22 668
11 437
24 824
0 808
12 872
22 293
28 461
21 723
21 748
13 238
7 326
26 833
23 990
23 665
7 505
25 380
26 339
20 462
16 222
19 930
10 393
29 915
3 893
0 832
19 511
7 880
18 253
26 281
22 330
28 403
26 427
5 390
23 744
11 475
22 416
11 677
13 654
2 349
19 312
6 932
17 904
12 641
15 471
19 310
0 439
22 838
24 690
2 562
4 857
29 341
17 949
19 309
7 290
26 610
11 610
23 553
9 386
2 439
4 201
28 332
1 332
24 794
27 316
18 512
15 538
8 226
1 520
19 768
22 583
5 358
21 908
7 964
19 987
3 798
5 820
16 560
23 600
22 539
14 636
8 828
25 564
10 911
18 839
21 876
11 303
7 434
8 310
13 235
24 709
5 722
10 752
5 593
16 991
9 351
11 908
22 659
12 825
18 868
18 946
24 442
2 511
11 310
11 290
16 481
23 400
15 740
8 575
20 274
2 714
16 630
15 891
1 311
24 570
24 423
12 266
11 565
4 460
15 519
16 231
4 334
26 874
14 637
24 478
24 903
16 244
6 676
24 648
13 911
11 247
1 304
25 483
16 670
6 478
13 401
11 242
27 317
0 947
9 722
18 919
14 217
14 531
24 686
24 767
16 267
9 316
0 429
24 987
19 441
12 360
3 321
4 830
6 530
23 885
3 620
5 959
7 823
18 609
1 855
11 235
28 937
4 665
4 723
10 914
22 638
12 579
10 578
18 457
27 893
15 343
14 685
14 754
26 973
13 849
23 448
19 509
0 648
5 368
3 227
21 267
7 769
3 743
11 765
1 311
3 982
1 766
13 328
23 934
22 585
19 696
18 628
15 228
6 974
17 238
17 471
3 819
13 238
2 914
16 735
17 385
23 727
15 249
25 526
12 285
12 270
13 301
12 403
9 532
14 791
27 802
8 308
16 623
16 843
11 635
16 718
9 561
6 973
16 989
29 508
29 403
3 302
20 672
1 999
18 986
16 856
20 555
23 547
29 899
15 373
23 645
10 563
7 938
14 266
4 837
28 826
25 847
15 914
16 834
15 915
17 597
27 591
24 474
17 262
16 243
5 949
25 381
7 655
5 813
23 785
11 321
16 690
25 520
8 926
17 837
28 966
11 683
10 260
27 364
4 317
23 223
26 512
5 929
12 710
2 630
11 314
12 962
11 648
15 990
6 865
2 328
18 643
11 951
28 679
27 903
18 870
16 822
7 626
12 547
14 749
18 855
16 616
5 819
15 513
0 993
12 900
8 496
8 626
18 425
16 306
8 772
27 620
24 894
26 571
4 647
11 730
2 533
24 714
16 274
13 358
5 548
25 267
15 676
5 554
18 949
28 500
17 703
25 918
24 547
2 909
9 839
25 695
14 339
16 234
8 213
29 989
9 523
25 766
20 403
0 426
0 526
0 610
28 253
24 705
4 925
8 591
11 520
22 252
10 704
1 705
19 662
6 531
8 858
16 573
16 507
10 200
8 800
27 513
2 436
17 263
28 375
24 202
6 337
10 283
18 390
21 846
4 426
15 686
0 895
11 546
0 435
28 717
7 831
16 743
29 388
2 447
26 792
11 473
17 329
21 998
11 708
25 601
6 534
25 270
27 774
27 465
7 370
12 545
3 602
22 402
8 793
14 843
12 816
2 642
18 947
3 403
21 343
9 442
20 409
4 215
14 842
1 694
6 688
20 858
8 687
16 322
28 883
5 499
6 721
19 500
21 514
15 768
1 525
5 843
5 777
17 543
11 619
7 418
15 693
29 946
3 405
28 362
1 378
15 842
20 445
7 445
25 279
1 967
27 848
14 411
20 860
7 697
17 447
8 202
1 673
10 631
6 983
7 769
10 925
21 766
11 984
4 288
23 802
24 938
28 425
15 650
0 602
26 737
15 358
2 821
19 608
18 311
21 399
26 767
17 403
15 814
15 654
14 684
3 690
27 474
0 701
19 844
25 352
19 927
27 979
24 842
11 865
16 518
13 371
20 327
3 894
27 744
4 328
3 402
18 492
2 247
1 252
19 886
7 928
21 298
2 782
17 264
6 225
5 762
10 949
20 657
23 757
1 986
15 889
10 764
11 648
13 712
22 287
23 239
6 324
22 366
21 552
18 629
5 431
19 772
16 912
2 373
27 497
27 475
5 594
19 740
26 277
23 918
3 683
29 465
17 313
13 749
10 654
11 839
16 546
24 401
27 373
18 369
22 748
20 351
8 766
13 486
12 719
29 537
12 783
20 961
23 213
25 676
19 913
12 882
8 866
17 450
28 367
16 395
7 882
0 541
22 646
5 892
7 421
15 550
25 499
6 366
21 805
29 370
7 742
8 992
21 793
10 351
9 212
0 901
20 791
21 514
3 234
10 531
24 448
15 499
22 453
23 439
12 409
11 323
21 799
22 297
24 539
1 967
7 478
19 576
12 889
2 469
19 640
5 824
15 560
16 275
21 470
14 509
19 819
3 907
22 962
9 696
26 971
11 663
19 828
24 345
24 541
12 416
7 606
16 747
21 624
19 680
1 270
28 334
12 921
21 431
29 667
4 292
6 734
0 436
25 802
11 537
0 278
1 621
19 283
28 583
10 392
29 284
19 276
21 704
5 856
16 311
15 292
6 434
5 820
4 488
14 344
28 452
0 418
25 648
6 737
29 537
23 793
17 422
8 495
2 593
18 265
11 839
7 402
13 486
17 246
14 768
13 207
21 324
17 736
26 869
6 237
28 360
22 681
22 593
24 663
21 570
16 652
28 969
26 474
29 218
23 235
14 478
14 321
3 780
26 297
14 399
23 870
27 875
16 309
18 675
16 813
29 781
21 903
17 704
17 385
22 860
0 356
24 305
18 912
9 664
21 381
13 269
22 599
20 448
10 698
9 614
15 689
9 420
8 259
27 450
5 835
15 473
21 756
13 970
2 948
5 897
10 438
22 566
4 602
21 561
8 785
24 935
4 361
7 885
17 929
1 275
24 605
13 356
4 493
27 699
11 440
22 933
3 860
20 752
8 239
9 592
16 514
4 285
3 297
17 297
24 211
14 576
16 769
1 743
5 314
27 798
6 785
7 905
13 452
11 560
24 614
12 252
7 561
22 899
29 471
19 859
7 292
21 487
4 915
6 424
1 731
12 951
9 883
19 557
25 471
14 950
22 214
24 361
27 399
20 502
13 254
6 883
1 880
4 546
11 625
17 283
28 520
25 460
19 847
17 296
11 324
19 857
14 992
7 423
10 761
26 1000
24 591
2 689
23 297
8 290
5 407
1 557
26 710
1 918
28 969
25 881
24 275
13 420
12 673
29 826
9 362
18 606
14 664
3 682
16 411
24 313
14 643
21 936
25 965
16 375
28 780
17 587
16 641
2 718
8 727
3 753
8 937
3 411
21 443
28 715
12 418
24 477
26 382
2 970
26 449
29 977
9 301
19 675
6 470
20 849
20 1000
9 629
17 639
1 525
19 311
24 427
4 599
13 440
9 897
0 401
25 432
21 907
18 714
24 840
15 861
5 854
24 780
11 962
9 625
22 476
7 352
8 509
22 237
3 480
27 779
14 413
10 706
29 965
6 301
13 484
9 970
5 337
24 325
28 481
21 635
10 942
26 609
2 346
25 360
1 326
21 586
29 936
14 346
10 681
26 382
5 662
17 560
9 982
27 886
11 742
26 857
6 787
13 342
25 919
3 483
14 562
11 526
26 542
29 552
27 762
19 350
14 962
0 356
14 763
17 320
0 540
0 928
22 289
8 617
28 986
11 247
6 852
9 729
27 317
12 205
28 989
3 965
16 476
26 751
11 237
4 369
26 843
3 929
1 873
27 471
14 601
5 688
6 399
8 740
25 490
20 551
27 581
27 644
29 340
3 215
3 349
16 625
14 346
3 356
12 629
26 996
3 405
21 576
7 290
11 811
26 206
27 401
24 302
20 277
17 427
4 232
18 895
19 847
3 603
14 244
2 576
16 849
3 743
12 308
2 521
25 757
25 783
6 404
23 963
15 793
18 687
12 298
21 931
10 694
27 755
12 348
7 869
25 737
24 464
0 964
25 555
18 974
6 533
20 612
15 207
22 530
4 486
16 448
3 400
18 736
10 508
8 886
7 231
26 1000
29 713
22 818
16 692
23 842
26 378
12 375
18 867
10 727
14 606
26 614
0 656
14 473
5 726
27 755
5 593
12 863
19 635
20 749
7 410
7 497
26 271
20 695
21 545
12 671
25 969
24 480
25 434
15 444
16 315
20 253
27 730
29 238
19 654
5 673
4 878
14 510
19 540
20 229
27 840
25 929
7 749
4 795
19 456
20 572
27 704
14 750
28 943
10 898
12 541
24 563
21 532
22 376
29 741
20 864
20 434
18 240
6 736
10 845
21 629
21 525
0 742
25 962
21 784
17 560
5 843
10 833
9 680
20 646
11 277
21 553
10 655
16 630
23 835
7 209
13 521
16 706
1 497
24 932
5 676
20 503
9 439
27 824
23 608
7 630
11 248
13 320
5 605
3 560
14 738
15 251
29 876
9 844
22 434
14 721
28 716
8 837
7 864
6 454
9 851
10 680
14 249
6 864
6 586
4 740
0 665
18 545
29 224
16 866
1 889
4 560
7 604
13 591
23 267
24 553
14 379
27 466
13 907
11 980
29 592
26 496
0 984
17 649
18 718
11 651
16 842
19 822
3 277
9 598
16 829
3 227
11 721
19 381
7 703
27 336
12 760
22 279
24 777
7 977
24 688
22 297
10 931
23 297
13 600
15 345
25 749
20 351
3 997
18 393
15 284
14 418
29 280
17 230
10 884
28 711
24 392
12 761
25 771
20 424
14 787
1 481
8 207
5 927
28 888
2 538
7 755
14 473
24 986
27 816
8 703
24 369
19 223
5 671
25 328
25 994
25 222
29 330
21 887
14 905
1 925
23 609
15 484
9 229
4 818
21 374
7 994
25 289
16 343
20 707
6 425
15 356
28 727
22 581
29 292
17 479
24 372
15 264
17 377
3 914
23 377
15 698
7 323
25 919
3 652
20 717
22 512
3 978
16 738
17 439
29 204
18 921
1 335
23 993
2 693
5 507
10 727
8 647
24 526
2 726
8 297
26 310
16 793
1 762
7 954
