2000
9 765
25 327
7 471
2 988
8 645
1 747
6 694
2 950
6 781
4 936
12 589
16 742
21 927
26 523
0 791
25 412
4 361
17 935
4 653
28 925
25 444
20 622
26 955
26 425
26 928
25 723
16 994
1 447
13 848
19 465
4 358
6 453
21 590
9 341
1 365
29 678
24 285
23 381
19 972
5 959
16 873
15 669
16 640
6 295
0 322
18 631
27 593
19 844
22 701
14 641
0 899
7 345
8 426
15 283
11 709
13 233
21 487
20 258
11 600
26 345
29 280
29 808
25 790
8 727
12 438
26 621
9 443
12 226
26 366
20 696
5 532
26 572
23 312
3 766
19 425
22 505
23 430
7 928
12 632
27 447
23 522
12 340
15 334
17 685
24 789
9 232
13 210
17 370
9 563
6 251
18 845
16 416
2 842
12 679
21 355
20 449
23 656
27 361
29 248
16 336
5 915
2 776
29 545
23 773
22 839
3 698
3 517
28 954
3 994
7 855
15 501
19 218
3 366
28 891
13 714
10 908
10 704
26 592
10 510
7 781
4 852
13 300
18 850
8 855
20 888
8 564
20 573
11 684
2 623
5 717
3 642
24 745
27 296
9 374
26 737
6 279
6 326
8 384
20 583
24 568
0 215
21 297
26 933
8 544
11 789
11 960
23 243
27 215
17 464
28 930
7 997
27 302
20 387
20 470
28 923
13 791
9 878
9 540
23 909
14 427
1 827
22 876
14 264
26 811
19 837
24 878
9 836
9 517
22 687
3 316
8 595
15 829
19 291
17 573
14 297
7 411
2 551
23 712
26 829
25 323
2 724
6 873
7 694
29 426
7 319
26 726
3 811
19 906
5 890
9 829
5 588
8 513
4 592
4 816
24 953
4 291
29 688
15 547
11 524
22 370
3 254
8 216
22 386
8 966
20 235
14 379
18 953
2 391
5 896
20 463
27 763
29 429
22 429
13 602
5 705
21 391
3 979
11 829
25 649
29 341
14 697
9 846
12 630
9 510
1 437
24 317
0 575
29 936
12 979
8 242
22 208
24 658
2 372
21 927
25 454
13 452
18 268
26 990
6 388
17 409
14 912
5 606
29 847
10 730
1 828
6 943
5 302
6 277
11 562
5 252
27 887
1 546
29 561
18 748
24 706
23 981
16 805
6 906
14 564
1 414
6 228
3 791
9 624
8 511
28 336
21 526
0 413
4 396
9 680
22 987
2 746
24 274
4 238
11 461
12 521
18 930
28 842
21 939
20 702
8 765
4 961
28 490
1 289
22 670
21 616
27 353
3 997
1 250
18 395
25 882
28 975
15 960
11 965
14 620
0 711
3 912
26 250
29 288
26 689
14 369
5 893
17 277
14 373
5 915
19 986
2 513
12 205
12 358
24 383
4 993
13 615
26 352
9 898
16 551
14 367
18 729
13 902
8 477
18 250
16 997
9 937
17 311
18 774
27 836
14 647
12 487
29 638
23 295
22 238
24 626
4 740
20 395
24 915
29 659
5 861
4 859
25 233
3 921
28 476
5 423
18 316
15 916
10 288
23 739
8 613
17 599
6 664
20 668
14 634
1 651
23 558
24 659
3 557
5 878
22 778
29 945
25 948
1 237
18 433
22 866
17 590
28 360
3 812
17 829
17 841
26 514
8 663
28 262
27 727
28 789
20 410
0 352
29 807
13 503
29 730
10 533
15 751
3 402
9 853
3 558
24 535
21 577
0 222
9 417
22 280
24 991
21 496
5 553
4 891
19 889
21 525
12 541
11 437
24 925
23 258
29 273
12 249
10 915
7 368
29 731
29 795
0 831
7 855
0 605
4 547
13 891
24 944
20 244
7 510
10 915
15 412
10 252
27 516
25 574
20 618
4 254
17 695
16 712
16 942
1 515
28 369
15 782
16 917
24 299
10 836
18 235
28 965
20 473
25 711
5 846
19 294
23 363
16 385
14 216
7 811
17 258
1 783
23 913
27 550
0 725
27 530
23 459
26 951
23 682
6 282
19 277
25 699
28 808
6 254
16 911
28 802
8 218
29 324
14 209
26 212
25 267
4 417
17 727
16 205
23 929
10 761
9 793
4 640
1 895
19 824
10 929
10 458
17 375
13 582
10 718
29 780
24 595
28 593
19 636
23 543
22 852
0 658
22 543
5 534
9 815
10 403
25 526
24 970
13 581
14 393
1 285
9 827
15 819
0 438
1 931
27 531
27 314
10 613
23 729
18 480
28 385
12 604
9 324
11 794
11 962
4 979
1 943
18 852
9 277
22 532
23 939
0 725
25 613
15 521
15 703
5 872
7 520
9 765
15 705
13 673
20 763
24 364
7 744
7 277
26 487
16 400
13 604
19 556
25 742
13 437
1 528
27 843
7 408
26 429
8 263
16 536
2 320
29 380
10 746
9 712
2 865
13 828
26 564
8 436
18 988
15 492
15 984
9 255
14 599
12 673
16 911
14 224
23 956
1 785
23 614
19 856
10 925
12 794
13 834
3 325
25 805
20 230
6 973
17 720
25 247
13 971
2 397
16 999
8 728
4 358
27 802
24 755
10 391
11 592
28 409
12 864
8 259
25 514
24 330
11 960
20 880
9 871
20 308
28 729
1 290
9 406
2 733
16 345
18 666
13 207
5 432
8 618
10 260
2 927
25 218
0 835
1 201
11 494
28 249
9 801
25 425
22 291
22 470
19 825
27 867
13 897
23 752
23 458
5 458
25 689
27 337
6 812
16 212
23 579
24 996
28 747
9 672
12 728
16 835
14 396
14 665
24 524
8 550
26 978
27 516
1 385
18 220
10 665
29 333
16 286
8 404
16 458
4 289
8 694
27 654
17 807
5 792
22 723
25 265
20 493
22 680
22 495
12 410
7 909
9 831
12 251
14 782
27 673
3 450
3 269
20 402
5 467
16 500
17 461
20 895
9 270
18 268
0 356
18 841
14 280
29 971
27 653
13 880
4 478
7 799
28 371
13 601
11 332
13 308
16 280
24 832
16 564
26 925
9 845
14 563
5 650
1 212
9 949
7 928
0 918
25 874
23 515
25 725
21 242
8 652
27 624
25 414
2 879
6 868
22 791
21 786
23 846
7 353
22 736
28 489
21 740
3 372
19 976
24 984
4 400
9 831
28 353
1 786
14 513
11 308
20 737
3 674
29 998
0 203
20 697
2 362
0 505
28 434
21 809
4 942
7 786
20 526
26 989
10 519
19 852
17 641
11 670
11 945
11 433
21 596
16 280
18 889
22 877
7 725
6 293
24 943
29 374
13 943
14 440
11 631
24 572
13 219
1 604
2 740
16 631
19 241
19 744
0 721
24 276
19 664
8 846
29 572
28 886
2 557
22 523
29 720
17 255
18 254
13 702
1 954
1 645
23 404
10 882
24 747
29 632
24 812
12 800
26 260
17 552
10 482
21 232
15 261
14 256
11 318
18 791
29 430
23 726
6 562
26 436
25 209
28 969
6 522
13 585
29 808
11 821
23 407
6 492
5 404
15 408
25 815
23 609
29 882
0 648
4 238
4 662
1 364
10 853
21 756
0 541
17 383
27 651
1 796
18 764
12 332
14 303
23 905
12 657
26 665
28 727
29 616
2 693
18 844
28 725
20 472
22 245
1 232
2 521
15 658
28 877
28 660
28 323
4 865
20 589
11 437
7 232
28 399
25 868
23 963
19 908
10 925
5 820
23 706
2 568
3 643
21 256
27 336
28 718
29 883
13 873
13 853
13 704
4 983
0 615
1 834
6 470
25 529
28 930
5 355
23 796
4 999
28 679
28 592
18 513
0 748
22 703
13 281
7 653
19 925
27 426
15 302
12 487
8 936
15 768
18 962
0 329
0 615
15 567
28 328
6 964
24 375
17 789
15 563
29 623
14 717
5 635
25 249
13 592
6 766
13 775
27 603
19 873
10 766
24 806
24 709
29 549
10 851
25 732
27 416
10 317
24 494
29 634
3 683
14 938
29 602
26 943
7 934
21 515
4 915
7 908
23 345
17 648
20 582
28 890
7 648
1 512
2 307
19 970
8 543
26 887
13 698
23 907
11 362
16 779
19 612
24 601
26 905
0 1000
12 570
20 881
15 927
13 702
29 716
4 268
2 216
10 932
19 820
10 402
27 660
14 621
11 526
23 907
18 563
15 577
15 431
6 873
5 943
9 886
22 431
5 752
13 436
29 537
3 501
5 686
0 589
5 568
9 939
8 242
11 800
14 882
22 876
10 546
7 439
16 641
0 698
16 515
16 793
21 449
17 823
7 682
0 918
10 310
14 982
6 821
10 212
23 703
27 873
21 375
8 575
11 695
9 252
21 212
20 203
16 666
19 501
11 603
28 649
20 518
22 721
18 411
16 675
25 999
14 292
5 558
15 950
9 936
2 789
25 541
3 773
7 388
10 546
11 215
11 721
26 997
23 421
14 803
27 581
20 701
15 244
1 901
7 953
24 701
29 457
23 957
1 684
16 919
29 805
22 574
29 820
11 499
8 783
29 772
17 943
4 570
16 298
11 971
1 590
14 656
14 343
2 949
19 357
15 416
0 555
28 420
24 420
10 310
28 767
23 611
28 547
18 603
27 756
5 555
26 702
17 621
13 644
23 815
26 276
27 358
8 393
22 761
24 471
24 208
7 464
23 391
11 977
10 548
14 488
28 465
18 445
12 922
20 623
1 508
1 873
28 461
12 803
23 473
13 995
19 581
1 251
20 498
13 1000
18 397
0 397
29 558
12 365
16 285
2 739
22 562
5 824
3 896
0 579
1 662
5 677
6 628
10 653
21 492
0 327
23 622
20 640
3 385
28 645
25 616
26 440
26 286
25 890
24 885
14 627
20 950
10 871
15 304
0 395
13 562
11 965
25 367
29 797
20 443
24 439
22 310
6 392
29 403
9 525
16 345
12 685
17 882
25 908
2 246
16 885
14 704
8 382
7 446
21 908
23 998
29 568
7 956
20 831
27 914
6 728
28 215
2 842
19 709
19 675
26 374
7 284
5 752
19 278
2 457
2 700
27 356
23 277
29 519
25 885
3 443
25 982
8 707
28 809
18 431
22 925
11 670
20 931
0 381
17 861
13 760
19 385
26 943
24 608
10 426
14 687
8 926
20 605
27 971
6 393
0 273
7 653
25 875
12 729
20 899
16 787
22 397
0 556
10 616
15 731
17 208
2 737
16 574
5 932
3 301
23 970
13 717
5 271
17 518
18 920
6 662
19 376
29 771
15 965
23 754
29 270
25 966
14 300
21 216
7 532
2 276
26 842
8 404
9 599
6 358
13 372
2 638
19 358
9 524
29 400
22 776
6 840
25 645
18 732
13 534
27 234
19 511
8 517
6 555
0 211
0 295
16 873
15 638
13 292
8 918
3 374
14 387
17 402
0 344
6 315
17 745
18 420
5 696
22 767
27 998
7 868
24 547
4 867
16 343
7 717
21 415
12 868
10 768
22 628
29 653
11 904
1 539
11 357
20 440
23 757
17 708
25 953
14 245
3 917
6 463
28 995
17 732
1 401
28 321
18 730
11 836
1 495
14 501
21 991
11 743
29 833
10 811
17 623
17 394
3 907
29 698
9 784
8 759
24 971
9 605
1 972
13 232
13 538
2 291
13 415
7 548
8 557
2 554
4 259
28 990
5 682
16 214
23 725
21 829
15 814
28 770
21 880
23 686
12 414
23 481
9 772
28 577
1 972
7 540
12 653
8 696
5 332
22 329
8 625
26 928
21 516
28 266
24 473
28 788
8 939
8 555
17 369
25 502
5 878
22 521
27 992
16 219
5 594
28 226
1 312
16 498
15 557
23 459
4 482
15 572
0 747
21 332
22 399
23 899
2 688
12 910
0 747
9 351
15 630
2 300
7 782
21 718
17 484
18 229
12 575
3 931
7 1000
20 305
12 778
2 542
5 317
2 389
4 675
6 972
6 548
13 540
4 707
25 511
5 508
20 998
26 926
22 634
2 695
21 906
7 259
4 889
12 800
22 536
29 821
12 361
9 788
15 875
4 314
15 435
0 898
28 313
1 799
1 446
2 464
6 973
2 809
11 200
28 967
15 710
20 560
16 757
10 625
15 780
15 205
28 277
10 948
26 248
1 685
2 846
26 744
20 532
23 217
27 265
17 268
0 837
21 708
2 421
16 685
16 918
12 628
6 701
28 419
2 679
15 691
8 890
3 861
13 552
29 639
21 798
21 384
0 930
22 666
25 584
14 529
24 363
21 449
3 260
25 980
6 729
18 453
0 556
14 538
24 384
9 424
10 313
19 304
20 637
15 442
0 469
28 462
16 582
16 382
21 477
23 645
16 784
28 224
14 744
5 371
6 744
5 888
11 507
28 266
28 951
18 389
15 610
24 830
13 947
16 636
5 392
15 746
8 495
4 231
12 514
6 942
11 865
6 861
4 586
4 756
13 229
29 441
10 312
28 428
18 856
5 259
25 381
12 790
9 381
18 353
22 741
25 686
17 923
29 523
26 896
7 819
18 934
5 317
18 304
26 481
7 366
24 984
0 726
9 733
14 892
26 341
14 516
24 435
17 453
9 565
25 389
5 930
5 272
25 430
21 912
15 633
25 707
19 967
6 644
26 359
17 249
2 436
10 745
4 700
27 863
13 543
27 779
19 609
16 952
0 257
28 356
21 314
10 400
9 563
24 888
14 237
5 876
12 862
28 823
11 670
1 611
14 756
21 315
5 896
11 530
8 780
28 883
12 934
16 492
6 600
23 720
17 621
16 400
15 674
14 374
22 620
11 283
19 366
17 905
26 620
0 642
9 591
0 380
27 382
27 265
1 921
26 297
25 791
10 746
1 448
1 700
28 659
19 287
2 846
10 515
11 313
24 719
17 874
29 883
28 799
12 210
20 473
21 354
8 876
11 501
3 841
25 592
9 910
0 328
21 898
15 201
22 243
0 532
27 376
29 454
0 605
28 352
4 968
12 556
14 642
7 267
28 258
12 353
13 920
15 684
19 327
4 335
0 615
29 205
25 963
14 837
3 897
22 752
21 250
14 769
5 402
15 540
1 673
25 811
1 700
5 913
22 468
5 675
13 891
25 977
27 593
4 915
15 859
7 575
19 784
19 252
0 459
17 387
14 275
8 619
22 996
17 328
2 421
24 943
17 311
28 663
17 311
28 681
0 987
9 404
15 903
10 929
6 203
18 226
24 793
9 687
14 954
11 791
4 528
2 891
1 522
19 301
10 670
10 993
29 335
29 573
24 942
10 283
27 555
9 891
14 207
1 478
9 669
3 239
24 864
19 790
11 396
25 608
0 405
18 745
22 231
3 219
21 971
20 608
22 809
6 969
10 932
9 407
21 912
3 273
16 746
7 711
16 928
14 236
14 927
24 525
8 280
0 774
29 998
5 912
4 497
26 253
24 604
21 591
21 247
9 335
19 603
28 944
12 947
15 386
0 859
18 912
10 961
18 881
13 446
15 713
21 780
12 956
6 586
17 796
3 462
25 570
12 494
25 844
10 566
6 732
4 290
15 568
12 922
25 645
9 675
18 401
28 202
18 215
18 531
12 636
7 256
14 509
17 209
28 479
4 684
5 449
11 563
5 714
12 487
27 555
17 397
11 890
26 734
6 851
10 326
26 477
2 772
13 565
19 603
1 416
0 223
4 892
0 699
16 715
10 865
24 251
0 719
5 956
1 944
17 938
9 403
19 764
7 388
9 370
1 747
22 329
1 687
25 615
7 955
28 363
24 371
4 244
26 812
7 986
13 665
22 915
3 248
22 274
24 922
12 848
25 825
14 507
1 299
18 248
27 250
22 742
14 297
25 294
4 411
27 934
0 640
17 267
3 949
19 876
12 235
0 935
0 802
15 424
2 567
21 415
25 556
19 952
24 258
5 938
16 972
28 579
24 355
16 306
23 939
7 726
17 253
26 887
23 587
2 794
13 396
23 432
18 939
19 792
5 980
21 494
0 482
20 253
5 553
7 950
14 473
29 864
1 808
28 565
29 442
29 449
19 302
27 623
15 313
29 780
1 921
13 484
26 462
1 938
21 201
16 529
3 375
22 344
2 981
26 574
26 764
20 994
28 348
5 660
12 387
27 887
0 746
16 366
10 561
20 787
8 725
7 576
23 409
7 286
19 283
21 890
7 260
6 879
5 840
23 629
23 371
16 480
7 339
20 302
13 333
24 675
6 628
16 457
1 853
23 940
13 208
0 398
3 791
16 695
23 863
25 241
10 857
16 715
8 797
7 551
2 599
7 320
6 818
14 962
11 526
23 392
20 368
19 428
13 733
26 800
26 604
27 931
24 996
23 618
27 737
3 631
26 302
0 492
8 663
2 306
3 513
23 293
14 731
24 811
29 779
6 932
29 937
10 393
28 674
8 975
0 850
28 715
24 999
24 520
9 569
22 523
16 422
16 660
9 579
20 230
25 771
29 639
28 904
20 233
29 255
6 305
19 213
7 791
28 593
2 568
14 617
29 913
17 948
18 475
14 984
25 527
28 411
22 489
7 418
3 459
15 951
18 215
2 394
2 375
9 876
5 259
20 656
0 507
14 263
10 398
14 435
28 864
28 982
20 317
12 372
21 863
28 930
25 794
27 205
18 866
14 933
21 829
9 736
15 627
20 260
20 514
1 392
3 601
1 528
23 237
23 910
25 890
23 576
26 614
8 662
24 429
7 844
27 480
13 652
16 275
26 229
17 280
14 757
3 711
0 756
0 365
26 629
15 835
27 799
13 925
1 672
10 625
1 583
29 436
19 403
16 966
11 917
27 870
24 330
21 984
8 777
20 891
28 690
18 663
9 484
24 451
21 466
0 804
9 711
5 516
29 632
15 697
14 909
24 540
28 677
10 207
5 276
20 987
6 959
11 793
12 623
10 857
11 988
14 579
10 232
19 971
5 472
22 642
14 327
9 722
1 275
3 798
4 677
9 675
26 698
20 581
18 227
27 739
18 751
5 814
21 364
4 656
6 740
3 427
4 477
10 942
12 703
