2000
5 947
14 592
4 331
27 782
28 348
5 697
8 964
1 371
28 790
29 927
21 572
13 961
14 606
29 568
23 405
13 725
12 447
28 740
6 218
10 775
8 490
14 415
17 715
3 584
24 984
3 592
20 936
29 560
11 824
5 974
26 478
4 301
23 977
3 404
4 855
28 443
20 490
16 773
3 939
0 993
9 530
19 312
2 594
2 614
15 310
10 767
25 614
9 977
28 455
16 310
20 408
11 633
11 341
4 890
5 355
8 228
13 213
6 476
9 693
11 875
12 397
21 365
19 483
7 910
2 830
12 295
24 722
18 980
20 506
14 954
5 232
12 650
18 206
28 417
5 651
0 467
21 909
8 489
19 297
19 916
9 370
13 870
11 274
5 219
1 634
16 208
6 673
1 636
17 385
1 530
0 834
8 946
19 906
3 638
16 306
17 576
22 510
27 354
26 230
18 599
19 310
26 553
12 265
18 496
0 843
0 867
8 468
7 820
25 250
29 631
16 516
24 300
4 851
5 208
20 373
0 764
3 892
18 977
10 209
21 833
6 640
29 492
3 434
18 289
22 388
3 344
3 406
17 373
23 695
17 930
0 789
24 753
3 889
3 553
14 295
28 593
12 206
15 662
1 442
24 514
19 664
5 572
0 299
28 317
7 653
1 275
11 418
22 658
1 561
3 908
2 226
9 552
0 489
20 881
24 509
21 289
15 594
18 615
14 465
18 443
21 694
17 346
4 538
1 894
20 996
14 232
25 241
5 713
4 716
17 609
21 361
11 303
16 465
18 600
21 712
5 624
7 752
29 745
10 600
5 210
28 466
15 450
26 576
13 612
5 485
29 957
9 803
10 486
21 540
16 721
28 920
25 833
11 458
22 778
27 236
14 846
18 952
7 926
16 905
13 210
27 976
10 733
12 429
7 288
23 859
23 542
1 410
27 375
8 976
27 403
16 491
16 867
6 806
0 510
13 728
9 225
6 541
16 807
27 646
22 501
18 492
4 283
26 671
24 639
12 618
29 575
14 528
8 342
16 503
5 232
25 920
1 521
5 548
26 455
5 507
26 838
3 381
15 655
17 387
26 857
2 878
27 254
22 519
1 341
5 798
3 949
15 759
29 203
8 780
2 307
17 922
10 702
14 775
15 593
1 869
9 959
11 885
5 313
21 275
29 972
7 817
1 324
17 545
10 959
29 464
18 959
13 435
15 390
20 519
3 621
8 671
8 480
13 263
8 478
7 854
28 683
25 664
0 855
20 980
20 438
28 979
13 387
22 765
17 427
10 603
22 272
16 346
16 509
6 893
12 715
13 617
25 982
21 393
13 625
14 341
29 512
6 227
2 391
9 608
9 200
2 869
24 483
2 346
1 346
21 533
20 496
9 765
12 257
8 310
15 320
12 993
0 855
22 370
13 350
9 874
19 981
22 758
15 751
20 314
21 708
2 914
2 628
13 421
18 878
20 652
0 876
29 733
26 458
11 790
24 657
28 280
12 238
24 377
5 825
4 571
11 375
5 684
0 952
19 539
5 314
26 882
23 576
4 437
3 996
0 209
5 954
11 236
15 882
11 801
10 503
11 724
25 277
12 398
26 318
11 444
27 780
20 745
5 938
4 725
17 791
27 549
19 723
8 713
24 847
8 785
11 528
4 321
5 988
20 215
11 353
24 871
7 406
2 965
27 711
21 244
18 429
8 613
29 271
17 331
19 905
2 382
15 383
11 808
10 977
25 673
8 492
3 253
2 973
21 745
28 422
28 926
27 485
3 954
22 514
21 506
16 281
1 814
3 398
6 242
9 279
28 770
8 425
29 943
10 637
21 507
10 370
10 409
10 525
8 232
21 860
27 245
1 594
23 873
14 467
12 515
8 851
25 701
2 225
17 688
15 971
3 743
28 628
29 452
3 995
5 577
22 970
13 353
2 302
20 655
23 577
20 942
8 810
20 658
11 257
0 618
28 975
24 411
9 620
8 734
1 765
14 842
12 480
0 784
4 614
9 798
29 951
24 403
24 591
28 349
28 928
28 488
6 830
10 544
13 556
27 314
27 202
25 369
13 304
29 579
23 361
8 418
12 548
5 508
2 201
16 204
14 518
2 562
24 993
28 549
10 500
1 860
0 974
18 357
7 700
15 979
22 618
18 391
22 460
4 592
7 865
2 568
10 510
11 797
21 751
5 436
17 958
7 582
7 870
5 880
22 526
10 289
16 752
29 635
26 505
6 792
25 303
24 250
16 815
29 673
22 296
12 875
0 710
25 208
21 565
17 756
6 231
14 729
5 413
23 945
26 503
2 527
22 904
19 314
27 756
6 698
0 296
11 365
19 723
5 782
28 791
4 228
28 334
26 862
19 847
9 859
28 675
18 613
17 821
10 378
19 428
22 763
27 992
8 957
0 817
25 776
7 937
24 582
21 778
1 571
3 494
21 972
10 634
15 955
23 346
9 224
22 756
13 912
13 787
18 582
14 631
12 474
24 602
8 754
15 877
0 454
5 243
19 616
2 890
12 778
21 421
7 470
19 881
29 601
17 313
7 814
14 368
1 877
18 726
11 290
24 343
10 511
20 936
29 539
24 547
7 354
14 499
5 661
18 867
9 274
18 982
16 229
6 854
7 915
16 623
14 448
3 559
8 261
28 364
6 699
10 499
17 200
21 706
27 417
9 404
17 840
7 405
1 435
21 992
26 370
3 513
6 732
15 400
1 385
19 832
28 942
5 635
12 575
28 255
1 251
23 845
16 686
2 621
22 405
12 961
12 823
13 843
11 798
10 595
28 473
13 432
10 655
27 865
26 293
12 726
7 281
28 370
15 804
17 279
29 518
12 535
8 821
25 811
7 1000
0 830
23 789
3 745
28 423
11 932
22 677
0 253
16 676
16 275
17 434
21 448
9 632
19 957
20 800
9 407
16 657
2 222
10 286
4 266
13 449
9 682
12 876
0 825
5 292
14 873
6 398
28 919
7 301
15 325
19 426
29 742
26 918
29 290
20 890
16 791
10 661
1 598
1 750
21 933
14 634
29 937
7 242
25 786
28 707
12 590
15 873
1 277
29 386
23 222
19 882
25 512
23 940
4 424
29 968
27 931
22 841
27 727
17 318
14 992
3 988
10 256
8 825
28 744
10 708
11 743
16 424
21 950
5 647
7 799
26 890
27 543
16 277
16 871
25 923
19 321
10 440
24 473
2 589
24 645
21 850
19 350
11 381
7 258
27 382
14 209
4 266
19 661
3 719
13 659
19 211
2 454
14 231
27 611
0 713
4 940
28 809
1 462
2 271
14 476
14 206
5 489
23 845
11 745
4 556
21 724
27 573
18 286
9 837
17 758
19 669
19 354
2 507
17 963
5 816
3 261
5 401
4 989
22 842
18 809
3 483
4 206
1 280
27 578
12 865
3 591
25 937
20 635
9 785
14 907
6 636
22 443
3 943
13 849
15 824
10 937
14 955
5 273
26 947
28 944
27 255
3 321
27 466
6 501
20 985
9 882
20 752
6 964
6 610
29 626
14 343
9 357
5 466
25 651
14 402
28 993
25 222
12 209
2 985
4 916
7 914
22 874
29 530
22 357
21 377
7 201
19 499
25 326
8 494
8 796
15 335
1 971
8 785
10 443
2 251
10 823
24 708
26 932
4 431
8 674
19 841
8 852
23 505
5 677
15 894
11 425
15 343
6 753
17 901
19 797
4 733
13 473
2 296
27 957
1 324
10 319
26 700
23 714
25 408
7 396
27 748
23 930
2 202
23 251
21 243
20 801
28 287
8 570
21 527
6 493
0 852
4 741
9 602
9 482
14 601
17 948
17 750
29 428
11 409
9 549
2 273
7 604
9 226
3 791
24 703
28 715
11 395
13 742
1 691
23 497
21 320
6 339
2 950
7 314
27 437
21 556
10 333
29 528
29 204
5 955
10 754
20 248
4 646
28 922
27 242
21 591
12 894
27 324
4 333
19 667
5 204
12 322
18 801
4 853
23 859
29 430
24 289
28 958
29 371
10 818
0 362
20 875
21 708
22 358
17 648
20 997
21 340
23 433
10 765
5 775
24 725
22 906
21 754
18 877
2 465
24 892
24 740
11 294
21 959
20 289
28 855
20 788
17 688
14 986
22 835
16 706
3 470
12 462
0 266
0 563
29 502
6 207
4 393
13 799
3 623
26 956
24 958
13 380
24 455
22 300
13 660
23 302
20 610
2 353
20 862
14 295
12 373
25 541
27 423
0 476
3 445
11 556
24 819
15 207
18 456
26 340
9 604
11 599
21 952
19 848
27 225
20 647
1 878
27 911
22 850
9 261
0 473
14 955
23 674
9 229
10 878
13 962
9 820
16 740
7 798
2 992
28 216
22 960
26 614
10 221
1 992
14 270
6 696
1 952
0 479
25 680
10 803
21 336
16 696
18 814
18 578
22 844
10 671
15 778
3 602
0 634
28 994
10 832
26 751
1 869
1 619
22 880
20 308
14 954
13 553
7 818
0 894
23 356
6 490
21 628
6 226
26 328
7 608
17 597
24 221
10 831
12 586
26 964
28 347
15 886
7 354
8 287
11 380
28 825
19 510
19 973
7 369
27 424
17 726
20 456
13 748
20 910
14 934
25 276
25 391
26 216
3 540
12 929
24 560
26 923
1 682
18 248
25 518
3 773
5 686
10 538
27 681
8 486
12 822
26 831
21 512
20 949
16 820
2 991
13 540
12 983
18 355
25 438
1 310
3 204
3 794
10 243
5 976
10 352
6 433
28 359
1 935
11 693
14 356
28 961
19 594
21 755
4 613
22 372
9 817
23 544
13 486
18 725
10 961
20 781
29 574
1 444
18 415
21 724
3 893
10 781
20 530
17 822
3 889
27 288
20 924
21 725
14 689
23 402
18 775
12 991
24 563
7 385
9 938
17 624
12 544
9 994
4 683
22 518
25 593
2 706
9 654
0 616
8 692
9 211
14 517
7 990
15 764
10 968
25 250
28 847
5 263
26 636
2 793
8 820
22 721
4 521
3 828
16 210
14 901
15 836
0 236
12 991
5 779
9 348
9 553
5 429
1 209
14 791
21 825
28 658
5 434
2 917
21 614
26 257
13 632
6 435
25 563
17 383
0 483
8 471
15 244
8 584
17 458
23 446
8 725
27 572
17 492
25 689
29 691
27 401
11 329
5 269
26 631
2 392
25 297
24 476
26 668
26 820
9 603
15 206
5 794
13 632
4 293
0 225
20 480
0 571
17 734
15 809
2 674
20 848
17 245
0 455
13 449
5 450
24 741
23 815
24 709
26 695
4 911
16 454
4 751
8 331
6 585
28 261
24 669
17 960
28 217
14 817
22 371
25 535
18 364
10 715
11 691
4 901
12 703
7 658
2 772
4 697
29 726
0 635
20 524
16 387
18 752
25 212
14 464
16 569
23 976
5 482
0 750
25 400
25 795
20 200
15 695
12 503
24 948
20 811
21 881
26 231
18 204
4 204
11 235
5 743
16 843
22 582
23 641
9 633
16 447
27 203
2 342
11 264
11 800
6 473
16 634
18 240
4 853
28 381
17 229
12 849
19 866
26 940
22 370
14 478
12 802
26 552
28 987
0 238
24 385
0 498
14 957
23 925
3 477
2 721
2 516
10 389
11 205
14 392
29 242
16 390
27 303
18 836
27 449
5 756
19 681
27 557
1 730
22 581
25 568
28 982
3 436
4 616
27 647
1 504
26 358
18 720
12 961
12 871
2 244
6 293
3 806
0 772
8 865
20 615
15 485
24 638
27 332
25 319
19 812
6 538
23 504
17 856
22 657
11 994
6 783
0 515
1 446
24 274
16 830
16 452
26 230
18 316
27 246
6 924
18 333
18 861
29 220
17 848
24 377
6 855
2 607
14 775
19 782
19 233
8 396
20 420
29 701
20 435
8 393
13 401
5 385
21 851
10 952
22 888
3 620
0 468
26 741
18 853
19 596
11 297
5 931
27 654
25 594
26 329
3 979
26 898
14 455
27 376
6 535
9 316
19 609
13 630
7 499
12 259
16 519
6 498
6 586
16 838
3 510
19 377
0 579
17 224
4 614
13 571
2 866
22 712
19 283
26 470
24 453
0 892
27 927
20 830
11 538
13 732
18 552
6 490
0 719
23 325
20 927
18 740
7 391
18 589
29 859
0 389
18 951
8 267
22 841
12 616
27 562
8 218
3 456
22 775
29 697
27 483
16 637
7 966
0 290
18 953
25 865
10 300
27 761
27 936
16 813
6 830
9 806
2 834
19 363
8 702
12 242
9 421
13 705
15 303
28 642
3 829
22 743
13 811
1 259
4 735
13 854
4 552
19 325
0 608
24 314
19 980
24 853
7 274
1 973
14 484
23 811
14 207
25 797
18 868
10 251
26 265
17 621
13 967
24 781
22 614
18 423
22 676
7 360
9 818
25 524
11 847
2 894
19 665
6 305
22 889
5 332
5 235
27 865
16 492
27 279
15 631
17 465
3 479
29 1000
23 449
27 996
6 657
26 441
8 948
21 308
16 850
15 210
7 707
13 240
14 752
1 824
28 594
10 206
12 460
22 852
28 905
29 506
9 844
16 568
13 744
7 734
9 563
19 366
22 997
27 359
25 552
5 874
19 319
7 548
5 740
11 620
19 411
3 750
4 572
4 732
7 631
7 443
17 874
18 525
2 571
27 288
15 742
11 951
16 869
27 283
6 760
16 827
23 623
22 683
13 209
3 265
4 382
12 208
24 747
2 809
2 282
4 290
13 713
11 551
5 874
22 427
4 884
4 755
1 985
5 768
3 907
11 566
3 422
6 488
16 486
29 597
2 759
8 651
24 861
0 459
29 397
11 709
5 792
15 707
2 470
13 212
0 898
6 277
1 789
5 377
8 772
5 238
11 794
25 269
4 467
23 204
13 452
12 836
19 671
1 692
28 478
10 398
24 963
4 632
22 939
21 923
4 262
18 921
18 320
27 835
3 873
9 886
9 604
4 744
27 657
23 415
21 991
19 932
21 880
1 685
20 828
18 982
26 355
2 667
18 627
13 531
4 403
8 453
4 265
25 739
15 349
24 839
3 585
14 349
16 788
13 917
25 671
10 467
22 825
18 436
2 935
11 784
1 660
22 932
8 412
28 356
0 330
15 940
6 458
2 820
2 216
28 267
10 599
12 365
10 941
7 531
10 716
3 494
14 290
24 680
18 618
10 815
7 855
9 825
17 581
11 824
15 385
14 899
6 222
19 659
16 238
13 356
27 256
2 933
14 594
12 509
23 267
24 581
20 718
19 450
4 946
13 605
26 874
11 724
7 304
13 533
1 587
25 235
27 895
24 453
5 451
2 799
25 915
18 463
29 271
28 670
22 358
23 717
11 877
24 528
6 391
9 936
24 973
18 622
24 464
6 464
20 463
7 993
15 302
0 415
20 708
2 421
3 608
2 856
18 647
0 677
5 201
17 892
29 805
16 304
11 333
1 911
17 958
20 369
13 958
0 200
22 420
20 925
15 495
26 325
11 622
9 550
13 382
10 404
16 574
15 251
28 910
25 575
0 408
27 367
27 247
25 922
16 968
28 674
6 285
19 622
18 292
13 794
21 874
2 961
4 764
5 957
16 902
16 746
13 335
14 331
11 955
15 597
3 728
29 717
6 549
3 690
26 623
19 766
23 219
10 887
19 753
12 685
14 953
10 739
27 740
23 359
21 972
19 461
19 616
28 725
5 573
22 982
15 507
2 340
16 474
1 452
22 353
15 857
20 874
27 812
2 679
3 401
4 623
4 834
18 239
18 549
10 398
18 626
5 218
13 637
2 968
1 277
0 225
9 664
13 896
15 270
21 360
16 544
26 740
13 274
17 785
21 360
27 299
29 998
15 594
11 711
16 333
0 921
0 799
18 332
20 836
29 372
27 716
0 415
21 503
28 281
11 940
3 705
28 856
23 796
17 782
2 212
13 498
26 768
1 684
21 660
24 735
5 333
24 787
13 334
4 921
11 251
15 538
11 613
3 913
8 497
21 598
19 438
15 765
7 978
6 404
17 476
18 483
15 680
25 429
2 561
8 642
22 884
21 440
9 316
18 272
19 801
27 961
1 711
0 560
17 669
19 852
29 965
27 316
6 959
16 935
26 548
10 258
4 395
4 779
28 528
3 213
4 759
25 616
21 641
1 506
4 772
0 866
8 237
11 562
2 639
24 775
28 673
26 482
19 227
13 511
12 510
13 262
19 866
16 614
24 222
9 253
29 786
19 822
15 256
20 414
16 882
11 712
5 281
15 589
3 709
12 693
23 560
21 471
9 282
18 374
7 907
26 605
25 490
3 469
26 338
14 754
28 741
24 543
17 667
17 573
0 474
8 514
12 761
29 658
18 271
27 551
11 304
15 327
26 523
15 660
1 452
20 310
2 466
8 520
14 254
13 944
5 418
17 500
26 802
22 628
27 942
2 262
26 271
23 645
19 770
14 765
7 320
29 499
25 887
13 682
15 991
19 606
17 204
23 533
8 976
6 723
15 881
3 794
1 265
18 683
26 595
29 306
14 297
7 332
5 695
5 203
8 475
20 356
15 431
11 427
9 458
8 465
3 466
15 345
25 670
12 997
12 213
19 498
10 347
6 510
26 279
27 243
1 856
7 818
3 451
25 647
14 928
5 981
25 303
26 510
28 834
27 234
7 949
12 238
23 520
20 741
20 624
11 520
19 577
23 765
8 963
7 841
18 322
21 963
17 252
7 878
16 911
15 856
3 613
1 444
28 913
23 389
20 889
8 874
3 453
17 661
21 382
3 584
19 950
0 430
15 867
11 860
28 399
28 286
2 892
17 772
12 210
29 817
29 690
23 957
15 575
19 317
24 551
20 437
4 274
17 346
0 449
26 897
15 714
9 570
5 755
21 847
19 648
2 697
29 377
29 662
9 540
10 338
12 379
29 950
25 955
8 848
7 393
29 446
4 796
23 379
6 723
2 413
28 624
25 217
6 259
8 904
21 256
11 320
