2000
23 482
1 463
27 812
14 507
19 956
4 239
2 233
13 925
9 588
12 520
29 266
0 440
9 577
24 280
6 973
1 680
19 940
13 479
2 379
26 683
26 788
4 651
19 814
13 348
9 514
0 467
13 406
15 953
20 491
7 580
21 653
13 713
17 680
27 923
12 231
5 460
16 500
14 320
8 964
12 677
13 831
24 306
3 470
14 435
9 787
7 476
16 457
26 532
15 308
19 344
5 567
1 952
1 658
13 628
6 577
12 304
27 322
25 997
16 718
18 943
21 286
19 429
17 642
20 623
27 431
22 209
3 702
26 984
22 746
4 524
13 720
22 337
14 328
1 704
14 818
6 805
16 236
6 487
12 808
4 437
18 282
1 714
5 248
21 755
0 292
7 571
15 841
11 753
5 665
4 570
12 998
13 381
17 679
8 484
10 260
24 809
15 945
3 441
23 650
20 729
15 754
0 691
18 334
20 863
13 200
14 261
10 537
8 486
24 647
15 401
10 575
15 448
17 983
3 831
14 336
24 217
25 282
26 333
8 470
1 610
17 772
18 301
13 337
12 712
5 590
29 442
24 679
17 256
11 994
14 405
4 228
20 444
7 457
7 478
9 531
10 850
25 857
17 351
7 399
18 893
2 747
3 303
14 929
6 300
25 714
11 365
13 729
19 201
13 669
24 665
16 800
27 447
25 599
3 930
4 672
24 901
13 357
3 674
18 862
3 205
27 532
29 500
14 841
27 471
2 505
28 646
3 454
11 376
25 312
20 986
14 679
26 807
10 459
9 931
5 542
16 639
21 905
7 329
7 241
1 539
29 524
3 426
17 558
19 616
5 497
14 293
16 654
9 773
24 583
5 203
18 469
5 614
21 509
22 901
13 350
18 428
15 747
2 508
29 444
1 325
23 387
17 402
8 293
28 396
29 209
15 974
22 434
3 622
16 455
15 536
8 496
19 226
23 629
0 692
2 939
27 593
2 596
15 526
9 932
24 755
6 574
27 752
10 566
6 723
10 966
14 338
16 470
22 660
17 970
23 839
16 230
25 507
19 729
9 947
8 703
8 684
18 766
17 222
2 969
8 910
10 485
22 487
26 772
4 550
10 968
14 591
0 533
10 667
9 978
12 444
8 938
3 587
6 795
20 874
19 664
11 345
13 246
28 448
24 992
17 516
17 677
9 523
14 503
7 791
5 904
27 319
2 729
9 642
28 461
28 588
14 569
2 286
9 339
2 217
16 636
15 776
29 528
12 308
18 700
15 648
20 885
13 481
4 897
9 311
3 721
28 591
28 793
29 975
9 445
18 472
19 483
7 209
16 934
15 969
0 687
20 657
18 841
6 737
28 425
10 716
19 571
5 793
4 836
20 450
17 254
20 813
26 907
15 497
15 331
1 491
20 500
20 705
12 543
22 326
29 471
13 247
18 748
19 607
8 349
9 508
17 931
19 723
17 313
5 218
4 481
27 567
5 587
21 684
18 249
4 723
23 386
21 565
9 452
26 960
19 819
22 333
13 903
4 215
20 272
7 684
25 255
11 601
5 902
26 445
21 697
12 851
6 510
24 254
19 338
9 826
24 608
17 615
20 688
28 352
8 645
25 229
12 383
1 277
16 755
19 798
2 621
16 532
19 973
8 230
9 467
13 359
3 480
19 205
14 282
0 747
12 227
8 308
20 339
21 805
11 252
0 467
4 768
20 253
20 208
0 405
23 513
16 881
1 789
15 226
7 839
19 995
2 564
24 345
12 928
9 276
4 976
3 480
9 492
14 606
7 805
7 551
7 587
28 599
5 975
17 448
16 605
13 392
23 871
4 831
1 524
7 966
12 742
12 664
3 220
2 865
0 908
24 672
24 512
6 546
9 946
20 221
24 275
1 833
11 208
2 670
15 821
13 849
14 569
25 564
2 664
19 375
26 291
22 491
24 408
29 589
10 491
11 576
9 720
10 880
17 736
4 630
15 336
6 786
6 423
25 899
0 767
2 910
3 693
14 408
25 778
3 827
13 758
14 712
24 461
20 476
19 318
27 493
1 725
2 526
8 842
8 643
18 473
9 829
6 235
24 783
3 340
25 950
26 203
4 537
18 737
22 498
10 465
27 952
21 411
22 556
29 997
29 892
29 826
2 390
25 797
4 997
18 550
14 931
22 686
19 923
28 335
9 974
18 727
22 819
6 839
8 972
12 922
22 468
25 845
23 683
3 840
12 578
29 917
13 899
16 820
25 347
1 674
16 716
4 303
26 977
19 328
7 562
17 610
0 737
5 955
2 303
15 925
14 346
21 994
17 947
8 489
27 247
21 680
6 210
6 585
18 239
5 626
8 785
20 692
16 749
27 386
0 268
14 400
18 554
25 998
7 641
3 758
7 475
28 687
18 336
3 406
8 827
2 301
15 388
16 754
10 241
5 739
2 584
9 368
23 952
5 468
1 281
5 831
4 787
23 926
5 925
5 310
6 296
14 677
22 531
19 784
18 374
2 473
0 895
17 945
6 858
13 948
0 370
14 506
12 393
3 737
21 657
4 280
29 464
14 493
23 441
29 333
27 488
14 780
28 805
21 474
26 428
18 521
17 488
5 944
5 628
7 384
29 780
14 531
24 501
20 752
4 365
18 968
16 259
8 805
2 737
9 448
5 689
18 432
1 405
29 346
16 724
1 263
8 838
28 750
22 623
3 804
21 782
9 551
24 365
11 491
17 804
29 528
25 632
13 786
4 407
15 908
18 714
28 857
19 833
13 573
7 608
2 581
11 993
0 858
15 261
21 380
7 914
25 414
24 532
11 782
18 722
17 313
29 667
17 439
0 912
3 762
26 886
3 516
23 384
19 933
8 565
18 226
0 663
17 856
24 361
0 539
1 825
2 765
24 674
29 316
12 916
24 259
29 637
3 334
4 892
25 347
27 379
23 666
15 354
8 301
12 297
24 535
8 507
1 750
9 804
5 913
17 915
4 388
12 272
24 392
17 925
29 751
8 937
6 811
10 346
2 849
8 697
10 872
14 942
17 342
14 789
24 458
26 816
16 394
22 799
3 359
23 727
17 426
11 290
3 824
23 342
8 939
3 756
15 496
11 230
3 426
24 569
8 593
14 605
19 752
23 955
3 326
26 270
0 411
18 896
3 388
12 431
20 467
28 441
11 734
0 347
5 784
17 571
25 509
17 722
1 265
5 453
7 526
6 848
8 458
8 682
28 942
21 888
26 886
27 850
16 319
22 454
7 948
24 917
17 951
14 213
19 490
4 923
29 565
2 529
7 762
1 676
16 223
27 673
6 615
13 782
10 515
22 739
1 298
21 996
19 241
24 458
0 942
1 822
9 746
18 248
22 774
0 716
19 499
24 498
26 454
21 466
28 337
21 381
20 279
19 454
14 403
15 707
10 275
29 324
3 804
6 967
29 760
14 587
9 245
22 729
24 324
13 711
9 969
3 326
1 210
11 950
20 976
20 869
5 763
2 722
8 428
6 384
25 752
9 422
25 537
26 686
3 678
20 810
21 821
4 205
19 663
3 760
26 479
14 680
16 951
10 777
6 406
20 447
13 263
9 583
25 693
23 773
20 764
16 798
7 587
14 670
10 465
9 981
15 557
17 772
6 606
29 674
25 642
16 785
2 976
25 412
8 712
19 850
14 672
8 829
9 523
24 423
15 926
4 236
4 375
7 953
10 566
12 546
3 523
19 358
20 438
9 368
2 632
8 588
0 987
15 387
5 985
14 289
18 630
15 827
11 538
24 889
4 278
7 628
9 705
28 908
20 218
4 889
16 549
5 420
4 369
6 420
7 321
23 895
13 647
14 972
17 752
6 315
29 490
13 918
25 381
15 360
7 742
14 683
27 233
16 671
19 762
15 388
1 475
12 536
10 722
3 286
26 333
6 712
18 214
2 370
27 270
18 501
8 996
5 935
19 662
21 225
17 282
26 299
4 833
1 594
25 890
15 968
7 731
7 375
28 697
18 487
20 633
20 960
12 629
29 958
22 323
1 481
14 692
12 201
20 841
21 881
8 290
18 281
23 437
24 993
14 314
18 339
3 403
12 331
1 217
15 687
23 925
27 585
18 393
17 419
17 266
24 261
28 870
21 918
3 260
20 440
25 444
21 590
3 434
14 770
28 502
25 734
23 978
14 861
28 506
10 324
1 453
7 273
25 240
24 581
19 258
12 266
2 792
8 539
21 991
11 382
27 589
2 588
20 690
27 911
28 256
25 553
14 833
1 508
13 247
11 254
21 417
17 841
0 311
23 401
20 527
20 734
2 854
2 817
10 646
3 247
24 448
0 789
23 289
19 995
6 591
10 686
15 441
3 933
22 809
21 804
1 921
8 412
14 722
5 690
28 949
15 604
17 786
8 726
25 317
29 950
25 622
2 872
5 360
8 672
13 667
15 873
27 327
0 543
5 245
16 263
17 391
23 426
15 339
15 705
4 623
23 443
1 384
1 825
24 452
18 401
11 538
21 619
7 488
26 626
21 744
9 868
3 280
10 587
16 432
10 829
24 800
15 245
13 362
2 772
6 353
18 351
2 288
25 796
22 946
28 642
28 387
8 997
21 243
14 309
20 215
3 249
10 319
14 869
2 627
29 778
12 202
26 693
11 502
0 206
29 521
27 563
13 520
22 255
23 504
2 327
1 762
7 442
21 813
5 913
15 841
4 910
28 340
7 464
29 769
22 993
28 247
27 658
20 344
13 543
0 998
2 945
19 990
8 941
5 918
16 589
3 506
1 763
13 353
16 651
20 383
24 366
14 326
27 609
19 324
7 982
14 240
26 923
6 983
22 432
26 838
3 507
3 981
29 339
1 505
17 409
24 261
28 596
1 949
18 540
20 579
28 857
18 843
17 384
13 408
21 226
0 912
9 981
19 766
8 666
27 752
28 386
8 328
29 383
24 745
22 656
14 616
28 375
23 573
1 724
0 464
2 511
6 830
18 406
24 802
10 983
29 830
26 628
10 216
22 875
1 217
5 757
2 923
22 244
2 418
19 428
5 619
19 846
17 275
23 289
7 249
22 873
20 917
21 254
19 509
6 440
6 738
24 760
22 335
14 491
19 699
2 757
17 481
22 299
23 280
21 511
1 550
8 476
0 814
1 697
24 923
12 718
16 302
6 292
21 354
0 241
8 579
10 303
15 482
5 353
18 956
17 354
7 588
6 289
11 293
16 690
23 843
15 639
7 865
15 396
27 330
23 269
15 368
29 454
25 288
0 524
17 226
19 937
5 868
16 560
13 521
16 311
9 933
25 392
27 739
12 375
26 484
1 431
17 870
7 961
18 909
14 333
15 405
25 577
11 416
14 346
13 809
24 588
3 806
20 910
18 812
26 706
21 298
13 461
9 758
17 589
8 349
21 835
25 203
7 891
3 983
12 821
25 286
28 809
24 851
23 785
14 570
26 882
3 896
6 478
13 942
4 381
29 971
2 991
29 708
24 888
18 603
14 251
26 227
2 986
17 824
8 998
17 940
3 469
19 491
3 709
18 787
19 275
13 917
3 994
22 208
5 379
15 251
7 533
8 329
24 637
14 509
3 607
25 341
9 575
14 890
4 930
26 705
2 647
9 819
17 212
12 332
2 695
12 458
21 986
5 756
1 896
7 866
5 376
29 342
2 738
19 555
15 811
10 882
28 352
27 550
15 447
15 890
20 350
6 517
24 442
6 517
4 543
13 737
23 988
2 615
21 618
8 269
13 762
27 518
14 685
2 359
28 341
7 359
15 458
17 746
21 923
19 836
18 333
6 692
29 567
0 540
2 562
19 687
22 530
29 454
25 922
8 602
16 484
4 267
21 602
15 523
6 333
5 544
7 900
22 877
6 881
19 997
19 816
23 677
0 907
24 910
22 666
18 734
5 599
9 452
19 635
9 646
19 440
19 433
26 747
7 654
5 371
22 868
25 583
23 408
26 902
17 548
24 989
15 666
4 950
14 757
0 727
23 992
7 398
14 739
27 679
1 976
17 444
21 407
10 296
2 230
7 342
7 976
26 929
13 851
17 910
29 988
16 755
10 580
21 466
15 902
10 449
21 916
15 682
0 523
19 949
17 778
6 705
22 823
14 293
20 467
7 260
11 381
27 237
17 659
1 913
3 502
4 824
26 579
6 502
12 491
7 757
12 425
13 242
20 423
14 434
14 999
2 289
2 334
14 447
22 739
10 858
21 914
7 739
5 802
4 414
0 608
19 871
25 680
4 402
16 883
29 949
20 899
0 626
6 233
25 805
25 802
19 444
13 861
19 983
0 969
0 987
14 766
16 358
4 842
1 503
3 642
27 636
6 751
19 971
5 767
17 816
22 902
24 334
4 290
6 942
24 516
28 762
17 392
14 302
21 654
22 418
19 388
4 670
12 257
17 882
13 684
27 514
25 213
5 570
3 626
27 662
18 972
27 977
22 627
17 560
17 613
28 676
25 877
19 807
23 562
13 301
6 540
23 324
26 371
9 658
4 319
8 526
1 485
22 268
3 250
27 298
26 980
5 255
7 752
5 686
0 388
13 860
15 799
2 590
17 581
24 569
6 823
15 824
0 808
13 392
20 271
13 751
18 281
8 813
16 726
8 272
1 928
2 926
19 679
14 939
17 335
0 910
23 305
16 556
10 200
13 967
23 244
12 236
25 286
1 923
25 201
20 284
18 572
4 815
16 960
13 789
28 414
27 711
6 261
27 672
14 230
17 213
13 736
8 639
7 932
5 492
16 527
26 599
25 376
0 815
3 324
4 614
7 646
18 548
28 907
28 598
13 591
15 552
5 417
13 639
26 415
28 983
17 368
1 633
18 277
9 283
9 711
2 541
29 630
3 880
27 305
4 852
22 750
6 937
9 745
24 721
27 986
20 418
0 944
10 514
1 353
27 608
17 387
12 772
4 262
0 302
0 940
1 209
27 313
14 398
14 309
16 664
13 933
15 407
2 334
2 509
21 530
12 361
5 573
2 754
21 763
2 746
27 745
6 614
13 813
21 320
19 290
27 618
6 888
7 355
27 824
25 794
0 677
17 421
29 370
4 344
18 308
16 943
0 847
26 992
17 265
3 768
15 259
17 687
4 947
28 952
1 1000
2 753
0 543
11 951
16 232
19 832
5 273
21 709
21 599
8 477
5 919
20 873
0 471
11 437
11 270
4 418
20 589
1 218
23 338
13 980
21 908
14 740
22 462
23 539
15 470
0 717
28 650
1 277
22 276
5 415
3 839
8 843
1 745
23 820
10 402
15 810
0 655
26 938
26 494
23 357
22 355
25 321
4 617
28 245
28 454
18 225
24 681
23 211
1 469
7 308
22 841
10 444
21 573
24 842
25 663
19 514
2 734
26 383
18 781
24 428
29 361
24 683
19 921
9 670
24 258
11 283
27 592
23 485
28 618
29 244
13 691
18 759
23 398
12 988
23 963
21 616
23 348
27 772
18 639
27 272
16 812
20 363
19 250
0 210
10 242
24 552
26 882
0 614
10 600
20 272
23 796
11 976
13 942
4 935
23 223
21 364
0 682
14 353
6 906
9 349
4 962
10 517
23 900
7 200
2 478
7 707
18 802
19 455
12 779
5 312
4 252
20 239
19 460
17 207
25 849
15 997
15 902
16 780
6 670
9 709
10 505
10 415
0 485
28 888
2 648
12 324
27 903
27 589
23 870
26 812
3 415
27 204
12 673
11 407
20 560
22 356
24 737
19 571
2 370
8 562
14 345
22 852
14 240
7 249
24 676
21 447
18 271
12 999
24 937
13 330
3 350
8 617
9 800
6 643
10 467
9 331
17 902
12 441
18 487
6 745
0 452
2 870
11 531
13 309
10 689
29 586
14 352
12 537
11 474
5 520
11 203
29 897
21 990
25 237
14 483
26 573
1 748
7 348
21 251
0 918
13 344
27 901
22 752
2 395
14 264
0 926
22 319
19 825
19 281
11 906
17 931
14 623
12 536
20 701
19 535
12 919
11 796
22 896
2 613
14 931
14 241
3 434
8 907
12 366
10 238
4 430
13 721
2 693
12 612
20 374
21 634
8 717
27 711
15 666
2 807
28 729
12 266
4 995
27 246
9 442
14 351
11 280
25 340
10 276
28 984
2 598
28 596
24 469
10 740
25 785
13 698
20 506
5 560
18 999
9 710
8 208
13 891
25 545
14 221
27 895
0 545
10 413
24 716
18 386
6 883
9 219
21 292
0 917
15 227
21 413
19 850
10 382
1 808
19 718
17 362
26 405
29 284
27 620
20 527
29 832
15 660
14 385
16 534
0 719
16 672
24 464
9 654
7 321
5 380
13 942
5 625
8 393
15 749
1 584
20 335
11 763
26 366
11 510
17 523
26 466
9 616
27 478
5 806
28 910
22 409
26 281
10 512
6 667
19 929
10 306
19 552
5 603
1 933
27 790
9 292
26 210
28 749
26 269
9 311
3 565
22 345
22 600
2 500
28 767
3 211
22 783
24 779
22 918
22 314
1 946
27 632
29 983
7 793
13 347
21 599
25 375
24 431
5 648
25 295
17 445
12 479
26 449
1 778
23 838
4 265
27 900
21 337
20 427
11 717
27 747
11 249
13 914
24 256
12 646
1 821
24 784
18 677
7 542
16 968
14 608
27 376
4 209
17 499
18 223
27 861
12 821
5 453
8 209
10 799
28 205
12 750
9 706
8 544
21 761
1 814
5 415
24 904
25 308
27 775
26 205
27 284
26 963
13 679
25 921
23 539
5 702
19 638
16 213
27 480
4 493
22 760
15 535
2 947
12 918
21 277
0 944
6 749
27 711
11 848
17 804
0 905
19 856
16 281
28 490
14 431
8 428
17 411
7 799
14 546
17 797
25 790
10 600
10 468
3 789
2 469
27 992
2 863
6 877
26 737
19 802
16 370
9 472
20 852
5 229
23 979
4 989
22 938
28 989
5 893
4 405
14 611
14 920
11 213
10 235
29 277
18 792
28 810
12 920
13 746
12 998
6 759
10 481
8 721
27 753
