2000
24 421
12 364
7 567
24 413
6 290
28 867
3 956
1 670
9 339
1 449
16 572
17 837
26 791
9 387
10 785
24 670
14 759
9 868
13 879
6 347
22 813
25 932
13 459
18 656
19 970
13 862
12 629
12 524
18 593
2 675
26 869
2 644
28 865
29 751
2 995
13 805
18 899
1 648
15 509
21 313
3 254
8 399
17 571
24 853
23 635
5 823
26 982
20 243
28 702
8 706
8 391
2 842
21 426
19 851
0 449
6 297
21 305
23 521
20 774
22 617
1 269
6 849
23 687
5 845
3 770
8 752
25 998
28 295
26 712
14 519
14 413
5 372
20 309
9 628
0 454
6 770
15 582
29 650
8 484
13 301
26 547
6 692
25 228
18 728
21 489
17 579
16 370
12 765
16 371
26 633
10 687
18 973
22 736
12 272
9 685
17 249
22 815
12 667
3 838
7 420
3 769
24 611
16 408
6 830
11 445
15 943
1 750
18 364
10 590
7 273
20 853
0 626
9 883
4 546
1 499
21 895
17 692
22 862
13 678
21 357
12 967
12 555
24 377
24 212
2 441
24 566
17 255
18 836
16 966
21 330
11 570
3 516
22 378
25 912
24 380
21 691
18 301
12 972
11 421
10 377
3 950
25 201
19 681
28 527
19 904
19 549
4 237
15 299
26 671
13 879
26 725
29 532
20 722
19 330
29 913
6 919
12 944
18 563
28 778
28 312
7 571
16 345
23 420
6 790
26 646
17 847
6 647
21 756
29 676
0 980
23 916
19 911
2 987
20 222
29 462
22 247
26 601
15 808
1 687
2 330
28 758
21 955
15 638
29 427
11 868
18 405
10 478
29 404
6 246
26 528
18 765
21 645
0 649
11 463
7 662
8 696
26 738
10 684
17 731
4 719
10 298
4 727
4 616
21 523
18 411
9 210
12 428
16 866
10 454
27 576
11 443
19 989
17 778
3 263
14 632
12 393
10 896
10 831
8 872
1 342
18 733
23 378
3 888
16 520
12 811
18 924
27 377
10 254
11 234
18 837
15 903
5 727
25 782
10 793
29 376
5 567
15 440
22 549
28 925
13 577
22 952
4 607
17 656
18 704
19 317
9 875
5 499
14 467
12 672
26 566
22 384
28 510
5 786
28 427
13 332
20 238
23 607
13 438
15 225
21 217
18 386
5 986
5 736
7 373
16 259
17 784
10 946
17 275
18 246
12 511
21 835
26 645
8 896
2 780
27 203
14 738
16 380
24 832
11 655
12 214
29 815
27 660
6 509
29 703
25 223
12 685
16 952
24 616
17 504
23 515
28 538
18 617
13 292
18 363
24 525
21 775
20 376
23 817
1 402
1 750
22 647
9 298
18 279
22 883
0 328
9 382
8 822
18 983
24 477
3 664
15 961
3 271
17 226
6 707
28 374
14 208
8 704
17 694
10 782
6 312
20 749
17 478
5 576
0 325
12 587
1 711
22 611
10 756
6 319
20 587
21 232
2 867
23 527
24 634
8 518
6 257
19 836
26 215
28 287
10 608
9 579
21 392
20 306
9 745
13 994
12 688
12 486
25 874
26 943
25 935
28 293
28 251
26 900
12 555
6 567
6 309
26 875
12 655
24 251
1 458
25 338
3 912
19 482
20 472
25 487
21 999
10 914
17 719
28 533
28 967
26 379
8 403
29 553
14 777
24 742
8 997
5 693
26 856
26 634
23 566
6 692
24 919
24 201
20 809
17 680
11 783
2 276
11 531
5 564
15 973
5 968
29 412
0 463
0 663
26 926
22 842
11 859
20 993
1 248
26 223
18 527
8 780
25 568
1 546
27 890
27 629
2 286
14 851
24 629
2 838
29 725
3 204
25 655
22 703
20 607
17 370
7 882
13 377
11 650
28 979
24 926
13 523
29 223
0 545
20 353
18 601
17 545
20 942
28 549
13 402
0 752
15 556
20 617
11 352
24 218
9 348
24 246
27 859
1 384
6 980
26 372
17 453
28 432
15 943
12 428
19 413
22 735
23 912
24 418
5 225
23 657
22 592
7 719
26 258
8 341
0 210
11 358
14 524
16 611
21 928
18 860
26 807
26 760
2 709
22 889
1 855
27 778
29 867
21 283
29 720
5 472
19 580
1 546
23 368
29 448
21 678
23 628
1 609
12 662
7 936
8 453
12 285
11 604
29 832
29 781
1 358
13 534
27 790
29 973
0 575
9 240
1 439
13 262
5 713
14 393
13 483
25 399
21 715
25 910
18 994
13 804
5 286
23 947
20 348
28 824
12 748
6 903
26 992
2 584
0 496
14 297
16 667
11 526
17 879
17 991
19 352
5 788
26 773
26 527
12 616
0 689
0 581
1 406
9 628
8 466
7 851
3 919
7 403
23 513
21 933
8 745
4 683
21 815
6 253
8 660
20 521
27 806
7 954
10 229
23 803
8 358
18 643
6 935
21 639
6 422
5 714
25 723
10 747
13 216
9 424
12 723
10 628
2 580
14 584
26 278
1 670
4 852
9 825
16 948
2 552
29 357
16 435
13 953
4 697
16 483
25 602
3 922
3 933
24 687
8 262
13 360
5 450
26 873
1 305
29 285
24 991
14 996
2 926
3 209
21 888
2 582
7 552
26 287
14 738
17 450
4 296
0 437
25 804
8 870
29 446
29 538
23 236
9 575
25 355
23 536
19 328
11 271
22 412
15 835
15 727
8 455
12 785
25 300
23 472
10 399
7 210
16 238
24 380
21 672
25 451
5 744
22 876
15 658
13 467
19 737
5 559
24 377
17 243
17 960
8 867
17 380
0 792
20 253
10 817
17 808
20 651
18 531
21 648
12 686
10 263
2 863
21 323
16 514
26 844
28 675
15 462
21 673
21 382
10 217
29 631
13 298
5 967
20 663
17 341
13 354
0 348
28 333
20 478
16 217
4 383
3 880
1 510
0 428
8 773
19 633
18 839
0 715
24 437
20 632
25 778
14 587
12 992
3 876
1 466
3 346
22 887
26 535
13 975
28 205
23 580
26 885
16 971
27 586
10 935
0 794
15 489
6 272
22 571
7 655
23 277
3 881
13 310
15 561
20 563
3 581
2 476
0 683
12 430
25 829
25 993
8 697
19 284
26 854
5 920
7 734
0 493
13 746
9 624
13 887
15 876
29 386
4 571
6 405
4 556
17 843
0 937
8 858
11 907
9 482
27 415
2 816
17 206
27 570
7 699
0 712
27 770
21 475
16 810
2 691
24 790
5 304
10 681
13 991
18 713
18 962
5 298
15 659
16 930
2 370
20 495
9 475
7 885
11 396
24 967
3 568
4 481
22 273
24 660
16 852
11 750
25 704
1 718
13 579
1 803
22 815
9 594
23 399
23 756
0 358
16 450
0 843
2 869
20 868
18 371
7 537
1 403
2 942
26 521
21 227
29 320
29 438
11 459
25 475
4 237
26 677
4 461
17 465
4 608
22 940
21 590
27 714
26 387
29 758
9 432
6 996
25 601
24 402
28 603
25 323
26 556
27 913
5 996
12 679
0 885
6 215
3 725
18 291
27 577
14 907
26 616
27 764
20 884
21 281
12 595
16 980
22 280
4 874
12 332
5 293
3 965
3 752
6 744
19 750
19 905
11 300
20 413
14 351
8 659
16 845
4 373
4 868
3 318
7 533
26 246
27 817
7 481
11 988
9 884
24 285
6 937
23 875
2 286
10 472
22 604
0 328
17 549
7 589
23 513
19 591
10 585
25 317
11 935
18 383
17 880
8 255
4 685
24 535
11 344
29 255
15 813
4 541
8 693
19 245
8 612
11 565
22 348
8 962
8 857
1 236
13 958
9 452
15 937
26 544
4 296
27 419
26 965
28 373
0 685
6 708
8 220
1 769
1 882
21 259
6 802
2 707
9 542
1 568
2 949
26 352
24 697
13 597
20 491
7 301
29 243
13 543
9 947
22 460
0 282
23 759
27 531
28 256
13 282
28 235
10 703
9 921
1 674
1 670
29 764
15 348
9 664
28 730
23 565
8 893
11 207
18 595
5 917
11 379
14 769
18 767
25 752
2 709
20 545
27 781
12 565
6 776
1 304
6 236
18 994
27 746
15 791
21 960
7 215
14 789
21 949
15 729
23 633
12 487
26 617
2 897
14 273
21 709
26 664
17 992
5 377
8 890
9 516
5 631
13 371
28 871
12 546
9 936
28 862
24 966
19 381
20 214
26 559
23 334
20 394
5 407
2 566
26 743
24 550
2 799
6 355
3 510
5 502
4 779
22 881
8 283
29 688
11 567
2 256
20 636
15 807
10 696
8 284
11 370
28 435
17 259
21 932
22 411
11 782
23 887
19 285
25 649
21 863
23 563
18 556
27 425
4 287
21 802
1 624
27 395
7 799
16 547
19 651
6 849
27 445
0 835
10 224
0 559
10 995
27 578
2 665
10 924
0 802
21 891
15 671
21 515
15 455
16 750
6 670
16 243
9 334
10 929
3 974
10 938
19 738
2 697
10 792
12 986
23 874
19 647
27 554
20 939
15 558
18 801
18 407
3 821
11 518
21 806
18 208
6 412
16 228
19 477
27 671
20 540
9 963
7 525
15 579
22 445
25 335
26 670
28 375
2 670
22 943
17 393
8 602
25 279
26 838
3 831
14 830
1 290
15 374
29 613
3 988
18 349
10 767
29 307
19 670
26 594
0 464
16 352
22 705
2 240
14 513
10 378
18 778
2 602
2 560
2 421
29 666
14 574
21 204
24 488
0 786
18 447
16 366
11 736
25 380
17 888
14 968
27 898
19 738
13 773
7 801
10 240
18 473
5 804
5 561
26 574
18 272
14 203
10 377
17 862
1 973
21 831
28 522
7 275
20 341
17 254
17 406
22 494
11 654
13 396
6 774
2 227
14 874
26 708
25 996
24 559
7 541
16 513
20 654
27 216
7 375
24 895
4 682
25 220
11 577
4 714
0 376
4 367
2 487
26 437
11 908
7 828
25 664
7 690
1 569
20 795
25 925
3 514
20 407
29 956
20 831
15 778
18 231
15 458
19 431
3 367
13 875
4 469
20 961
13 429
20 314
10 753
25 635
6 648
9 262
24 288
22 383
24 514
1 766
22 784
22 981
5 538
25 440
5 909
12 481
5 306
15 314
11 376
27 851
24 867
25 774
7 918
17 361
13 357
25 925
19 727
21 273
10 643
5 620
24 525
12 430
21 678
23 460
11 272
8 365
28 836
0 265
12 226
28 343
7 586
22 206
19 266
10 744
19 430
24 955
29 738
5 694
5 748
27 643
9 552
17 315
8 674
5 279
19 204
2 690
1 843
28 403
1 729
13 280
11 960
17 949
3 724
9 388
20 918
15 910
5 785
26 255
1 780
9 536
4 212
26 625
7 413
16 970
5 734
9 682
28 599
20 807
29 934
5 844
21 510
28 939
10 344
1 841
22 301
5 703
10 937
10 388
7 379
13 510
22 633
27 982
27 302
1 547
29 269
25 448
28 817
24 864
26 578
8 736
6 542
27 481
21 284
0 663
7 778
14 890
6 867
24 407
29 217
6 516
13 669
5 717
13 478
4 965
12 757
28 377
28 631
9 523
21 343
21 475
15 265
25 324
15 597
22 333
27 974
25 685
8 297
5 881
15 872
13 868
21 363
21 819
3 895
14 855
12 887
5 243
11 624
14 716
7 780
4 566
9 279
9 894
15 721
26 977
22 250
15 473
3 869
7 861
18 270
19 637
17 353
7 421
29 689
21 885
13 855
18 753
24 432
0 333
5 689
29 464
25 890
19 453
25 291
28 826
21 956
24 246
5 607
0 287
6 726
18 946
4 855
28 961
18 773
8 368
19 668
0 998
5 747
6 467
19 553
6 445
9 946
27 495
15 310
17 648
10 386
8 640
27 843
19 708
12 829
20 210
18 426
2 910
11 577
2 446
23 645
26 554
16 747
27 338
17 223
4 966
16 555
23 249
11 855
22 356
0 644
15 516
22 287
1 649
17 339
25 790
17 608
23 225
11 965
1 511
13 501
22 642
26 330
21 824
2 498
3 597
25 902
25 956
7 413
28 936
20 973
22 654
19 541
24 497
19 874
9 632
15 852
19 606
25 239
6 249
2 823
28 890
24 222
6 843
8 574
15 745
28 326
1 708
28 351
3 309
15 765
10 686
25 257
2 501
11 409
28 717
10 512
29 626
15 344
5 200
22 523
4 515
8 773
13 949
4 910
19 560
3 394
4 544
9 983
20 465
8 798
4 764
11 513
12 348
14 732
7 844
23 342
26 203
13 733
13 386
13 813
1 930
11 371
10 764
14 909
12 889
7 960
9 799
1 703
2 929
22 923
29 861
13 864
24 288
14 337
17 594
13 984
9 439
5 915
21 544
10 586
22 255
12 353
9 421
27 870
1 292
6 445
24 990
25 584
4 600
22 430
18 666
4 289
8 309
13 775
2 899
4 775
5 703
4 322
0 313
23 331
22 210
24 715
28 242
26 819
20 948
17 689
25 826
4 717
1 747
18 228
21 560
21 959
22 229
15 466
27 890
16 950
15 438
4 408
10 880
13 530
16 966
7 716
29 254
24 762
27 752
5 969
11 735
21 678
1 234
29 936
24 672
9 382
9 453
22 623
28 633
14 402
15 369
4 962
20 957
21 435
3 414
11 267
9 545
27 259
21 685
12 931
10 730
23 693
3 835
15 527
6 250
12 516
29 519
19 645
28 203
17 375
2 969
29 264
20 721
16 240
18 427
25 691
14 911
18 643
0 786
3 995
0 493
17 616
10 253
20 814
4 535
24 897
1 230
1 905
11 306
5 860
1 818
19 234
0 942
15 704
24 928
11 512
27 202
9 922
27 954
4 921
28 457
26 643
18 832
2 206
0 559
19 406
15 246
23 920
13 887
23 403
16 632
24 773
11 444
10 931
12 879
5 383
0 648
4 998
23 302
11 621
26 699
25 554
7 437
17 622
29 540
27 816
12 681
5 662
15 682
22 841
8 623
16 435
8 689
14 246
10 982
23 276
14 844
12 408
4 608
24 887
3 272
16 689
21 981
10 287
4 892
22 583
13 875
7 404
16 805
15 650
26 287
15 559
23 956
12 905
21 558
0 420
29 532
11 894
16 720
4 978
5 478
11 413
3 465
26 210
23 359
4 827
1 413
7 474
20 801
21 888
12 988
19 478
14 864
21 374
21 378
4 400
10 921
3 681
26 530
19 946
21 718
12 238
18 445
18 539
1 545
1 397
8 924
26 243
14 369
24 971
9 795
16 412
27 887
7 543
11 695
19 850
21 897
8 397
19 217
9 791
15 213
22 785
0 903
27 977
11 921
17 552
12 490
28 404
13 746
21 385
12 333
14 229
19 487
2 854
21 600
6 668
15 460
24 711
20 491
21 647
29 881
0 868
20 887
14 973
28 361
11 850
5 586
22 293
15 800
9 363
4 470
14 912
1 506
29 851
26 356
23 799
4 364
12 901
20 235
23 886
16 231
2 806
1 336
25 879
27 886
24 814
11 505
20 701
22 501
0 919
8 874
17 354
18 713
19 254
20 763
14 519
11 375
9 748
27 221
7 473
14 711
26 455
29 782
27 259
12 321
27 601
9 249
13 683
3 708
2 527
4 663
7 588
16 396
2 551
29 455
2 609
3 942
0 779
17 629
29 646
29 691
11 452
8 393
15 255
10 988
22 251
4 202
17 202
11 707
3 397
24 731
16 694
25 502
25 523
4 851
28 753
2 616
12 597
7 876
11 739
0 467
22 778
15 871
23 406
14 802
28 674
4 600
29 434
28 667
6 673
19 760
29 849
4 467
29 821
27 892
10 472
6 602
16 522
16 834
25 742
4 454
12 900
16 841
20 362
21 589
17 803
15 241
21 363
22 679
2 744
20 633
8 448
14 865
18 645
18 370
6 896
17 462
9 556
17 545
26 230
26 473
26 785
14 213
16 679
26 987
24 271
12 343
23 275
26 256
1 491
13 244
5 819
20 297
21 870
2 290
9 772
16 848
6 487
25 228
21 438
15 359
13 509
9 882
3 976
10 734
6 645
15 610
15 844
9 989
3 454
5 204
17 280
6 821
22 772
14 414
15 874
10 913
20 989
14 982
19 412
7 619
6 345
12 299
25 832
29 954
26 687
27 262
15 999
1 642
23 747
9 833
3 292
7 202
0 465
0 681
16 452
20 350
7 622
14 634
5 411
0 932
3 782
8 655
22 210
10 954
4 312
25 966
9 416
26 975
8 718
7 318
16 421
16 976
4 325
26 209
4 428
23 627
29 632
16 716
16 366
21 813
19 425
10 922
22 592
26 310
9 976
26 397
23 645
17 704
10 446
17 959
18 539
28 973
13 896
20 525
17 589
25 788
8 571
8 504
6 217
3 983
3 468
7 798
16 415
8 569
8 491
22 619
20 264
28 972
6 518
19 770
18 799
11 274
25 544
15 272
8 920
6 559
11 977
25 634
29 986
5 565
3 302
1 502
7 765
22 562
11 903
18 226
6 464
0 535
28 634
26 446
14 495
11 664
11 502
2 539
13 699
19 416
23 488
27 856
10 774
8 310
4 979
27 657
27 350
22 803
2 689
4 494
20 299
10 470
24 474
25 888
6 550
16 552
6 539
3 801
17 635
19 728
12 361
15 942
9 337
26 795
24 847
23 711
26 884
22 479
15 339
5 934
3 340
2 210
20 780
6 436
21 692
9 403
4 687
19 551
14 825
14 542
1 399
18 604
3 831
9 371
13 483
0 955
12 747
4 505
29 345
17 564
16 769
14 421
16 872
5 449
6 572
20 774
16 904
16 566
3 961
6 765
20 303
20 330
17 530
3 908
22 702
18 308
28 706
17 940
23 258
4 247
24 321
13 285
18 930
16 622
10 923
28 716
21 322
22 406
17 323
28 269
2 238
7 887
12 639
28 957
22 219
6 619
3 257
18 387
14 653
2 564
5 734
17 852
17 314
26 272
9 558
23 957
7 278
21 924
