2000
2 958
25 395
4 358
18 303
9 989
19 885
26 462
0 737
8 779
11 439
0 624
29 572
20 438
19 611
6 951
3 937
3 465
22 887
10 228
5 937
10 981
23 924
25 635
26 549
3 556
15 474
22 556
14 934
24 498
27 519
29 871
27 773
5 877
0 605
20 819
14 748
28 775
14 910
13 945
6 828
24 858
10 463
24 542
0 252
2 298
10 931
16 974
12 564
17 946
1 917
8 804
12 496
26 772
17 229
22 309
9 986
17 366
19 311
10 294
3 605
6 346
5 815
2 856
17 475
6 413
15 297
28 711
18 675
25 855
0 200
16 408
8 650
2 946
24 640
23 560
8 763
8 520
10 664
11 627
13 450
7 468
0 478
4 940
21 950
6 356
26 395
18 368
20 775
1 925
3 275
24 282
17 874
10 943
13 933
15 426
27 388
12 304
14 546
2 718
13 638
1 671
28 739
18 232
28 513
10 351
22 344
3 886
15 207
20 632
21 221
23 987
2 764
7 736
27 882
25 665
27 746
14 389
11 921
10 625
20 664
24 943
29 689
20 940
24 668
19 870
7 996
26 362
17 847
20 489
27 394
18 912
2 650
9 377
25 233
18 686
13 421
0 304
20 681
10 414
8 295
19 766
4 366
3 441
25 922
3 262
8 515
2 360
10 585
0 513
9 793
6 973
22 539
28 532
12 864
23 516
7 711
11 648
27 634
8 501
19 931
17 520
9 370
0 711
2 423
4 882
1 288
18 743
29 402
23 201
5 375
5 793
6 499
12 689
4 470
5 756
27 203
8 773
17 834
28 960
1 477
10 993
5 377
18 659
19 819
13 702
12 780
11 418
2 795
2 324
14 863
16 233
22 402
25 854
21 696
25 542
19 585
5 729
9 453
10 900
5 959
0 721
29 209
23 545
17 776
22 970
7 574
9 935
15 571
23 412
12 420
4 813
29 233
24 229
28 640
22 500
24 894
22 504
12 362
9 874
8 226
0 556
16 976
8 428
6 955
8 361
16 943
6 735
3 584
27 319
20 560
15 603
11 494
27 636
8 767
28 628
27 212
6 213
23 260
6 871
11 339
6 775
13 942
0 881
4 902
17 1000
5 470
7 651
24 537
12 564
8 404
11 555
26 798
25 468
29 507
15 301
6 714
4 621
21 828
10 874
11 812
23 204
17 712
12 855
6 484
6 878
15 480
1 957
18 412
0 403
25 660
16 714
8 230
25 939
12 816
5 333
1 943
15 380
21 759
28 246
24 580
9 860
24 843
19 724
1 278
18 905
7 527
7 251
24 592
29 450
26 968
9 614
3 635
13 733
11 991
14 318
19 820
6 328
17 453
29 246
13 690
6 555
7 923
2 476
26 355
6 493
4 456
4 648
10 425
14 925
8 230
17 955
9 671
18 494
0 723
17 486
12 448
14 785
1 909
4 898
25 855
17 277
0 411
8 348
29 450
11 648
17 528
27 303
10 564
19 781
23 456
19 516
25 279
22 769
26 935
19 811
25 336
23 425
17 741
27 975
2 537
14 930
21 342
28 855
22 715
1 715
4 495
29 673
5 326
21 990
23 428
3 613
12 463
5 819
15 430
2 806
10 327
26 821
6 338
4 896
27 506
22 224
10 953
4 954
4 257
9 434
2 738
27 458
18 825
26 246
16 201
22 417
5 779
26 456
14 228
18 368
18 378
23 866
23 211
11 284
16 310
7 366
20 397
21 322
13 702
4 441
26 519
17 599
12 277
11 219
15 520
20 584
7 426
16 428
13 587
17 718
11 566
24 418
4 901
9 201
7 866
3 822
18 335
14 965
7 933
6 397
15 234
29 673
8 239
24 909
15 276
2 215
19 737
29 231
27 881
18 741
19 333
17 800
16 462
28 562
26 258
17 772
13 488
7 324
8 354
7 735
9 253
19 534
1 658
11 432
10 245
10 977
16 629
13 777
2 328
29 348
3 668
29 461
27 256
26 809
20 344
24 807
0 824
12 560
12 599
5 225
3 745
24 510
26 509
17 640
23 650
15 550
19 594
5 420
5 475
4 268
24 886
12 789
3 255
8 213
16 314
16 975
24 971
16 891
21 729
0 215
27 798
15 873
28 856
22 237
15 855
17 350
6 597
15 614
21 743
14 899
24 433
23 439
18 716
12 479
13 529
23 289
17 884
28 331
12 606
1 528
21 858
1 338
10 324
0 864
1 377
29 456
14 774
25 849
1 861
14 200
3 207
14 791
5 830
19 251
10 551
17 759
25 724
6 835
10 715
5 783
20 468
21 292
26 923
2 843
23 225
19 318
16 941
18 961
6 785
16 968
15 314
1 452
7 799
18 534
6 367
22 979
17 893
1 565
28 930
1 213
27 242
2 454
29 256
0 308
29 546
21 352
25 676
15 711
4 647
13 817
15 721
18 277
8 788
22 616
16 502
4 756
12 743
1 759
8 990
19 682
7 611
29 544
13 643
25 479
17 716
1 616
14 834
18 274
13 868
23 543
21 802
8 856
6 764
25 360
27 341
14 201
8 531
26 263
21 807
28 755
4 375
0 579
11 763
24 649
12 925
24 941
2 679
12 674
19 482
16 989
18 543
26 514
21 876
24 450
11 772
3 816
15 527
25 990
3 866
1 924
2 606
11 701
23 455
15 343
27 932
25 525
16 260
9 883
14 877
4 552
19 401
7 603
22 744
12 989
17 624
28 494
5 479
22 649
19 689
16 325
23 486
21 522
6 760
1 545
12 720
6 272
0 334
23 858
23 754
1 671
14 702
4 307
27 851
0 922
21 719
8 750
10 244
10 833
10 494
24 339
7 481
19 793
26 840
5 915
26 455
1 942
17 224
17 460
12 852
7 779
12 979
11 488
10 862
8 502
9 947
28 621
10 335
7 451
5 726
25 231
29 462
23 207
1 581
27 801
17 939
24 420
4 209
5 671
17 293
21 800
13 961
21 976
17 310
2 361
18 698
4 851
20 786
14 997
0 730
13 279
24 406
21 608
22 357
12 342
4 987
5 421
24 825
3 563
2 738
29 697
5 814
0 246
16 595
15 347
19 458
15 366
12 885
20 521
1 566
19 385
21 349
6 205
21 400
12 539
15 513
9 826
24 259
9 965
12 933
17 244
20 687
6 702
5 882
25 921
1 682
2 750
5 327
22 667
16 831
28 760
7 720
7 511
14 779
12 398
10 919
20 452
19 345
25 387
1 976
14 507
28 780
18 411
17 543
26 438
26 632
12 343
2 935
24 982
8 554
27 679
4 325
23 302
18 875
20 555
5 822
26 420
20 221
7 464
25 525
25 286
25 318
19 358
18 894
14 860
26 428
1 503
7 892
25 336
20 226
20 771
27 682
16 574
11 647
29 950
16 480
14 346
29 575
10 414
14 911
27 325
24 978
2 613
28 489
21 619
25 374
29 970
6 789
0 365
19 523
22 667
6 948
2 650
20 959
25 871
27 278
3 983
3 318
7 270
29 689
24 566
26 870
12 364
20 455
27 766
8 785
20 389
26 594
12 446
29 614
12 375
1 381
23 848
14 872
28 435
4 734
16 701
9 780
17 267
8 834
15 244
20 689
17 250
24 533
2 440
18 242
17 998
12 662
1 986
15 529
10 244
11 546
11 641
3 339
26 653
2 398
4 656
20 406
0 390
22 508
24 318
6 560
0 272
6 580
19 488
6 698
22 644
14 774
5 613
20 987
12 634
4 355
28 874
18 517
2 747
28 742
22 682
12 379
21 386
28 641
14 600
13 741
3 395
25 343
15 835
1 795
7 770
13 645
16 556
16 657
29 637
5 658
16 807
18 934
4 867
20 668
13 929
4 214
25 294
9 568
7 445
17 921
25 898
3 252
19 705
4 368
11 890
18 808
9 767
29 251
11 732
6 820
3 609
14 280
13 346
2 618
21 592
11 913
4 424
0 474
14 582
19 486
3 457
2 599
0 647
18 964
5 770
0 625
19 696
6 978
19 945
4 214
22 510
6 401
5 302
16 214
7 653
21 423
12 589
15 515
15 960
4 681
15 420
14 354
27 691
19 865
13 882
7 353
4 691
14 897
21 698
9 540
24 349
4 412
20 510
8 710
26 486
26 966
1 297
14 539
5 370
29 957
1 828
23 257
19 268
7 689
23 885
16 681
23 825
14 940
1 224
25 836
23 989
24 608
15 260
24 699
1 625
0 799
18 724
15 984
29 230
10 633
28 578
4 276
16 240
12 873
26 901
10 574
0 296
26 361
25 945
9 990
27 820
10 476
12 351
2 502
28 637
21 596
6 201
26 344
24 859
25 606
25 715
2 247
7 393
11 510
13 672
17 751
4 674
3 687
3 958
3 403
14 200
1 734
10 716
25 833
13 487
3 525
12 613
10 694
13 569
18 923
23 591
23 482
18 489
13 244
14 904
0 948
9 429
5 475
11 462
14 989
9 578
1 626
21 582
15 338
24 638
9 859
12 663
11 574
27 399
10 499
22 331
18 993
8 553
6 484
4 484
26 449
15 748
2 913
17 880
2 803
5 211
29 297
23 378
20 998
18 725
9 549
19 963
16 530
2 357
27 656
22 529
11 456
18 540
6 537
19 229
4 288
11 212
15 369
9 989
18 586
18 774
9 735
12 732
0 976
19 500
14 744
17 427
17 451
28 975
20 257
20 394
9 853
19 497
22 994
10 591
2 691
18 986
9 552
22 478
7 834
18 973
26 727
5 378
11 746
21 479
0 820
17 211
24 872
2 862
14 677
29 236
6 290
22 824
4 516
21 753
4 378
4 666
8 678
2 443
29 742
13 846
23 431
6 456
3 847
19 638
6 441
1 760
18 552
29 979
11 415
28 256
16 683
19 485
4 447
4 880
23 762
21 987
19 733
4 318
22 762
1 588
25 423
26 721
6 443
13 291
2 858
8 419
27 942
29 395
15 724
11 740
19 423
7 368
11 789
2 937
26 401
11 719
19 313
12 966
17 205
18 334
14 218
16 874
21 294
18 234
26 354
1 468
12 861
11 971
3 374
4 586
27 806
8 292
1 593
18 619
13 231
28 505
0 420
19 237
28 545
3 432
10 862
16 213
25 723
28 984
10 477
26 945
0 672
20 558
20 453
28 279
12 755
10 282
27 487
20 639
2 796
21 929
25 940
7 632
14 406
29 704
21 298
24 387
7 573
13 386
14 904
27 239
0 914
17 298
18 908
2 269
1 243
16 792
23 903
12 468
3 363
2 592
19 461
21 981
15 739
16 868
13 537
13 210
23 242
7 474
4 553
21 631
27 450
19 387
29 750
23 931
8 875
0 229
9 641
7 907
19 238
16 644
26 231
10 906
5 721
14 567
12 697
29 497
29 303
26 479
15 976
14 561
26 460
18 932
6 624
14 787
20 779
13 312
22 523
2 404
19 825
9 970
12 796
18 926
16 447
13 580
7 744
12 249
28 612
28 654
28 540
29 942
2 782
19 765
26 250
8 951
28 206
13 980
4 591
12 479
28 870
24 749
8 686
9 372
6 764
28 556
0 334
6 995
16 254
26 299
1 809
20 765
4 725
16 903
24 341
8 882
11 228
17 209
26 860
15 374
12 628
5 472
11 689
10 782
7 219
15 352
15 945
23 816
9 669
6 623
3 494
1 345
16 714
19 380
28 857
18 273
11 841
23 944
2 444
5 977
4 257
14 868
11 714
18 893
26 642
3 351
8 874
24 423
6 575
10 751
14 216
10 220
4 996
25 746
14 377
1 828
0 897
29 649
3 223
1 538
25 873
18 912
15 883
24 524
5 716
27 752
4 903
10 894
27 541
21 548
28 908
26 831
9 417
14 649
12 980
16 509
15 812
11 556
1 447
21 852
19 948
25 283
8 569
6 283
21 707
15 655
27 845
0 759
24 947
28 462
17 346
16 310
16 835
2 938
14 828
12 258
10 858
10 958
3 413
6 259
15 678
22 633
2 415
11 870
23 929
21 436
15 525
17 301
3 924
6 642
9 314
0 303
26 773
17 428
16 491
10 786
4 802
13 972
14 969
26 649
16 275
10 688
27 796
27 331
17 386
22 951
25 322
19 812
21 621
25 972
26 752
26 929
29 982
4 235
11 447
22 675
21 268
0 699
0 663
21 865
23 409
17 596
6 358
29 425
8 965
11 766
21 334
17 253
27 565
29 626
20 564
26 961
10 558
11 540
19 277
12 318
5 659
0 216
20 875
5 741
20 666
25 791
29 932
25 294
7 913
16 670
5 769
1 816
10 855
19 979
17 572
14 449
23 728
13 321
26 418
10 719
26 445
5 454
9 343
2 590
19 210
22 277
15 553
15 300
11 410
18 655
13 397
6 538
6 911
2 774
25 394
10 235
2 643
5 294
2 902
29 219
11 797
22 802
7 393
27 536
3 379
7 646
9 950
5 220
28 772
6 941
22 552
29 986
29 836
22 962
3 518
3 235
22 832
22 570
5 761
0 909
23 982
2 436
9 471
28 928
29 286
19 687
1 254
8 653
6 751
15 576
6 215
27 302
12 816
29 875
13 329
0 508
24 430
25 383
15 284
5 287
1 520
23 341
24 290
7 908
8 247
17 921
3 655
8 583
24 682
14 942
1 940
7 258
28 922
23 735
27 326
9 847
8 244
20 283
14 989
12 993
12 760
28 910
17 730
25 742
19 410
9 236
19 810
17 212
13 519
5 496
3 442
24 492
13 382
28 903
10 293
15 659
5 788
17 583
28 818
16 339
13 375
12 532
22 748
10 294
17 910
19 945
10 719
21 300
19 337
17 610
6 248
4 573
20 473
24 422
21 216
20 427
22 615
10 981
7 318
6 678
13 519
2 915
24 799
29 217
24 290
7 996
18 879
21 731
6 952
5 667
1 267
13 561
11 372
28 900
17 775
27 474
29 488
23 444
16 670
17 334
3 219
22 659
22 301
11 543
19 428
18 781
4 361
4 512
8 522
13 758
28 925
18 698
18 897
8 238
29 268
24 422
26 958
14 302
17 916
19 711
15 482
13 330
8 776
19 460
5 679
14 735
15 919
29 694
7 773
13 679
12 361
27 939
29 773
28 311
18 221
2 918
7 234
28 863
23 354
28 341
6 990
3 838
2 620
20 643
13 929
8 242
18 985
28 289
16 849
6 390
29 902
15 819
4 464
2 876
8 851
9 877
11 527
29 566
18 295
21 852
13 225
3 674
3 505
10 643
3 278
8 799
14 650
4 872
3 592
1 520
18 211
0 389
13 596
26 250
20 436
12 417
28 556
6 390
10 618
19 712
8 596
22 254
21 886
0 805
13 838
22 456
20 415
28 211
14 314
21 692
22 286
10 884
11 696
15 606
23 583
16 738
8 987
28 758
22 596
15 759
9 510
4 742
15 337
19 572
9 277
6 588
17 533
7 770
23 662
7 720
11 428
8 803
28 960
4 691
25 337
17 710
6 911
2 878
10 951
5 888
22 244
22 989
20 980
11 687
19 891
26 891
26 900
22 385
10 203
3 557
10 541
6 637
1 286
12 743
17 396
0 201
10 714
1 627
1 902
0 647
25 932
0 844
22 313
5 736
6 901
23 777
20 951
11 789
26 685
4 433
22 894
9 621
23 924
7 913
9 894
29 932
9 743
12 322
11 921
26 225
22 334
0 408
17 296
2 456
17 889
14 875
17 817
5 673
0 465
11 577
23 857
7 264
16 606
27 651
15 947
12 458
3 930
24 921
27 494
24 779
4 335
12 265
19 546
25 410
23 277
27 224
13 316
0 566
27 986
27 507
6 489
25 479
29 972
26 950
13 892
5 671
6 234
11 670
19 997
18 935
17 682
22 512
21 347
0 814
10 920
22 771
13 812
12 509
29 699
1 536
13 798
11 328
21 612
10 384
12 884
3 603
0 674
18 684
6 212
20 599
14 456
8 577
24 586
3 278
15 395
22 479
25 284
9 983
3 665
1 664
28 408
5 307
3 818
20 605
26 622
16 219
2 577
29 449
29 644
17 379
6 849
15 359
11 699
3 712
27 899
24 249
23 501
16 557
17 624
5 646
7 826
24 437
14 834
12 750
12 281
22 962
15 239
2 248
6 568
21 344
23 936
9 409
28 635
15 251
6 774
17 268
27 739
9 374
9 991
1 775
4 916
24 370
18 729
4 473
15 455
28 505
12 617
20 774
22 917
26 601
12 902
15 615
9 630
16 873
28 689
1 744
13 847
15 888
12 626
15 745
19 573
17 653
20 584
7 917
1 311
20 921
26 686
27 871
27 912
2 931
15 223
23 510
11 291
0 554
12 766
29 277
17 791
27 797
0 786
26 488
1 252
13 655
20 899
20 965
3 902
1 966
1 626
1 349
21 983
13 486
10 391
0 557
11 338
28 793
2 569
1 560
5 591
7 300
5 285
2 948
17 898
7 894
23 323
4 281
10 415
7 424
23 404
14 607
22 822
8 846
7 387
10 844
17 534
17 372
3 825
5 868
20 689
29 636
13 287
2 794
24 496
27 227
18 588
2 301
9 786
26 787
23 389
17 904
21 335
10 569
25 679
8 817
10 794
11 619
24 212
3 937
17 603
22 374
5 655
24 200
11 213
7 483
29 862
12 812
16 607
7 331
13 481
22 646
3 584
21 743
13 583
2 215
8 940
8 912
27 729
23 993
27 883
4 591
2 660
27 477
17 267
13 644
4 225
5 716
28 511
18 319
8 904
6 667
21 834
10 451
12 419
29 269
24 887
18 472
4 251
23 403
19 572
25 538
20 651
22 822
4 991
28 868
11 410
29 662
23 585
7 681
25 375
3 449
10 279
8 269
1 441
1 979
11 882
4 903
21 977
9 735
14 548
4 661
27 584
14 466
0 729
18 452
9 421
20 952
4 614
26 505
21 293
3 580
3 253
20 673
0 950
1 523
0 627
9 980
17 891
18 406
28 831
1 605
3 456
28 576
5 913
7 808
5 666
23 225
10 622
1 433
22 625
15 549
9 421
24 309
0 269
13 466
9 355
