2000
19 213
16 319
16 950
1 763
24 666
26 944
10 522
19 430
4 326
0 746
13 825
13 954
15 612
5 744
7 563
14 287
16 589
22 508
5 360
26 511
29 445
1 588
1 323
24 872
12 280
14 559
19 508
27 320
4 360
22 559
0 834
8 816
14 328
29 222
1 281
26 787
22 737
3 270
8 645
6 680
17 811
21 971
12 997
1 414
21 863
14 421
12 526
4 534
12 976
15 233
13 203
21 990
19 978
8 572
5 564
9 308
1 984
8 371
26 296
10 202
8 413
15 385
19 532
7 865
1 929
2 379
15 255
27 391
3 525
5 556
19 471
12 244
3 551
28 656
23 263
8 541
19 209
26 807
16 480
20 217
15 573
2 852
1 482
26 207
29 768
6 565
10 867
16 814
21 959
23 237
25 820
29 940
29 759
6 869
11 259
16 470
29 996
8 523
11 558
19 776
22 554
6 521
1 328
23 952
9 334
7 352
2 318
15 790
10 454
0 416
15 707
12 380
8 273
11 576
29 621
19 277
26 486
7 983
26 558
2 817
2 653
20 375
2 417
8 642
21 569
13 320
16 419
2 736
22 664
26 638
26 969
15 688
28 511
20 575
11 876
9 367
26 939
4 740
27 924
10 961
17 901
3 616
16 957
23 502
16 636
28 240
12 295
15 935
14 671
17 955
20 506
11 204
11 835
2 512
15 246
0 224
19 261
0 299
29 959
5 786
13 647
9 903
5 576
26 548
24 245
18 399
15 446
29 880
11 449
23 887
25 851
12 774
22 231
16 360
26 295
6 772
29 993
12 217
24 623
10 726
22 309
2 766
8 546
11 388
11 376
6 510
5 227
3 658
11 977
24 249
20 728
0 860
13 933
8 229
19 562
18 459
9 662
18 497
5 520
5 931
0 1000
15 911
5 725
4 338
25 318
17 872
28 377
7 392
2 848
26 366
2 901
14 821
26 880
0 996
23 637
5 877
23 368
16 419
28 746
10 370
4 931
7 394
5 400
11 350
24 439
9 587
23 748
19 436
4 669
29 681
16 396
29 833
15 869
7 943
11 554
2 469
0 428
18 538
6 955
1 815
27 516
0 522
20 210
22 896
6 882
19 913
24 308
20 491
16 767
4 940
7 352
27 869
21 871
17 874
11 664
12 649
16 454
19 684
27 551
12 355
6 343
27 846
20 847
20 818
7 872
4 950
22 770
1 808
26 929
27 841
14 781
4 983
2 525
11 355
5 634
29 771
1 229
24 799
4 665
26 429
9 810
6 605
18 228
24 377
21 506
25 931
25 391
23 210
10 232
21 695
22 375
24 507
5 731
5 433
8 834
18 836
8 225
6 558
7 355
8 835
9 643
6 980
21 815
20 238
20 792
26 899
22 765
18 306
25 820
17 361
29 596
25 762
4 589
16 448
27 847
27 411
4 691
3 910
16 862
10 552
9 395
26 989
7 655
1 324
15 915
11 284
29 241
2 229
15 770
16 752
21 595
10 810
28 265
13 509
13 634
28 263
9 382
21 586
9 339
8 791
15 722
8 337
28 877
22 525
6 717
8 232
0 404
12 623
2 213
6 460
20 362
27 565
1 355
23 612
17 729
25 473
7 896
13 416
18 780
16 914
16 393
6 328
27 320
26 366
19 450
15 774
2 724
20 535
15 618
22 343
17 865
18 790
16 621
22 580
1 238
22 859
16 945
27 759
3 708
10 658
5 937
23 376
16 478
20 868
8 308
22 992
1 605
24 276
23 769
19 787
12 831
15 974
13 989
7 234
28 725
4 481
28 216
3 326
8 779
9 225
19 234
19 668
17 414
0 814
9 922
15 994
1 915
10 695
25 725
1 563
0 749
4 755
11 279
22 695
6 944
6 235
14 973
10 912
16 470
21 961
14 537
21 537
12 785
22 932
3 977
27 331
0 598
1 359
19 370
11 876
7 676
12 434
25 707
11 614
15 355
2 342
25 885
0 544
0 780
7 435
29 202
14 718
14 892
29 266
28 957
6 686
3 915
6 800
16 264
9 984
6 391
18 776
0 514
2 624
1 287
17 949
24 836
12 620
15 217
11 941
7 723
6 790
22 982
2 643
7 996
22 456
29 241
22 610
20 875
2 955
9 661
15 424
9 764
1 470
2 278
5 652
6 912
17 408
11 221
13 901
13 577
11 957
18 902
12 933
15 395
19 655
19 812
12 805
22 938
22 720
3 914
0 581
25 562
3 341
21 633
12 787
3 256
16 681
8 728
8 661
28 423
28 740
12 992
13 853
7 547
26 399
27 541
4 954
16 737
16 687
7 229
5 756
29 774
6 346
25 480
8 646
17 659
19 216
10 723
27 917
19 344
12 537
29 869
12 720
18 220
8 601
6 696
19 294
13 485
12 250
0 571
16 850
14 970
20 913
21 480
10 325
4 391
5 664
28 740
17 356
28 818
13 941
25 659
15 984
26 741
1 871
7 560
1 744
2 219
26 829
8 533
5 752
24 257
28 667
21 398
28 930
19 282
7 936
27 783
10 951
14 916
27 258
24 837
9 598
5 593
22 850
9 553
1 561
7 768
10 506
3 320
17 263
8 677
12 757
21 794
27 648
26 689
8 818
13 342
29 861
16 301
25 278
17 604
17 517
25 884
1 610
6 717
17 506
19 621
13 665
6 965
18 751
26 307
3 444
14 234
17 859
3 783
2 258
28 750
14 263
8 822
24 672
6 561
7 925
16 545
2 960
6 446
8 934
15 725
20 591
11 978
5 344
11 446
0 347
1 928
8 675
23 305
4 948
0 414
21 323
7 569
1 625
15 981
11 955
11 592
26 371
6 970
11 367
22 332
25 843
21 589
18 465
3 240
25 701
10 840
11 311
23 400
22 847
26 344
29 260
7 826
3 962
3 517
14 929
22 682
11 263
3 442
26 550
25 526
16 797
25 878
26 639
20 438
5 871
1 583
0 454
12 381
4 275
26 952
12 511
24 287
26 703
24 998
2 873
7 848
1 271
23 568
29 665
9 464
21 626
8 978
7 482
19 417
16 436
10 940
29 978
4 712
2 541
8 823
6 485
12 369
28 629
17 961
14 276
29 289
10 513
22 561
28 277
5 845
25 534
29 730
29 526
12 985
24 644
8 647
29 216
6 564
6 964
2 605
8 743
4 309
15 316
16 834
10 991
15 766
11 553
4 855
5 815
6 299
12 227
7 600
26 553
2 498
0 823
27 659
5 300
23 993
23 669
21 347
24 281
23 311
25 415
13 663
8 863
1 993
25 772
26 576
16 472
12 915
13 640
20 504
21 885
24 539
17 307
12 833
25 332
2 449
8 281
4 982
1 774
11 483
25 387
17 556
8 759
7 737
29 638
15 394
8 271
23 443
22 791
4 495
18 945
11 542
19 845
0 294
24 924
19 336
4 778
10 498
27 984
23 200
10 456
17 432
16 817
6 332
27 842
6 437
26 743
3 434
7 627
17 903
20 966
22 520
4 435
29 781
17 679
16 643
23 658
4 952
3 427
0 530
3 376
19 560
3 599
18 963
8 692
11 784
21 460
8 378
6 271
9 958
3 262
26 807
13 266
3 707
7 233
19 558
22 715
12 526
0 799
1 572
8 690
23 913
26 451
23 961
20 570
17 946
1 670
24 516
5 514
0 504
9 976
20 760
14 519
8 497
27 855
13 672
7 225
13 333
18 986
29 599
7 397
21 635
4 425
13 207
5 365
21 350
8 946
23 719
29 762
11 982
21 651
7 911
29 944
10 577
17 664
2 671
21 771
9 233
4 474
22 601
22 499
22 272
2 885
0 684
13 543
16 439
23 371
16 829
4 366
17 653
22 962
3 782
22 957
22 502
2 923
21 353
14 458
16 629
17 713
27 368
9 341
7 881
14 204
16 455
12 831
20 584
19 625
17 479
12 309
10 671
8 908
21 814
24 915
22 667
19 240
26 910
28 964
20 349
0 403
3 813
10 685
23 916
4 939
11 943
5 728
3 955
12 860
19 697
28 609
7 909
10 745
28 858
10 315
14 581
0 909
8 765
25 783
24 460
12 872
0 294
28 827
26 676
13 320
21 298
10 740
28 534
7 470
7 489
23 599
25 631
22 949
12 838
3 406
20 437
21 619
28 542
2 768
27 878
11 628
3 794
28 604
6 994
27 374
23 492
28 203
26 638
29 685
21 853
17 640
4 986
18 772
27 335
4 922
27 455
7 786
11 736
28 607
5 579
13 715
27 375
4 800
4 654
23 604
13 517
21 401
18 820
24 239
2 836
22 654
12 767
6 631
25 354
11 998
9 684
21 278
3 262
8 582
13 718
6 972
12 716
27 427
9 716
4 945
14 941
5 844
29 837
7 305
24 920
12 816
2 240
28 820
8 623
12 991
18 231
4 529
9 856
9 662
15 484
14 359
2 595
1 714
10 522
28 317
4 411
26 624
13 745
27 260
26 370
5 410
25 576
14 802
2 947
14 601
19 943
29 419
9 296
6 880
22 320
8 553
6 849
14 653
20 625
13 987
7 958
10 374
1 447
18 759
16 271
3 838
9 312
19 1000
4 709
6 915
19 575
0 349
14 324
14 323
24 910
0 720
3 606
12 232
25 873
15 515
6 347
19 965
0 398
26 421
20 726
19 689
24 625
5 281
27 664
10 732
24 389
17 212
3 443
13 529
4 906
23 926
1 652
18 377
27 696
6 479
29 200
20 814
23 469
10 899
25 789
26 696
3 594
10 785
7 405
25 291
24 692
28 570
7 827
3 413
22 798
24 634
14 552
0 849
0 797
22 680
0 670
18 850
8 436
3 861
16 566
24 690
17 666
0 508
26 845
5 462
14 619
12 459
20 723
0 435
8 696
6 418
3 624
0 856
4 673
25 893
29 610
3 963
14 482
9 726
23 755
0 268
28 802
0 963
2 650
29 325
22 434
23 665
5 351
25 517
15 282
23 761
2 391
0 532
17 256
1 505
1 807
1 900
25 942
18 883
14 444
7 847
19 329
7 714
15 453
11 829
11 364
25 748
22 637
21 805
0 480
8 947
8 380
17 314
20 840
0 333
29 452
25 268
12 338
0 957
17 308
27 699
0 894
5 688
15 652
17 495
6 370
17 690
5 594
8 812
19 571
13 795
16 716
17 464
2 777
11 701
8 398
14 581
28 761
27 476
26 971
1 888
4 979
6 706
4 813
28 567
0 426
6 869
17 871
20 863
11 691
3 203
17 981
0 297
5 917
26 459
27 978
25 339
2 563
29 421
17 499
20 993
5 279
25 762
0 205
6 878
5 981
18 629
17 334
7 571
17 751
28 645
8 798
9 664
24 855
9 743
0 958
10 657
10 657
13 673
17 888
4 928
4 790
6 712
20 689
27 399
0 550
28 564
4 736
20 355
20 786
17 437
28 288
27 907
24 605
9 710
22 998
10 623
28 776
20 398
8 933
17 761
15 629
15 610
27 310
23 840
25 769
8 905
26 789
8 339
13 425
18 706
16 435
18 889
17 435
1 507
3 653
23 471
1 405
27 280
25 564
23 826
1 480
9 986
20 273
22 907
5 968
24 637
6 613
8 293
18 361
11 510
16 863
7 485
12 490
27 961
29 525
15 359
5 328
14 219
28 365
11 734
26 773
2 832
6 835
15 243
16 812
7 936
27 940
8 437
28 344
28 618
25 597
6 726
2 447
14 778
13 334
14 588
27 583
11 665
3 939
21 928
2 629
14 284
24 963
29 466
23 682
9 357
17 859
4 957
6 254
22 875
29 434
13 214
29 977
27 809
27 482
10 275
19 267
19 881
23 696
13 662
27 792
23 228
25 817
14 412
15 657
4 997
4 911
20 518
21 640
18 911
19 200
5 850
11 698
28 210
28 999
2 411
24 399
5 629
13 423
26 995
28 814
8 562
7 216
21 937
28 518
24 470
5 491
2 552
27 654
9 273
26 905
14 829
3 832
5 573
14 483
2 934
9 219
25 310
7 865
0 248
12 838
1 265
9 757
25 312
0 535
1 939
1 460
18 777
23 767
25 883
22 453
21 636
13 647
19 325
26 729
6 567
4 909
20 351
27 208
12 460
9 382
15 287
25 951
25 815
27 296
15 847
12 719
13 688
28 893
12 559
9 700
3 857
14 408
25 934
3 887
21 293
17 618
15 936
15 827
2 726
6 708
17 922
7 632
12 746
20 296
4 353
23 664
23 739
2 267
28 427
8 931
2 882
7 351
12 809
29 444
15 843
4 516
2 853
17 778
27 326
29 846
22 912
14 445
7 406
15 962
23 230
12 380
18 805
15 515
1 483
2 527
15 568
13 344
2 214
1 652
10 547
16 644
18 991
16 694
27 467
20 592
19 394
0 496
5 345
25 578
12 390
22 253
11 999
14 365
19 759
3 466
5 863
6 694
9 547
2 360
11 726
22 821
18 322
19 223
2 301
16 600
3 352
3 253
5 391
1 711
22 238
20 340
15 513
1 853
8 646
25 271
24 673
21 880
13 200
18 507
10 249
23 425
9 924
10 236
15 995
26 321
9 545
27 396
27 723
11 749
7 902
22 927
22 201
17 968
26 745
2 779
13 202
13 211
24 616
8 270
19 647
6 748
14 644
27 639
6 272
4 829
19 446
24 754
6 629
0 936
10 228
26 811
19 329
4 807
17 683
3 507
5 364
13 554
5 856
18 881
4 731
18 325
27 252
17 750
21 923
25 209
2 330
24 518
15 497
20 774
9 938
24 673
7 836
2 869
1 694
13 795
27 815
11 456
9 261
3 259
15 254
1 955
13 419
25 257
25 272
19 440
3 462
6 649
0 609
10 304
27 902
27 390
19 901
2 411
19 441
28 279
29 662
8 826
28 539
4 205
7 683
13 615
6 296
11 944
12 584
4 260
17 434
28 970
20 310
7 263
27 368
13 829
15 578
24 479
27 493
19 563
14 318
4 299
4 402
17 653
26 361
25 220
16 307
13 468
23 815
13 763
13 484
20 811
25 256
28 251
5 468
16 750
12 689
27 541
17 625
20 678
1 814
18 767
5 208
5 706
3 817
6 944
8 567
27 524
5 426
18 499
14 853
16 798
26 851
29 744
11 903
12 517
18 254
18 719
13 893
11 992
20 362
4 270
14 448
17 297
0 942
19 708
17 732
9 726
12 614
12 229
7 581
8 239
19 611
7 366
22 279
11 848
25 814
11 493
10 432
5 717
5 298
22 500
13 228
15 981
28 587
12 785
8 320
21 752
7 262
12 660
12 672
1 384
12 886
24 875
21 781
20 675
25 339
21 378
3 993
11 773
2 268
4 730
24 956
1 895
28 379
29 397
16 869
11 973
26 401
7 397
16 955
12 256
18 956
24 784
20 930
2 585
4 818
15 361
3 456
0 496
15 669
21 788
9 309
26 350
6 261
18 300
19 859
3 282
28 721
14 504
29 788
19 741
26 912
1 336
29 519
26 750
5 866
1 768
21 262
15 978
28 359
4 736
5 650
1 211
11 796
13 249
23 596
15 912
3 513
21 295
19 217
17 728
7 220
26 347
25 247
20 387
3 525
29 686
22 652
27 430
7 683
8 523
22 253
10 387
4 757
23 823
2 471
29 853
19 434
15 657
3 762
9 714
15 351
9 618
3 372
15 863
26 258
16 867
24 369
1 538
29 664
19 284
3 403
24 500
20 278
13 314
26 539
14 905
8 892
9 234
3 871
23 334
24 659
8 456
0 504
23 796
29 468
29 409
14 644
4 991
14 923
11 339
27 630
14 796
0 524
5 506
7 810
10 802
5 326
4 493
13 630
24 475
11 784
5 610
26 630
29 297
12 562
17 409
22 622
12 611
11 801
10 441
12 678
16 342
19 213
5 521
29 829
13 200
9 808
13 291
5 743
24 320
2 500
23 950
10 422
6 918
3 522
22 368
24 690
20 696
19 632
6 511
29 910
5 430
26 225
9 452
15 631
2 359
23 999
24 994
5 894
21 978
1 769
21 254
3 467
21 695
27 655
28 934
3 354
8 525
12 804
1 275
3 581
16 500
26 781
12 553
28 729
23 520
9 444
25 202
7 983
26 265
2 245
6 543
18 385
22 645
24 271
11 589
20 313
20 739
29 551
3 541
25 797
24 495
4 718
12 935
6 760
24 286
4 284
22 806
29 514
11 209
16 284
6 510
20 521
7 768
24 337
9 519
29 941
14 420
26 890
19 641
7 954
4 248
1 295
17 583
18 862
28 509
8 474
27 642
16 982
17 520
22 306
25 826
11 440
6 653
13 798
24 956
1 257
13 494
29 917
29 599
11 611
19 902
2 702
29 516
2 911
10 893
2 986
16 889
3 267
9 955
1 370
2 234
10 592
26 830
10 762
2 593
11 836
20 970
6 856
2 539
11 266
9 862
21 670
23 497
26 413
29 853
6 866
23 878
13 845
14 762
29 245
24 389
7 801
12 629
8 217
16 986
20 987
0 573
6 616
14 889
3 208
12 623
1 357
13 671
23 672
0 367
2 452
1 258
0 600
2 257
25 270
23 984
10 734
24 765
16 402
5 473
0 800
5 902
22 974
27 368
25 871
25 301
28 277
27 844
0 321
11 780
27 705
16 878
12 776
8 293
11 310
23 953
4 743
4 531
12 675
13 696
24 863
27 836
10 325
27 618
2 624
17 948
8 488
28 228
14 547
22 969
5 421
13 496
8 401
10 224
21 864
8 209
9 342
23 759
22 806
7 337
25 664
20 628
11 917
29 252
3 665
23 373
6 625
0 570
14 894
21 372
3 326
6 594
18 901
8 707
11 284
11 601
7 357
25 298
2 852
12 739
29 891
27 682
21 339
4 230
6 273
3 644
8 273
3 214
6 472
1 230
8 695
23 853
19 620
6 666
24 678
19 953
18 801
29 516
21 931
2 431
27 670
21 825
1 641
0 593
28 415
8 291
14 576
8 769
13 703
12 383
6 629
6 712
8 234
13 275
27 682
12 398
12 272
16 781
6 228
16 739
27 475
