2000
7 793
28 367
7 816
23 752
27 622
26 483
21 624
7 779
14 777
20 656
24 960
4 309
22 341
19 388
7 908
18 768
10 532
22 736
27 455
11 614
11 468
9 654
24 381
26 283
23 925
27 810
23 210
16 712
9 740
17 874
23 461
1 635
15 617
28 744
0 584
9 565
8 396
17 712
22 780
8 957
23 953
11 377
14 519
8 244
21 764
2 672
23 311
0 611
15 909
9 852
13 625
4 253
4 340
2 579
12 520
22 867
14 697
13 578
25 653
10 490
19 654
18 990
17 968
24 723
10 578
13 569
22 686
25 325
8 446
19 377
0 984
16 585
27 923
0 588
4 876
9 599
28 729
20 617
2 1000
22 735
7 624
18 500
16 814
13 507
8 375
23 765
18 742
28 532
6 481
6 381
26 575
24 673
27 745
4 439
27 633
24 904
23 266
22 507
7 388
22 763
25 287
7 205
6 401
15 232
3 500
23 531
14 347
14 908
7 577
25 516
26 611
4 286
9 756
15 386
12 600
23 634
21 549
26 708
2 302
19 658
5 313
16 379
21 959
1 300
13 684
13 508
4 697
23 886
24 758
26 708
6 980
1 956
19 850
23 807
9 587
15 660
3 630
10 820
29 650
3 303
26 346
0 661
2 513
26 817
10 522
8 969
28 294
11 757
18 350
15 205
9 288
16 713
23 940
2 217
10 259
3 205
16 305
14 796
23 678
22 201
13 371
7 960
5 917
11 833
26 480
15 952
2 927
19 258
21 601
16 987
22 418
16 558
22 591
18 607
3 617
26 329
16 306
10 889
10 533
5 827
11 324
0 320
2 905
26 617
3 646
17 719
14 600
21 207
11 513
19 831
14 956
19 235
22 288
20 498
18 354
18 667
14 549
14 765
24 353
28 543
10 392
16 838
8 344
18 262
8 414
26 434
4 435
4 681
25 401
11 933
28 848
10 962
17 761
2 706
21 781
9 372
11 518
11 330
6 542
25 540
11 989
1 691
12 802
0 515
11 812
9 640
22 893
12 221
16 960
7 698
19 506
15 929
21 582
9 214
26 598
2 487
19 909
19 571
29 936
13 532
2 973
9 302
7 889
23 845
15 401
27 778
29 443
13 239
22 846
1 527
2 686
27 613
13 294
23 969
19 771
29 223
4 492
10 460
3 538
14 753
21 758
18 384
13 879
8 384
27 691
5 734
24 844
12 680
4 472
8 714
22 222
8 285
27 440
16 834
0 455
19 295
3 693
17 353
23 530
23 883
2 748
23 431
3 800
17 320
28 365
15 624
14 406
1 570
14 861
19 517
29 289
19 972
8 399
15 710
0 673
21 414
25 252
12 472
27 376
11 935
18 788
17 839
7 897
26 648
10 937
6 590
19 640
25 271
29 974
7 408
13 235
2 276
19 481
10 842
2 814
2 229
25 824
15 528
11 722
4 625
2 936
24 323
0 223
0 302
1 286
17 686
1 453
14 349
6 375
11 263
24 735
27 541
3 338
0 832
22 233
29 711
9 570
15 393
13 581
9 709
21 872
2 502
16 455
22 614
22 945
11 274
17 732
25 348
26 706
8 697
28 520
12 328
3 869
10 999
8 657
12 959
22 901
13 478
20 897
22 270
15 686
4 336
16 942
4 893
3 346
24 327
4 909
11 820
1 514
0 503
19 997
18 762
12 943
7 598
20 747
27 356
8 285
11 289
1 779
28 942
8 483
19 340
23 674
3 327
15 558
26 391
25 379
13 564
10 678
5 608
28 553
25 621
7 787
11 510
8 656
24 454
23 572
27 245
7 939
12 449
21 742
6 251
10 891
29 975
0 546
20 299
19 314
27 594
25 988
15 949
5 768
27 680
1 857
4 290
12 495
8 476
23 489
2 789
13 949
13 505
10 545
16 234
16 677
26 715
6 376
9 601
23 713
20 703
19 620
17 625
3 922
15 716
26 779
20 540
19 801
22 567
28 875
6 421
20 943
19 391
10 768
20 618
24 630
21 432
20 775
27 500
18 471
9 700
13 381
3 738
26 280
19 472
16 966
24 612
3 895
27 821
23 985
28 610
5 351
9 688
12 685
25 464
15 250
9 990
17 816
26 821
6 472
27 254
13 573
5 431
14 286
12 861
2 948
9 902
21 459
11 936
3 235
11 913
27 777
3 348
9 655
18 896
22 610
8 444
12 377
9 513
26 673
22 696
7 911
23 762
10 519
23 353
18 531
12 739
27 921
2 708
2 921
24 868
10 533
3 731
13 565
25 842
15 300
2 921
28 704
20 655
8 674
16 746
3 214
9 748
20 871
11 284
29 871
8 736
0 872
26 234
0 506
21 809
28 261
8 511
22 649
28 842
10 959
19 966
16 801
0 400
11 468
25 490
8 453
15 850
24 251
27 792
8 786
16 302
17 913
21 577
25 385
24 921
12 674
4 626
9 973
26 781
27 239
16 762
17 553
29 927
1 755
2 770
8 363
8 432
9 986
17 828
26 435
1 651
28 553
4 677
11 982
18 373
0 296
3 610
26 917
0 992
0 324
10 552
5 478
16 797
27 387
20 747
6 963
20 608
3 551
3 461
28 756
2 452
21 252
2 247
23 954
27 940
20 217
25 342
28 229
9 555
3 225
19 262
24 237
14 519
5 672
2 220
24 388
24 267
22 631
12 314
8 797
7 464
2 219
3 477
11 364
13 541
1 392
21 424
15 857
16 498
25 275
18 361
18 657
25 649
5 722
25 414
28 402
24 905
23 947
17 246
3 837
25 346
23 224
7 644
2 352
29 229
13 778
10 982
6 383
1 846
28 340
14 356
13 481
22 691
19 870
21 549
9 812
4 370
6 221
9 643
13 266
6 805
25 752
0 896
4 638
22 377
2 452
2 693
9 539
9 566
9 475
8 206
2 909
9 528
12 237
16 966
29 441
7 507
29 942
18 200
20 921
0 793
14 649
2 208
14 669
19 200
28 379
3 836
15 758
19 976
2 651
3 936
6 466
25 743
11 658
16 652
11 450
4 271
1 325
28 361
11 699
23 544
7 427
10 873
14 459
19 906
18 477
19 684
11 523
17 769
26 324
27 495
20 742
24 290
27 770
12 204
26 672
9 677
4 309
12 207
10 499
12 920
22 761
25 794
28 648
28 627
10 984
26 932
25 833
19 576
14 432
14 529
16 676
4 509
15 388
18 240
16 297
13 859
15 727
18 516
6 221
3 698
24 438
12 401
3 203
21 259
19 655
8 895
25 726
28 361
5 270
17 490
13 386
11 783
8 767
20 728
7 285
3 843
14 368
14 881
23 307
5 722
1 470
28 678
11 550
0 842
11 883
23 701
18 214
14 906
14 645
29 494
4 799
9 784
13 609
7 219
3 307
14 782
28 604
11 317
12 922
23 215
13 982
15 827
10 431
7 632
17 547
22 676
20 213
17 508
11 244
3 686
25 854
25 258
17 512
15 294
27 318
12 946
1 766
26 687
23 483
19 994
5 460
4 835
25 627
4 307
8 586
5 755
7 557
27 445
15 919
28 642
23 923
28 248
2 772
22 457
22 743
18 327
25 721
7 506
8 474
1 714
28 615
3 753
9 315
28 776
7 660
16 983
26 671
6 584
18 246
19 400
6 606
24 311
14 442
28 960
1 200
22 388
16 663
18 990
14 951
8 479
20 556
28 793
7 607
10 585
11 242
26 402
25 447
19 821
25 761
1 618
0 279
18 314
11 895
9 325
7 275
3 943
9 527
10 521
26 287
13 859
9 797
27 575
16 725
21 331
16 552
9 934
13 259
26 627
28 797
8 218
2 912
9 380
18 319
2 358
22 848
14 985
5 391
21 990
1 727
0 227
1 446
17 421
3 960
27 915
5 514
28 912
5 893
8 356
28 343
7 399
4 913
18 788
0 782
5 235
6 395
19 501
15 723
25 457
22 470
3 969
1 776
18 705
7 785
6 547
12 994
29 556
14 554
19 640
12 891
13 371
16 418
1 724
15 719
25 820
5 729
4 252
8 786
12 237
12 796
23 578
10 388
24 462
12 236
9 810
15 964
12 639
3 712
5 207
14 531
15 377
18 484
22 735
14 739
15 532
14 562
22 334
4 669
6 715
3 348
21 961
3 953
2 840
0 895
10 493
22 534
29 366
29 385
3 714
9 538
4 935
14 369
8 788
3 772
24 206
13 656
23 545
24 261
11 339
1 987
12 257
2 953
16 955
17 628
10 462
23 595
17 956
15 251
15 745
1 394
16 890
3 731
4 801
29 309
4 354
6 491
6 552
23 882
10 538
1 700
2 346
13 412
16 429
1 662
25 853
26 902
0 685
0 761
16 309
23 953
16 307
7 363
14 900
28 569
13 560
26 446
14 819
25 844
20 643
1 608
7 635
18 558
22 736
26 853
10 691
25 770
29 681
29 753
12 585
29 526
29 322
28 638
1 271
17 852
20 786
22 291
25 359
27 870
8 598
1 979
6 742
20 453
13 454
28 901
13 236
9 760
5 955
27 880
13 561
14 620
11 544
25 319
6 538
12 568
28 602
19 656
17 743
16 667
27 469
4 919
16 266
10 346
3 668
4 568
18 465
5 278
22 839
18 794
20 325
14 458
14 998
23 800
10 883
4 672
22 347
28 816
12 860
9 796
4 1000
12 557
8 798
20 921
25 653
24 698
18 366
29 820
7 760
24 629
14 639
8 592
9 532
20 424
17 825
10 464
11 524
11 574
6 575
21 851
0 294
5 701
23 361
26 772
12 497
8 385
17 646
29 362
6 776
4 616
17 935
14 835
5 793
18 317
29 885
11 649
13 831
21 913
20 702
13 340
12 728
18 575
9 635
27 370
18 314
12 275
8 969
20 373
27 304
9 834
19 381
17 432
20 204
10 921
7 930
24 904
7 540
22 512
21 499
26 663
24 369
16 672
10 377
29 409
7 667
18 216
7 441
22 691
17 331
26 919
13 811
20 895
24 392
3 370
22 349
7 959
10 796
3 482
18 725
24 310
4 860
6 429
22 602
18 343
25 986
19 932
9 550
18 447
11 498
7 633
12 941
24 436
3 437
8 217
9 525
26 303
3 525
18 913
0 933
23 764
21 527
14 262
9 986
10 364
0 247
21 913
28 439
6 812
11 932
12 460
1 307
3 963
3 788
29 963
17 838
28 524
9 655
1 624
19 979
27 974
25 348
17 607
3 458
2 307
25 727
9 697
28 821
15 745
11 381
16 856
9 404
17 369
4 493
13 386
6 859
14 599
15 270
21 886
20 290
10 643
8 750
0 937
23 778
5 521
25 709
1 819
2 935
28 916
28 795
15 387
25 469
19 960
2 317
12 628
18 909
7 666
20 248
3 665
27 426
23 980
22 371
25 589
8 511
29 720
9 405
16 284
16 617
12 266
28 781
5 705
8 946
2 997
26 804
18 514
9 439
2 885
22 390
4 224
14 743
8 378
19 330
6 815
25 712
1 839
21 902
1 586
27 619
4 478
20 216
3 530
16 817
11 696
4 208
14 750
21 378
9 774
24 610
19 644
28 491
26 326
29 279
14 984
20 544
17 882
12 893
27 789
19 248
4 898
29 469
8 474
12 598
9 642
14 987
18 422
24 738
29 860
12 326
14 500
11 215
0 563
13 584
1 965
4 706
18 727
23 987
20 659
7 685
21 893
22 461
24 215
18 927
27 819
25 835
21 559
10 851
4 314
2 455
20 270
20 710
24 735
5 462
15 367
2 530
18 392
7 547
19 835
28 824
27 838
8 694
19 966
26 207
4 288
20 354
14 833
18 493
17 448
15 470
10 698
28 718
26 717
19 383
5 721
12 532
12 823
7 823
15 494
22 233
20 978
6 559
13 636
28 682
8 794
28 781
3 396
28 214
9 394
21 411
18 931
25 272
1 316
5 751
12 691
21 880
9 513
6 615
20 897
16 778
16 660
12 453
26 374
7 895
17 832
14 248
1 641
3 791
8 909
10 265
19 660
20 679
17 909
0 251
27 524
5 627
26 305
5 947
8 581
29 785
13 479
0 638
29 978
6 232
1 323
2 352
25 207
21 339
5 999
6 890
19 373
1 573
23 738
9 716
2 358
25 768
25 691
20 802
0 539
25 925
6 331
6 543
5 916
29 921
11 510
1 519
26 965
29 632
1 247
13 556
6 347
14 376
9 266
12 321
5 559
1 458
24 689
28 268
6 293
21 215
19 538
2 676
17 247
28 594
9 577
15 696
28 859
28 742
22 743
7 936
2 839
14 983
0 577
28 670
6 674
16 805
11 333
21 240
26 365
4 531
13 459
4 367
19 403
22 404
21 629
19 885
27 886
0 493
6 985
15 528
13 463
3 630
0 439
14 875
0 286
26 894
15 317
14 684
4 887
19 898
17 746
23 471
20 821
7 865
8 889
15 713
21 287
16 614
19 691
6 620
1 572
9 325
13 318
27 632
14 421
21 724
3 418
15 353
8 740
1 880
9 504
21 536
7 839
9 772
4 275
8 337
1 479
8 512
16 653
28 422
0 299
25 787
4 588
11 309
0 219
25 736
29 739
1 674
14 900
12 768
26 418
16 238
16 301
9 859
19 638
14 895
25 587
2 964
16 985
4 941
29 486
12 474
20 448
17 744
5 576
17 410
15 216
5 508
12 463
11 704
21 869
11 538
12 537
7 736
10 287
12 808
2 949
22 861
8 445
0 460
18 703
1 309
22 601
1 436
6 205
15 214
8 739
17 672
23 500
18 932
3 602
27 227
13 846
1 445
20 727
28 696
27 589
3 911
11 712
11 616
4 503
18 902
5 886
23 742
8 476
29 648
26 482
8 517
28 781
1 827
17 557
26 798
16 259
1 743
19 760
16 814
17 351
15 764
5 375
7 982
29 220
8 955
8 644
18 995
8 282
9 850
5 204
28 462
17 845
18 873
29 711
22 798
7 387
0 718
25 886
27 660
16 258
5 791
19 573
10 711
18 747
16 928
27 637
10 411
27 754
6 922
16 778
21 362
8 665
25 929
6 473
9 901
1 814
16 508
26 781
4 699
23 311
4 213
3 864
22 859
22 223
29 968
10 387
18 527
19 449
12 875
1 395
20 675
24 733
0 946
29 474
3 611
3 730
15 891
26 425
26 870
8 705
11 346
20 889
4 871
19 255
19 857
22 451
14 876
25 311
26 658
28 394
1 897
14 990
3 410
9 493
18 212
15 946
2 685
0 491
26 578
9 291
26 450
21 861
21 484
26 691
28 286
20 544
17 857
4 259
27 339
2 555
9 486
6 234
7 693
24 873
14 934
20 809
14 767
28 275
13 433
10 780
26 416
18 216
14 618
8 766
27 202
20 210
24 988
5 705
26 940
22 524
4 580
8 627
17 447
14 208
26 748
19 226
10 859
28 610
20 289
17 204
14 414
29 972
16 948
20 456
13 604
2 226
20 965
27 757
21 746
6 775
7 545
18 273
29 433
18 918
13 303
24 641
27 713
7 450
22 762
5 861
24 854
29 846
20 800
23 831
29 719
5 385
18 582
5 311
7 350
29 975
15 304
19 665
14 764
23 663
19 408
26 378
27 700
15 437
12 482
2 653
1 530
26 871
2 669
12 761
3 637
20 681
10 601
17 372
17 839
29 783
12 561
14 339
11 244
15 343
23 306
14 539
1 949
8 695
11 320
15 650
1 928
13 294
18 989
29 857
1 219
17 927
29 997
14 924
0 448
25 471
5 829
18 784
17 564
12 432
10 938
8 568
10 580
15 436
28 252
17 989
3 535
19 755
16 893
15 985
17 470
8 971
12 846
14 702
10 287
28 485
18 560
0 808
15 625
24 333
25 842
18 649
20 637
23 620
21 578
23 988
2 839
14 903
5 477
3 311
21 242
28 831
6 395
19 980
2 541
3 399
12 423
1 991
29 835
24 965
2 957
11 944
0 703
20 227
6 253
23 934
27 737
20 253
29 873
20 716
6 241
23 873
25 515
0 716
23 809
21 281
15 703
2 289
19 612
24 719
0 406
6 733
20 346
16 949
15 205
24 667
29 402
25 688
9 820
4 527
8 532
17 689
2 625
3 372
19 783
21 938
18 400
15 418
25 611
4 850
24 810
11 693
0 555
17 626
9 346
22 683
19 385
16 682
25 940
8 521
23 429
10 554
4 581
4 820
1 493
11 395
6 636
14 621
25 930
17 497
15 953
29 834
13 419
17 318
27 704
28 298
20 999
20 964
23 730
0 862
18 743
14 594
10 694
16 516
10 841
15 927
9 881
12 324
12 562
22 439
29 325
17 247
11 806
9 544
21 715
27 634
4 233
19 240
7 922
1 442
21 323
18 418
13 662
3 380
6 529
10 705
18 359
29 911
12 996
0 949
11 790
13 840
9 590
19 363
5 730
7 767
3 820
28 203
26 637
27 543
0 607
4 818
19 401
12 994
13 674
13 250
23 566
2 239
17 482
19 892
20 211
5 761
23 975
15 260
15 486
4 786
25 674
12 286
6 617
4 435
8 246
15 433
17 985
8 939
18 657
19 866
14 516
6 844
5 284
29 240
0 778
2 628
9 278
11 293
7 891
5 349
5 247
20 307
6 419
15 713
19 219
15 589
12 255
0 815
29 711
2 854
19 406
14 493
20 510
24 777
18 512
2 888
23 767
11 326
13 695
26 754
0 962
12 289
17 248
7 821
11 285
17 802
1 956
25 450
23 801
11 707
23 256
15 620
1 903
0 286
18 361
2 924
19 800
19 864
11 847
5 432
29 665
11 918
8 721
2 884
5 923
19 638
28 993
13 528
5 789
9 555
1 981
5 667
19 818
28 230
22 931
28 796
0 728
6 313
20 659
5 788
22 518
10 871
26 316
9 251
14 240
20 593
8 475
29 245
22 413
20 476
12 284
0 843
18 826
15 900
25 895
6 773
16 741
8 401
2 221
29 469
13 594
21 467
28 568
8 952
3 942
8 477
1 513
2 373
13 759
18 729
21 953
3 234
27 897
27 724
16 435
