2000
11 703
13 580
25 740
5 859
20 866
22 750
28 308
23 482
22 623
23 550
14 874
6 559
20 545
2 768
17 571
19 442
25 897
19 466
27 413
12 868
6 676
9 393
11 776
10 783
1 292
6 268
18 371
4 248
4 756
6 348
22 722
22 828
25 793
1 534
29 501
9 302
10 358
19 410
5 665
26 547
5 655
5 648
24 944
19 554
1 885
16 307
22 935
21 944
19 904
8 306
24 349
6 922
17 896
21 977
1 901
5 275
21 366
5 959
26 863
13 457
4 957
7 852
9 794
19 973
22 832
15 948
12 507
24 572
29 886
26 855
12 775
2 637
5 571
14 976
14 395
5 579
0 611
19 550
5 816
1 984
3 816
29 457
20 691
0 555
12 525
3 213
2 789
11 447
11 679
16 768
4 773
29 272
23 312
20 378
23 324
1 350
28 582
24 837
5 657
13 361
14 891
23 847
7 960
15 353
22 353
2 478
16 413
22 216
29 940
9 673
9 320
25 458
20 606
0 992
1 520
12 394
23 630
5 844
16 555
16 358
10 542
11 628
0 461
24 613
23 672
12 581
20 920
22 590
29 790
6 892
21 534
29 740
0 907
27 956
19 771
24 508
12 422
1 468
11 872
22 831
25 466
6 586
20 389
12 997
14 875
18 768
21 641
14 819
3 548
25 733
7 883
21 394
21 442
3 366
13 717
18 613
6 422
24 962
4 905
25 882
29 755
29 911
20 835
26 289
7 630
13 627
22 571
24 410
13 778
14 687
14 308
8 750
21 643
10 265
27 603
8 679
19 835
7 986
2 808
28 417
25 921
26 567
13 916
16 295
26 297
1 835
11 486
8 336
8 216
0 468
3 802
7 438
12 465
29 247
9 866
2 878
5 512
1 288
12 567
8 876
11 913
26 575
14 707
24 482
4 995
7 711
10 259
9 426
22 692
24 325
26 749
14 957
18 519
4 404
17 962
6 677
7 307
22 409
1 950
9 483
25 825
6 479
24 263
5 443
5 624
13 350
5 546
4 889
16 1000
10 755
10 777
19 830
2 539
21 591
10 353
18 509
25 801
12 443
26 749
0 931
26 711
14 489
6 834
26 425
9 777
28 792
13 981
5 802
14 776
10 513
7 460
20 967
22 647
1 593
16 321
29 545
9 569
25 365
24 435
16 792
3 311
6 538
19 840
12 605
7 258
24 655
13 762
7 994
16 389
28 534
3 330
13 612
10 748
7 673
5 252
9 685
1 595
0 437
4 881
21 265
6 480
22 319
5 293
14 397
28 212
27 784
25 626
23 746
16 908
21 962
15 923
16 999
27 685
0 503
29 405
24 998
7 496
14 574
2 289
27 273
17 973
21 731
5 257
1 752
15 293
1 605
25 569
12 594
12 529
29 319
24 842
24 286
6 803
6 475
26 699
0 264
14 766
6 770
25 806
16 920
25 515
23 991
16 367
26 894
7 359
10 972
6 944
23 379
25 542
8 859
12 562
21 957
17 601
23 969
15 731
15 528
14 837
5 639
14 475
28 641
27 879
24 671
3 487
18 358
0 797
5 875
5 211
7 561
27 390
11 359
7 551
1 750
6 205
29 774
10 607
9 715
10 827
4 778
23 348
17 999
18 401
24 513
12 251
0 554
1 261
10 413
4 874
29 771
24 919
28 819
13 562
29 387
5 512
17 948
6 243
26 710
14 818
7 373
16 864
5 630
10 474
24 605
9 893
10 522
14 417
2 661
25 957
16 814
24 345
17 740
29 261
9 578
22 364
12 431
29 793
7 818
0 811
19 476
9 393
11 689
6 274
28 420
29 944
0 564
12 661
25 527
28 712
16 498
3 747
1 941
8 574
4 642
25 289
15 522
28 486
26 984
2 920
2 927
13 391
6 691
8 235
12 806
19 379
3 725
26 750
23 425
14 931
21 981
9 928
22 643
10 598
7 209
12 554
22 498
18 565
1 254
26 930
27 433
25 648
5 383
0 236
11 278
9 458
7 607
22 430
11 817
19 637
23 969
11 530
26 520
28 955
17 686
27 738
27 835
17 213
24 640
20 399
1 673
9 224
0 876
21 782
25 299
28 499
17 459
21 848
21 828
11 596
26 306
17 209
13 244
16 871
12 270
5 565
24 235
29 969
5 874
12 385
21 243
14 645
10 562
28 945
25 918
7 951
8 744
15 571
13 682
9 618
18 643
4 719
4 963
25 428
8 934
6 671
14 628
1 684
6 992
2 548
7 920
25 264
16 938
26 772
27 630
14 767
3 945
29 221
21 732
5 572
0 473
2 717
19 674
15 621
19 660
25 632
13 939
1 375
19 944
5 608
28 263
28 387
19 712
29 605
11 692
15 399
8 310
22 733
21 927
9 477
26 200
15 990
3 235
25 954
5 641
21 231
24 513
21 294
3 824
7 668
28 873
25 429
10 890
3 566
1 269
0 207
28 528
17 344
11 342
29 853
20 879
10 203
0 490
8 289
1 471
0 346
3 320
13 262
0 429
26 344
29 471
16 537
16 989
18 324
29 357
14 201
22 573
4 328
12 803
27 635
21 412
12 504
2 526
24 623
23 957
6 607
4 618
29 284
9 878
24 967
29 965
19 968
4 879
23 953
18 852
27 590
28 678
9 573
20 825
11 460
8 646
28 398
16 953
26 859
9 262
24 628
26 621
24 208
14 533
5 633
20 217
6 833
2 546
15 319
4 389
11 787
13 482
19 493
20 778
16 318
19 360
8 754
18 344
27 877
9 381
26 317
13 785
26 246
24 207
7 676
19 258
3 795
25 596
19 411
8 698
24 934
16 381
29 905
5 384
11 669
19 668
2 429
7 396
14 992
24 568
5 250
27 523
4 386
20 360
0 981
2 567
13 784
7 412
6 757
6 556
8 582
26 691
12 244
27 982
14 789
24 295
26 734
2 344
24 599
29 840
16 838
1 578
5 789
5 799
21 770
7 498
20 874
5 513
26 275
6 603
27 990
29 227
17 898
17 727
2 602
7 835
18 655
13 476
16 352
17 323
6 645
26 528
8 679
22 202
9 296
29 672
6 372
10 300
28 205
17 241
13 285
27 442
14 817
19 988
8 640
26 450
12 259
11 233
23 582
6 903
7 261
2 212
9 211
0 790
27 885
5 683
19 338
5 928
19 819
21 511
21 401
26 730
11 883
5 369
21 739
23 530
25 367
12 628
16 237
25 496
21 334
6 703
26 969
18 220
25 312
18 460
3 462
11 641
21 909
5 317
7 228
8 541
26 527
0 695
12 397
12 374
20 733
25 554
7 469
6 476
28 355
12 955
3 715
12 781
23 975
28 924
16 952
0 316
16 967
10 262
25 503
6 614
9 911
12 791
29 629
13 224
20 556
25 345
25 923
8 813
8 226
27 732
7 630
20 643
12 289
16 825
27 1000
25 700
26 953
26 790
28 289
8 216
13 272
22 512
2 471
15 877
14 295
20 479
11 206
14 377
7 869
9 408
11 735
17 356
17 455
19 410
18 773
14 682
11 621
17 352
10 989
7 680
26 445
27 842
7 743
7 429
28 210
8 360
7 861
20 827
7 461
16 510
25 279
24 297
16 918
14 538
2 718
1 622
14 268
22 950
17 365
18 558
12 372
21 634
24 814
6 628
16 928
2 686
22 731
5 901
8 539
19 747
4 509
12 924
7 947
26 720
25 960
20 435
20 408
13 663
2 924
19 817
25 400
11 522
28 427
15 940
19 494
12 607
2 308
29 795
14 492
21 834
5 839
9 919
16 295
27 993
23 713
18 383
4 582
21 904
24 379
22 555
16 623
22 943
3 589
19 673
5 981
26 878
0 938
27 727
0 957
21 981
14 685
0 315
7 662
7 331
13 732
29 786
12 953
11 667
1 340
13 363
9 612
9 739
22 718
13 524
4 826
8 935
29 346
25 859
17 565
1 577
25 946
9 525
20 408
2 356
18 427
23 234
16 261
9 297
23 350
14 856
24 204
6 609
21 941
16 410
13 986
14 494
3 997
20 773
3 300
14 522
11 431
20 623
24 903
6 755
26 367
5 550
10 753
6 799
22 459
7 584
15 781
19 991
2 596
20 323
22 238
23 982
28 992
14 875
7 416
24 565
6 696
27 533
19 991
9 538
15 969
0 322
21 776
6 328
7 792
13 457
27 285
27 405
5 712
20 752
9 925
7 791
5 814
28 435
10 262
1 354
15 389
14 538
14 545
27 349
17 500
20 645
18 606
24 720
29 372
15 686
5 733
28 639
19 724
13 688
26 405
25 411
28 534
16 524
15 461
6 348
9 316
29 643
14 576
16 246
29 337
10 237
20 215
8 529
16 293
5 278
12 830
16 308
9 541
26 371
11 309
16 402
0 202
0 515
0 333
21 935
1 373
1 384
24 734
22 570
20 660
17 307
13 822
13 510
23 909
0 552
27 810
1 902
28 672
5 826
13 259
13 491
29 561
24 874
29 513
25 441
11 978
12 500
29 751
23 409
23 759
16 430
6 689
20 855
11 485
26 453
8 736
13 632
24 730
19 337
6 669
2 556
11 770
4 975
5 604
9 358
9 589
2 672
26 537
3 679
7 999
19 609
1 566
20 743
28 894
11 333
19 718
4 555
11 520
17 825
0 305
6 856
17 911
20 529
11 772
13 754
27 340
2 420
27 300
17 928
25 812
25 747
16 487
19 911
25 753
25 831
7 669
12 680
22 888
29 584
9 762
21 918
7 837
19 208
3 428
19 496
18 932
18 928
22 545
15 591
22 633
12 862
26 904
2 908
23 780
8 801
22 353
4 991
10 439
19 522
9 690
22 745
12 749
25 756
21 387
21 999
24 740
12 783
29 577
6 912
21 891
21 532
11 766
1 608
28 506
22 644
1 375
1 584
15 862
3 892
26 440
25 771
8 214
0 240
18 705
16 732
5 270
25 554
3 885
15 241
2 319
28 844
13 998
20 601
15 508
11 914
23 751
29 584
24 411
9 683
24 344
18 307
22 472
23 614
0 496
2 988
27 298
16 293
26 229
13 805
3 764
20 756
16 517
12 792
14 463
10 694
16 904
8 426
24 636
4 210
5 594
23 546
4 549
26 938
12 778
26 301
6 568
19 438
0 970
20 881
7 671
4 834
21 313
18 824
2 805
21 511
0 785
22 957
27 641
21 476
13 884
20 541
3 950
23 300
22 369
2 200
28 533
15 868
14 265
28 559
4 696
27 740
20 269
15 319
6 471
18 582
16 399
27 476
21 386
3 312
10 679
24 712
14 393
17 697
18 745
12 769
0 473
19 855
10 693
28 409
29 588
12 665
23 602
28 860
22 808
5 351
29 869
15 861
15 580
23 799
22 384
18 723
6 570
26 594
16 548
0 853
2 419
17 555
5 993
17 314
7 911
22 594
0 918
16 863
24 611
10 416
17 871
4 729
23 803
6 990
1 328
2 959
8 826
1 754
16 240
6 201
3 328
1 584
8 234
18 775
0 790
28 978
11 627
10 762
7 865
21 710
11 846
10 526
12 601
20 779
21 555
20 736
26 715
7 391
10 667
14 368
2 313
25 944
9 753
21 803
5 937
4 321
27 526
14 876
27 619
27 604
3 472
20 382
20 653
13 355
6 712
26 210
17 927
13 810
16 715
20 420
5 359
4 260
11 918
21 633
6 368
18 403
28 996
28 989
12 238
9 846
2 351
12 765
1 559
28 276
25 829
22 749
8 872
1 358
2 404
0 409
4 927
7 420
2 926
4 243
1 331
10 986
7 468
13 451
3 731
0 545
18 203
8 857
3 786
16 314
2 935
12 442
28 797
1 701
26 682
5 646
11 372
25 786
2 955
4 440
28 348
21 330
18 930
1 721
4 805
27 545
1 409
18 727
23 879
21 392
1 547
28 801
3 236
25 937
6 569
6 586
10 978
25 324
29 277
23 665
13 713
0 771
13 927
7 991
20 228
20 788
24 666
26 425
25 613
19 425
20 285
19 942
1 533
17 315
7 564
13 723
27 549
10 977
2 758
12 904
15 916
27 547
5 958
21 227
1 370
2 805
15 542
7 470
22 458
15 990
21 452
6 233
6 882
28 771
19 852
3 801
4 689
24 573
0 730
13 927
3 622
22 848
28 600
27 629
12 356
12 536
25 503
1 910
9 737
23 926
27 671
16 358
8 714
2 803
3 307
26 324
6 709
11 767
2 655
25 239
21 456
21 464
7 655
8 225
17 847
12 757
8 274
29 614
15 421
25 316
8 374
6 279
18 289
10 608
16 780
1 327
15 779
15 303
13 584
1 624
28 764
25 204
15 598
17 564
12 243
24 516
2 656
17 923
19 390
10 759
13 667
16 593
26 764
28 548
25 993
21 698
11 651
23 623
4 450
27 308
4 655
8 883
12 716
11 888
22 293
28 556
23 417
28 875
15 741
3 907
23 329
23 903
18 583
19 601
27 650
25 688
5 467
21 894
24 441
20 439
17 731
29 363
13 986
25 290
18 693
16 355
8 549
3 747
8 605
23 505
7 351
18 246
3 841
10 407
9 619
4 584
12 260
22 941
6 613
6 964
22 760
21 299
24 926
18 236
24 587
15 222
23 926
26 400
7 366
24 448
13 972
14 396
19 359
11 538
25 314
27 681
10 752
6 854
20 545
1 303
0 634
18 737
6 623
22 484
14 800
0 537
7 665
14 302
26 443
16 581
7 908
7 764
14 395
3 444
4 309
12 657
18 248
5 458
8 463
16 731
23 829
23 666
21 933
14 294
12 947
11 687
26 894
2 294
22 700
18 397
15 761
15 787
20 333
8 366
20 922
14 836
9 684
19 796
9 714
23 756
4 366
24 317
27 257
17 828
19 214
16 513
19 779
18 679
26 871
28 336
9 372
2 623
14 547
0 575
2 902
16 465
4 795
0 567
19 375
12 838
2 232
21 497
3 736
23 281
22 534
16 499
9 854
19 982
13 386
13 412
15 221
5 509
4 983
28 943
13 969
12 513
6 342
14 473
0 538
1 891
11 474
8 819
15 449
1 493
6 914
23 338
0 473
8 676
3 783
1 667
21 479
3 237
2 249
9 617
24 788
8 782
17 943
20 417
27 457
18 761
26 987
25 227
6 396
20 350
22 581
11 766
13 730
17 829
25 427
8 586
8 576
24 314
3 514
28 961
13 984
10 849
22 491
13 539
20 831
3 456
3 673
29 672
10 717
28 532
29 746
25 260
27 411
4 337
29 930
1 378
2 928
5 892
22 226
5 530
28 848
10 516
3 297
22 279
26 652
3 512
24 423
3 687
8 671
9 364
15 489
7 927
27 660
9 956
14 273
9 717
14 287
24 459
16 882
21 799
28 627
22 260
3 369
5 702
8 515
9 607
9 293
29 968
25 205
8 546
5 752
15 909
21 343
1 411
23 481
24 200
9 236
0 858
19 668
17 949
5 581
15 401
17 575
18 652
27 727
11 694
29 807
6 821
29 620
8 752
13 675
24 366
18 981
21 687
26 931
28 398
27 540
4 957
7 466
3 600
9 433
9 349
12 842
26 337
12 376
19 225
10 835
5 954
24 588
4 539
2 907
22 211
27 429
22 754
18 622
29 270
12 283
4 766
10 984
14 798
23 990
28 234
1 700
24 870
15 897
13 947
21 997
7 508
4 659
15 888
22 871
19 942
15 474
14 584
12 738
16 302
25 417
14 335
15 228
24 696
21 278
3 852
28 642
29 811
6 439
22 733
3 824
29 420
29 931
17 694
28 897
13 618
27 630
17 943
17 771
19 568
29 376
28 326
5 855
12 796
28 432
11 901
14 714
4 350
28 316
26 619
14 627
4 858
21 691
16 850
13 861
9 830
23 207
2 630
25 940
10 948
19 664
21 203
23 663
0 522
15 409
11 286
12 677
29 456
20 511
11 348
25 355
21 262
21 869
15 214
28 450
10 959
26 911
23 997
27 719
10 784
13 847
11 640
12 693
10 756
9 269
16 534
25 510
0 213
15 432
13 217
8 292
9 950
4 561
0 652
17 636
29 611
18 618
25 323
1 945
17 859
25 263
11 640
23 864
13 416
5 322
16 710
14 291
6 330
8 759
4 508
17 779
7 610
5 683
21 447
5 708
26 200
9 664
11 650
8 505
29 374
5 880
0 263
22 566
0 752
21 661
12 774
23 897
1 611
29 685
2 797
9 399
15 464
18 372
4 800
25 661
12 786
18 675
16 531
23 205
24 737
4 738
15 917
12 818
22 651
28 761
5 930
26 792
20 362
8 774
0 466
6 771
16 872
0 965
10 633
9 590
4 434
22 281
22 989
7 250
25 867
16 681
19 389
21 356
23 247
7 933
20 602
0 434
9 376
24 615
17 200
4 855
4 523
25 554
29 680
13 955
15 240
19 832
5 438
15 215
10 841
13 753
27 203
16 788
7 336
6 435
18 836
28 668
22 732
7 759
21 881
8 716
9 466
5 203
28 509
10 305
11 995
28 690
15 609
16 392
4 354
4 771
26 223
15 243
12 232
26 756
19 440
27 999
2 521
15 362
3 695
3 911
8 446
11 700
14 845
15 347
4 324
0 317
29 794
23 822
7 269
5 408
5 818
25 999
10 786
27 274
10 865
9 790
3 236
17 443
20 842
25 674
5 252
23 972
2 944
24 902
10 544
0 744
3 932
8 612
10 424
29 728
14 694
29 848
13 388
2 480
27 965
4 214
13 791
11 691
6 355
10 828
28 269
26 687
3 850
9 275
27 794
26 802
0 279
7 259
25 710
4 363
11 324
4 865
8 767
12 640
3 874
25 757
18 895
13 937
4 908
5 688
10 680
13 216
5 866
2 966
13 905
2 518
28 933
6 304
10 884
20 439
4 794
26 490
22 870
17 713
4 855
15 707
6 694
11 622
15 416
22 549
7 621
5 846
5 767
5 670
25 961
18 848
5 318
16 783
1 748
25 391
29 904
14 367
21 715
18 497
28 496
19 242
27 663
26 292
25 626
23 996
9 692
