2000
21 957
24 536
27 873
19 283
23 962
17 779
11 501
26 827
7 861
2 410
0 881
27 953
10 675
22 316
18 337
28 433
11 557
15 904
21 619
2 480
6 685
21 592
8 647
9 974
11 484
11 217
20 540
29 311
6 800
17 526
21 705
4 856
15 633
28 963
15 588
2 475
9 763
23 367
20 326
13 296
19 792
20 420
15 475
6 381
3 363
20 719
5 760
6 463
24 437
10 431
28 611
24 313
21 254
26 628
19 794
19 470
20 241
27 288
19 586
20 234
15 789
26 308
14 793
15 474
7 911
2 603
20 322
13 352
28 249
8 670
29 863
12 563
7 377
18 397
0 694
23 404
27 954
9 780
6 542
6 753
17 693
5 413
15 309
23 943
15 989
27 745
29 411
11 268
0 839
4 958
22 883
0 653
27 349
14 924
15 269
15 436
5 257
4 522
28 839
4 709
17 793
16 620
17 927
6 965
11 741
29 943
12 664
0 604
14 891
28 347
4 506
4 809
10 846
27 798
11 447
3 648
21 269
16 437
7 473
20 346
8 994
23 658
19 390
1 370
6 910
21 840
27 730
13 541
25 356
22 786
17 686
19 360
9 922
6 697
14 500
18 935
13 704
20 894
0 814
5 338
26 980
5 411
9 610
3 365
28 662
8 202
14 205
15 412
2 857
10 907
12 518
29 858
16 251
8 892
0 791
25 467
12 360
0 914
0 830
0 574
13 206
14 988
1 951
27 299
18 230
1 905
19 997
27 360
23 853
25 434
15 249
11 570
23 579
11 443
16 774
12 533
2 329
2 893
18 266
1 415
12 276
6 513
8 464
5 728
26 253
4 971
19 510
13 963
22 408
17 839
13 586
14 812
19 620
17 999
5 893
27 876
9 223
9 866
20 598
23 272
27 924
7 225
27 588
15 639
4 237
3 390
5 450
28 874
25 505
2 308
14 641
24 240
23 684
14 870
16 254
22 396
7 499
28 655
11 459
27 498
23 720
20 747
22 406
25 843
29 735
7 1000
10 406
8 332
23 236
28 602
27 200
17 855
10 645
8 954
26 783
20 503
15 982
5 524
29 347
18 547
10 522
7 623
0 615
26 336
24 358
21 527
11 246
27 291
25 248
24 934
19 831
7 209
20 366
22 601
24 929
2 815
2 526
10 691
10 676
22 474
28 418
7 823
26 581
10 231
25 867
22 745
2 897
9 377
22 424
24 513
8 338
16 610
22 289
20 980
5 370
13 980
29 864
12 678
25 232
23 926
2 874
2 807
15 326
17 560
27 684
24 581
22 717
27 272
8 880
9 642
8 782
9 770
9 759
10 345
9 827
2 553
17 484
6 547
19 344
1 503
21 753
26 767
22 786
27 385
23 918
18 248
26 704
28 253
3 878
26 766
23 993
15 461
14 494
25 415
10 569
0 700
21 303
3 675
1 493
15 748
28 912
20 339
5 478
12 707
28 861
6 414
15 995
13 330
29 982
16 345
8 939
21 801
0 625
0 386
6 929
13 268
21 404
13 966
9 522
12 960
8 320
5 283
3 643
25 525
11 615
25 899
2 503
11 763
0 591
5 980
29 976
1 304
21 422
4 374
15 998
11 663
3 240
13 514
4 773
11 865
14 266
3 543
5 774
23 749
11 403
9 722
19 768
21 897
22 282
29 558
27 265
27 226
11 736
1 328
24 898
6 267
21 535
14 900
17 306
23 978
17 514
23 870
5 884
22 552
28 695
26 630
0 209
3 462
19 613
0 350
14 517
22 897
23 782
24 248
5 946
8 441
5 504
6 542
21 252
24 831
15 395
16 404
8 611
26 247
1 672
17 833
18 339
27 495
11 698
27 285
25 258
22 351
15 895
17 603
3 425
1 679
25 637
26 276
2 521
2 684
26 212
4 922
6 403
14 662
13 495
27 732
21 302
0 896
8 547
13 288
10 946
12 813
2 536
9 681
2 420
20 292
29 586
0 257
22 388
16 842
16 586
28 652
15 750
24 573
22 500
16 951
3 602
9 578
0 836
5 852
13 487
27 890
19 267
10 335
24 554
15 892
25 315
16 443
22 572
21 484
23 766
19 775
12 304
23 278
27 401
16 814
21 984
20 260
9 892
0 442
17 785
7 772
26 336
7 889
18 775
27 549
25 739
29 217
29 974
10 900
25 376
13 540
7 253
29 310
20 375
29 448
17 738
22 642
1 763
9 671
20 719
29 286
9 944
25 735
9 555
0 724
4 580
19 619
11 926
5 931
23 938
24 964
21 905
19 652
27 239
24 223
25 753
13 499
4 248
12 798
5 673
14 445
16 693
20 696
2 205
9 504
18 455
26 223
3 749
7 989
0 623
5 333
24 878
22 472
3 667
24 319
0 307
13 950
10 834
16 455
25 297
3 207
19 525
6 624
11 595
6 967
7 323
11 697
11 553
20 447
24 939
19 831
18 499
28 937
14 599
29 766
8 531
15 864
17 529
26 473
13 211
15 375
13 570
19 720
9 249
15 274
20 443
21 778
2 655
8 564
18 400
7 958
4 422
22 205
2 567
10 464
18 376
9 679
5 613
0 430
0 956
24 538
20 875
11 764
22 588
27 705
16 868
20 662
26 791
0 661
16 587
9 476
25 480
3 786
28 701
20 249
13 461
17 269
12 683
0 332
1 508
28 840
27 935
26 659
26 225
17 724
12 847
17 967
13 227
4 371
11 284
3 552
28 482
13 278
25 399
9 713
2 613
15 416
10 386
14 600
16 593
2 985
7 431
14 777
28 624
3 744
24 890
2 309
20 961
22 773
7 661
18 331
20 866
27 864
22 836
19 876
9 272
5 996
15 222
12 420
2 229
10 480
25 814
29 955
8 684
24 822
5 473
17 528
18 357
26 500
26 377
25 230
27 722
29 505
26 517
14 650
19 985
20 270
19 897
24 706
0 869
9 236
18 513
11 512
16 287
15 906
23 219
6 887
16 468
22 537
5 336
3 254
26 645
20 647
18 599
3 398
3 766
24 321
7 241
7 886
3 667
17 814
11 398
13 997
21 678
16 298
12 314
25 736
15 929
18 231
17 418
18 861
13 966
17 903
8 970
12 638
7 582
26 739
4 612
26 518
20 515
0 407
2 667
1 300
28 942
22 899
12 519
0 875
10 911
10 795
13 482
24 688
14 346
25 952
11 814
17 517
8 922
28 662
12 244
15 453
21 977
18 874
21 548
15 845
11 769
1 865
5 686
28 845
18 813
26 812
23 770
1 246
22 731
9 320
13 230
6 935
27 802
21 645
17 356
11 998
18 814
23 905
20 323
0 699
22 805
14 571
2 845
1 963
20 937
8 908
7 517
3 845
4 776
2 399
20 631
7 673
16 737
10 981
26 628
16 981
4 339
18 708
16 896
8 914
3 278
13 770
5 411
0 477
16 754
6 928
7 352
23 767
1 671
26 267
11 836
19 709
12 531
4 410
27 915
14 805
14 678
14 541
19 904
1 764
20 627
5 320
15 456
14 378
25 209
29 450
7 664
22 345
29 723
0 400
27 245
12 434
4 903
13 588
18 450
25 502
1 378
11 759
20 502
27 745
13 909
13 353
10 691
21 634
17 335
0 849
2 377
12 577
15 239
26 913
6 633
24 659
6 625
28 933
20 582
20 865
9 434
27 290
8 576
19 520
10 680
18 701
3 515
17 719
17 619
0 503
9 228
5 767
22 937
2 732
8 639
20 772
6 252
0 627
25 296
8 809
4 834
15 885
15 685
21 301
10 290
17 386
12 821
5 686
29 216
2 620
10 982
18 552
8 586
24 866
15 318
20 753
18 297
18 489
11 376
6 506
9 373
2 598
2 634
10 776
11 477
10 424
14 480
25 805
26 367
22 939
22 693
5 233
0 599
24 953
24 332
4 573
22 976
18 652
27 206
18 532
0 827
29 825
20 344
21 890
19 760
0 303
20 366
17 622
28 649
11 494
28 532
20 611
1 683
4 213
19 821
28 898
5 688
22 620
7 505
13 323
24 496
1 354
4 413
19 887
24 820
13 884
17 561
15 839
11 464
27 590
28 694
8 652
20 666
6 848
18 818
1 337
3 642
28 589
12 997
19 771
15 931
8 909
27 335
20 514
29 823
26 657
26 983
16 374
17 722
25 410
26 263
0 440
10 356
1 780
13 434
3 875
21 202
9 416
3 873
16 701
7 553
22 765
29 824
26 917
22 375
8 898
1 216
25 599
2 202
14 412
18 267
24 963
14 578
21 605
21 730
26 344
15 310
13 638
5 352
9 700
5 352
19 549
11 756
8 620
14 527
5 493
18 283
25 336
22 262
8 532
15 336
13 417
2 883
9 367
27 974
0 693
16 925
18 569
8 741
28 806
29 985
23 590
23 496
10 603
5 847
18 429
8 853
16 683
22 351
15 450
3 652
25 443
9 745
3 853
23 350
6 748
22 888
16 643
21 611
16 805
13 891
25 837
10 424
13 927
23 906
3 465
17 212
3 331
23 401
1 828
19 878
23 900
3 914
9 947
15 319
8 510
23 447
10 930
10 704
1 258
10 586
25 298
28 683
29 991
11 657
7 678
18 570
6 868
14 730
14 206
12 333
10 959
6 700
22 842
13 348
3 505
3 549
1 600
22 594
21 512
5 551
9 260
0 299
15 843
14 555
19 483
24 297
24 318
26 495
14 637
22 538
14 854
24 735
1 729
22 343
6 578
12 382
2 401
2 726
15 460
24 348
23 223
18 665
1 798
26 770
5 930
18 592
21 231
27 579
23 658
11 349
17 331
10 420
25 647
13 794
7 515
20 436
10 346
15 202
27 310
16 518
18 980
26 361
26 615
3 596
7 240
16 507
21 252
27 251
16 376
13 863
29 438
18 380
13 651
24 460
6 749
2 519
6 577
8 589
0 590
27 854
25 910
11 617
25 482
23 523
0 694
11 729
4 709
22 896
21 823
2 462
19 650
15 610
25 483
6 553
28 630
2 486
13 292
12 565
25 479
24 894
12 601
22 947
14 969
2 307
21 574
28 272
27 756
29 805
5 765
21 681
3 524
28 340
1 723
27 698
9 494
23 610
20 979
19 291
25 869
21 274
25 350
18 761
10 735
11 207
15 639
0 436
16 520
11 926
17 990
12 304
2 811
8 370
13 665
3 790
20 951
1 586
3 871
6 982
7 981
13 680
5 988
21 410
7 823
13 450
28 579
15 661
15 984
9 909
18 960
3 802
4 738
24 693
17 668
10 543
15 921
13 590
28 820
6 440
20 496
15 964
21 772
20 761
27 623
22 952
23 823
29 557
26 909
13 754
12 239
6 454
18 462
26 747
5 862
17 919
25 542
0 375
7 298
23 567
0 761
16 305
5 568
25 827
22 423
26 408
25 785
11 706
0 432
21 248
14 518
16 320
7 329
7 676
22 950
7 569
22 455
24 901
8 531
18 544
21 581
18 201
25 981
25 545
23 515
11 977
18 452
1 291
19 835
24 874
26 887
4 276
18 492
13 596
6 828
15 231
16 702
6 868
18 449
14 441
8 256
7 770
12 851
3 244
19 309
26 356
11 262
22 370
27 427
18 980
16 900
21 453
14 704
19 805
14 898
21 686
27 326
21 293
9 445
22 795
14 917
18 588
20 602
11 387
18 738
20 666
1 625
24 283
9 748
22 885
16 734
6 935
18 517
9 532
14 618
28 875
2 677
11 884
21 889
25 342
16 923
18 986
25 651
7 334
24 417
27 940
21 200
1 397
16 843
14 893
16 992
13 800
4 686
8 252
12 788
5 559
26 480
5 776
2 950
5 414
27 363
25 683
7 706
19 366
29 781
20 761
5 890
2 282
11 682
5 723
18 630
29 646
9 885
16 289
20 453
0 930
13 943
28 509
22 952
20 823
4 937
0 928
16 838
15 305
1 741
6 778
8 492
6 884
17 983
6 567
20 396
12 944
3 996
14 658
5 905
5 265
4 803
13 361
5 405
22 502
18 615
26 396
25 385
28 449
17 885
28 592
2 515
17 538
29 454
29 390
14 978
10 596
20 239
3 304
1 318
7 828
1 901
4 795
0 514
9 978
24 685
22 458
20 485
12 442
23 292
2 513
29 571
15 798
7 389
27 601
13 758
14 322
12 294
5 947
23 895
0 920
12 980
7 996
28 932
11 567
22 255
19 451
21 433
13 504
18 457
10 712
10 634
23 515
10 571
10 351
28 658
13 662
14 524
5 613
0 220
2 411
4 947
22 304
16 890
20 913
17 776
19 261
15 718
3 730
18 267
29 778
24 833
4 225
16 823
21 849
18 430
16 374
1 230
4 325
4 640
28 763
18 200
26 459
9 579
7 658
9 887
24 316
20 719
29 470
13 551
19 702
6 446
26 403
21 916
13 995
21 763
0 575
11 343
8 455
3 871
10 910
9 705
27 652
15 792
2 904
17 707
5 442
11 698
3 410
18 268
26 280
2 530
15 380
19 698
12 403
9 815
2 505
12 419
29 589
5 246
21 831
11 240
1 994
13 964
25 578
13 605
11 546
25 662
22 632
9 338
12 930
19 309
1 682
14 732
22 902
26 910
25 378
18 469
28 286
9 916
28 501
7 920
6 642
5 681
20 226
13 980
11 320
15 862
17 542
9 514
25 761
2 648
24 240
1 924
5 787
22 617
28 377
27 673
8 642
10 648
17 779
3 446
27 320
22 316
25 826
6 924
26 740
19 532
29 205
4 487
29 721
1 475
7 334
19 210
7 764
13 603
23 817
22 291
27 866
22 497
6 797
10 274
20 280
23 952
24 863
29 498
19 502
0 796
16 462
26 878
14 833
17 510
7 247
8 906
13 294
11 575
2 232
19 505
15 621
29 422
28 209
11 508
16 955
3 200
17 393
2 635
21 655
4 450
28 813
25 486
2 907
0 969
3 316
26 844
23 974
27 783
8 900
19 497
23 626
3 316
25 594
1 855
28 878
8 748
4 613
19 671
18 310
20 566
17 865
25 719
29 234
13 935
20 416
2 718
0 265
3 700
18 613
24 551
11 888
0 550
6 757
3 703
16 863
9 977
21 466
23 628
2 407
7 840
11 542
14 619
6 987
0 509
2 526
17 554
15 475
29 708
4 615
29 658
17 369
1 669
27 286
16 835
23 405
11 608
13 222
22 875
5 208
28 578
2 392
17 374
9 636
3 844
16 310
22 855
16 328
29 520
16 451
6 564
18 894
1 785
9 968
27 937
27 281
18 609
1 411
20 710
29 503
13 561
22 225
7 933
24 870
21 686
5 932
6 918
11 246
4 626
11 251
12 209
26 911
2 798
13 938
19 277
16 980
4 450
7 390
12 663
17 653
8 799
0 833
19 873
6 589
21 257
15 599
28 780
16 394
22 228
8 475
1 986
12 507
8 303
26 872
0 442
12 513
24 995
7 623
27 292
2 833
22 301
1 636
12 604
8 331
24 676
7 805
25 840
4 875
0 552
6 201
17 284
26 407
4 686
22 622
4 566
0 804
6 651
12 216
19 892
23 474
12 662
21 219
3 500
19 762
7 204
26 671
10 793
2 696
7 424
29 381
10 973
15 557
6 304
3 760
16 682
29 614
26 467
15 872
2 958
26 946
29 742
23 486
3 393
19 783
5 760
14 868
21 333
25 640
19 709
14 480
20 526
14 300
3 952
8 700
17 983
0 384
10 799
0 590
8 631
16 645
24 787
0 880
14 882
16 772
6 304
1 943
1 371
9 671
9 583
8 400
8 491
4 215
11 313
7 475
19 586
20 534
2 899
29 492
17 524
17 508
23 813
28 467
24 422
15 326
19 641
27 974
16 837
28 768
27 315
21 726
10 499
25 762
11 851
16 204
17 874
28 250
16 993
24 409
10 259
22 907
4 327
24 371
10 560
4 303
27 234
6 649
11 404
19 816
25 788
2 374
23 507
7 420
26 893
4 727
24 861
2 953
12 207
18 456
16 235
6 261
28 238
19 306
10 427
25 347
27 211
8 584
16 241
21 617
2 330
20 592
20 846
26 605
25 836
19 742
16 885
15 403
2 492
7 884
23 811
20 896
7 664
29 321
26 997
27 511
5 535
29 753
22 813
21 437
4 582
4 680
20 859
15 314
21 619
2 767
19 631
14 973
15 376
25 917
14 586
17 598
11 949
0 866
27 355
29 247
17 541
13 638
5 870
22 389
3 253
26 262
9 826
19 756
24 985
5 425
25 402
10 354
27 289
17 644
23 637
6 355
25 471
18 641
13 214
0 735
19 664
8 496
3 267
15 425
20 598
2 920
20 286
11 839
22 547
19 484
3 768
4 920
16 686
24 388
6 507
16 372
17 605
17 930
4 944
2 682
2 708
17 761
19 656
24 819
29 266
26 383
16 725
12 789
14 651
26 983
17 552
27 937
23 275
16 427
14 819
5 255
8 634
14 455
4 921
3 684
16 338
29 643
1 937
0 361
17 713
7 962
11 816
28 885
15 405
18 347
11 973
3 573
13 553
6 653
12 667
15 935
19 770
14 482
0 981
3 887
25 939
4 923
7 666
26 421
17 610
28 962
16 264
11 711
1 208
24 656
15 355
21 237
17 228
18 259
23 508
21 785
26 214
10 507
8 706
25 360
22 620
15 913
11 731
29 459
29 693
27 262
19 1000
27 838
12 307
12 888
2 268
21 1000
6 655
10 609
11 438
13 634
19 571
29 748
2 610
8 712
29 527
7 225
14 202
1 344
12 667
6 448
0 864
16 242
6 703
24 821
13 347
7 205
5 987
1 868
21 963
24 275
14 704
18 473
16 809
0 329
28 511
15 766
2 847
3 499
2 985
17 548
18 821
19 735
25 225
19 569
18 543
15 478
9 832
0 786
14 863
10 982
19 338
17 654
1 250
26 463
7 956
16 987
23 597
6 441
4 288
24 694
20 568
14 766
23 366
5 975
18 581
19 856
0 605
5 810
24 476
22 680
23 672
18 334
7 320
11 230
26 820
25 635
25 855
3 889
0 413
