2000
27 811
19 814
15 392
27 623
8 299
10 251
28 530
6 381
18 703
15 994
13 781
6 705
10 618
4 300
28 507
18 591
0 892
13 564
13 329
23 975
10 735
17 671
20 412
22 516
28 371
6 331
25 368
9 991
10 381
1 669
29 894
29 519
19 542
6 879
25 748
15 753
21 708
2 525
21 593
19 908
4 290
23 751
26 618
15 531
11 528
24 515
28 752
3 836
21 405
16 939
17 675
10 625
9 324
24 952
26 728
21 939
16 596
25 883
18 385
25 725
23 726
17 717
8 981
12 703
25 868
5 919
23 980
24 350
28 279
8 336
29 307
4 726
4 521
20 965
20 731
15 465
12 438
27 420
29 976
27 790
13 412
6 269
29 481
15 359
10 969
29 677
12 672
5 821
14 422
22 771
9 447
11 297
3 621
7 427
17 508
26 974
28 435
25 420
28 283
13 583
14 656
16 390
11 809
19 826
23 507
27 828
3 688
16 892
13 707
16 380
9 674
26 530
29 894
14 713
4 552
9 874
12 970
19 583
12 940
18 359
24 268
14 245
12 916
7 212
3 639
17 462
20 810
7 567
7 296
19 746
17 793
29 277
13 774
25 951
19 546
7 577
16 620
9 963
2 763
12 835
26 716
8 372
29 381
15 728
15 691
24 899
18 348
20 693
1 806
12 290
14 257
15 849
7 822
2 376
1 776
27 526
0 309
27 477
22 910
24 802
11 260
20 811
21 930
13 754
3 971
17 441
0 727
15 833
29 502
13 286
25 515
25 722
24 369
14 461
29 577
27 347
9 908
12 804
2 895
12 465
19 450
6 587
24 422
14 537
6 781
26 367
23 204
15 921
18 597
18 474
25 991
2 510
18 925
2 237
2 910
26 589
26 621
15 876
16 655
7 288
3 459
10 516
25 380
5 209
23 636
26 668
25 826
20 333
26 923
25 324
9 913
24 707
23 435
4 959
16 565
21 902
8 334
26 543
14 479
6 425
6 491
4 645
27 761
17 683
0 234
27 355
15 873
12 889
24 951
13 923
12 300
2 282
24 946
3 561
0 877
19 669
16 402
12 330
14 531
9 964
2 850
11 297
7 699
11 797
16 675
20 910
25 518
15 328
4 339
28 927
1 231
13 669
13 424
22 292
19 882
16 610
27 503
8 440
8 909
29 514
18 408
23 802
27 264
23 788
8 913
3 334
5 885
23 498
13 612
27 469
28 383
16 990
19 934
24 335
14 475
25 734
3 695
20 690
4 828
28 823
29 324
15 485
1 973
6 270
12 267
20 962
28 717
0 453
14 377
5 961
25 945
3 623
22 558
11 449
10 651
11 605
4 325
7 724
6 470
22 569
14 600
13 519
19 405
17 736
7 929
2 508
22 265
2 741
11 278
27 625
18 267
13 973
13 643
18 554
13 501
21 393
10 810
24 883
11 1000
3 554
4 762
25 837
25 329
23 717
16 917
20 360
2 989
26 218
11 669
3 528
20 453
6 847
27 912
12 386
21 370
25 652
14 991
10 344
9 231
2 416
18 931
16 419
5 264
12 265
5 339
28 819
2 546
18 666
12 448
16 744
15 864
28 589
27 865
13 892
23 775
4 707
22 743
8 502
23 237
22 851
9 814
0 654
15 355
24 625
9 689
5 284
14 285
3 714
22 243
29 951
1 455
23 985
23 732
17 888
6 446
26 312
18 316
22 637
26 681
11 596
7 222
20 999
28 473
19 960
16 266
1 706
10 878
24 724
28 830
21 294
22 274
24 954
24 320
11 298
10 576
11 713
11 733
14 380
6 227
3 325
24 915
26 680
28 553
7 684
15 961
5 445
13 272
14 454
28 905
3 956
28 780
26 902
20 247
26 355
22 712
23 746
16 551
14 401
3 841
28 286
27 719
18 298
28 981
4 483
14 213
8 792
5 452
23 450
22 700
21 640
12 916
6 503
28 270
23 654
9 879
16 727
11 960
15 550
10 921
29 571
12 242
1 354
27 662
2 332
11 861
8 229
16 474
8 558
19 691
12 513
0 296
19 647
2 539
9 619
27 502
18 317
29 222
12 817
22 595
18 360
11 737
8 631
7 908
7 572
0 682
25 436
28 726
28 969
27 489
28 739
23 497
18 557
10 302
8 358
0 902
17 809
6 368
18 654
19 629
29 557
2 340
0 536
27 939
11 521
24 385
12 325
26 227
8 735
6 911
29 644
26 297
5 446
3 551
1 221
14 860
16 900
28 332
5 218
7 615
16 857
6 788
14 936
2 772
0 545
6 256
17 740
4 937
6 210
17 670
4 683
22 597
23 246
29 460
25 262
21 625
24 852
11 905
21 588
24 997
5 730
24 915
3 228
22 599
27 834
26 896
28 777
15 792
1 961
1 890
4 338
13 206
13 810
6 918
21 563
11 842
2 715
1 203
8 649
11 656
14 629
16 787
26 259
23 371
26 347
16 979
20 218
27 840
22 824
6 344
28 956
1 298
10 536
0 499
8 831
2 815
10 998
21 239
14 950
25 757
7 551
20 866
16 289
28 497
13 993
8 753
23 393
25 745
16 258
5 580
13 784
0 324
25 375
14 499
0 544
21 772
11 294
1 637
25 732
29 752
10 672
17 384
24 338
19 992
3 445
22 292
11 635
11 270
29 820
27 311
18 437
14 552
7 645
0 846
16 763
23 333
22 561
23 842
7 590
5 468
13 481
25 566
4 312
24 381
7 229
7 369
27 697
28 234
22 832
24 920
22 319
1 889
27 893
9 891
24 927
9 669
16 611
29 292
28 262
10 251
13 643
9 246
0 203
22 826
12 705
4 946
1 460
22 653
15 234
5 631
4 229
29 920
4 796
2 552
21 713
16 834
21 469
12 877
2 726
23 723
27 680
21 976
12 830
0 394
26 905
20 696
16 566
22 755
18 391
15 805
23 846
29 407
25 444
1 261
0 256
20 608
6 639
25 426
23 298
14 260
28 615
10 342
18 750
24 657
22 804
27 497
29 821
5 353
11 880
6 358
23 270
23 859
12 536
1 264
11 221
7 876
7 613
8 837
24 958
2 821
16 865
15 881
9 929
20 999
15 726
18 870
12 791
15 369
10 917
4 218
15 628
29 993
11 851
19 892
26 688
4 839
7 701
1 722
0 411
12 685
4 399
23 814
15 993
20 1000
17 407
24 551
14 874
29 240
0 574
26 775
17 704
29 335
22 428
25 944
23 205
12 528
17 486
21 428
1 488
27 729
9 777
19 220
3 984
22 487
19 597
24 907
16 334
1 437
20 850
24 934
20 476
22 310
27 513
21 832
21 399
13 493
1 518
0 830
18 783
5 819
15 331
8 593
27 512
16 702
10 355
25 316
8 851
19 879
15 500
6 989
1 647
19 685
10 350
17 458
17 206
16 684
2 393
15 434
18 682
15 475
6 542
16 672
3 307
22 825
16 986
9 982
20 791
17 884
5 734
13 610
13 282
16 861
5 751
22 699
19 265
14 588
15 773
4 792
24 879
3 906
28 559
23 628
23 447
11 831
19 450
17 381
28 915
23 231
26 537
18 794
5 907
0 831
25 821
22 786
0 670
7 283
18 429
9 517
14 993
11 801
16 957
21 755
20 951
17 579
5 939
20 520
10 713
7 380
19 476
0 612
26 970
11 838
27 292
0 791
26 806
15 946
24 848
19 443
26 711
0 784
10 242
28 456
27 876
22 664
17 897
10 386
6 371
24 984
3 872
9 808
24 278
26 410
17 578
22 648
12 568
28 962
18 823
8 223
12 679
16 451
9 297
24 422
28 634
16 967
21 494
27 272
18 982
7 402
4 391
13 803
7 591
17 706
13 619
0 669
10 386
3 639
5 802
1 226
8 478
25 824
14 722
1 846
24 406
26 823
1 909
23 654
19 246
8 948
7 424
22 257
28 571
13 359
23 535
2 392
10 969
1 886
4 548
11 843
23 632
22 604
18 548
15 621
24 360
15 637
8 902
5 932
24 460
19 873
18 682
8 800
6 260
19 889
20 828
27 209
19 352
2 825
24 629
17 480
7 634
9 678
15 463
15 518
18 518
24 960
27 582
23 720
14 351
9 304
14 573
21 354
12 731
12 359
7 382
26 723
5 457
14 894
25 731
20 728
21 764
8 283
5 822
27 930
24 776
29 430
19 260
1 802
11 352
5 881
24 965
8 784
7 259
17 876
14 591
20 806
21 236
23 825
11 283
16 365
7 501
9 974
0 272
6 728
9 255
0 942
1 673
1 725
9 481
6 661
17 772
14 732
12 339
15 719
15 614
8 674
11 405
12 504
16 213
20 632
5 883
11 458
29 707
29 651
1 373
23 400
0 250
14 916
20 334
15 322
10 466
24 215
1 701
16 501
1 330
3 687
19 598
25 836
22 503
17 477
19 316
12 723
17 802
8 895
14 325
0 734
8 894
26 587
1 683
11 948
12 560
19 886
17 224
22 429
12 839
13 368
1 530
2 419
6 881
15 736
10 390
18 849
17 505
24 990
11 268
11 612
22 936
1 797
6 786
22 495
5 582
14 252
12 790
23 703
14 717
17 506
11 905
24 673
10 474
23 279
26 626
6 965
23 951
23 514
1 549
21 960
0 708
27 825
19 652
20 314
29 817
7 535
1 431
22 805
2 325
6 929
23 649
7 579
28 454
17 219
29 612
16 631
17 764
8 976
29 485
28 789
21 236
28 872
13 225
0 541
15 528
22 673
14 414
29 314
6 914
20 550
5 676
2 584
28 452
8 827
23 471
15 822
19 213
8 539
16 380
12 702
1 485
5 546
26 531
17 942
1 568
6 965
2 318
10 311
28 717
11 838
0 287
26 335
25 246
16 723
1 329
18 745
11 678
3 720
29 493
5 293
22 513
16 837
20 903
2 274
24 468
8 438
9 799
15 738
24 483
15 683
0 598
13 221
27 477
8 541
29 836
4 689
23 528
8 792
0 577
22 444
25 462
23 961
29 967
0 877
28 586
13 942
28 969
23 418
25 988
5 336
5 574
5 572
19 792
15 974
20 493
8 548
25 508
21 953
13 911
17 482
14 851
27 274
11 222
23 316
23 983
25 738
21 846
0 301
2 299
5 998
0 871
1 801
11 374
25 538
21 311
8 473
12 969
13 419
0 499
5 588
25 580
25 480
19 304
2 356
17 672
26 330
16 657
22 213
7 853
5 235
18 783
13 316
1 640
20 274
12 855
26 541
19 902
25 576
11 204
14 806
7 295
25 512
15 799
14 607
21 399
9 284
9 263
23 843
22 288
19 368
6 682
14 290
18 994
6 617
0 729
8 785
19 288
9 260
20 313
8 976
26 262
27 708
15 447
8 747
14 533
0 919
28 783
27 458
18 256
27 832
23 579
1 719
7 630
28 325
29 329
13 845
28 231
13 504
16 794
29 289
19 609
4 639
3 476
12 750
11 847
2 529
0 362
23 658
28 958
16 996
10 240
16 757
12 706
18 410
26 470
25 262
7 838
25 589
20 725
3 970
6 236
1 307
7 728
25 980
16 469
1 803
13 289
21 434
25 292
14 726
4 783
16 683
21 551
17 655
19 792
0 600
21 730
23 626
15 588
23 207
13 385
2 723
19 485
8 291
17 758
5 463
10 218
3 205
25 505
18 268
4 751
20 585
11 618
8 369
11 877
23 947
19 350
20 300
5 900
3 472
11 962
12 694
26 825
20 867
22 337
25 419
23 221
1 679
10 559
4 628
1 610
13 381
14 812
27 568
17 262
21 456
11 964
29 308
28 363
1 698
2 420
6 844
0 645
17 715
6 597
2 676
17 464
1 958
6 510
2 571
11 818
29 715
18 278
29 394
26 715
7 992
9 872
14 441
26 380
21 695
8 752
4 354
2 397
29 688
28 266
5 591
26 680
26 663
1 879
25 721
29 821
14 546
19 341
29 769
20 787
0 221
28 499
19 525
13 609
18 957
25 865
25 466
4 293
1 292
27 920
3 549
15 557
7 538
7 668
15 399
15 324
21 406
28 792
22 643
9 275
7 633
29 218
10 302
20 748
7 264
15 262
19 891
24 563
14 483
8 311
8 579
5 910
23 203
27 377
25 650
1 256
18 435
19 729
24 277
7 771
15 259
5 900
21 764
14 587
10 897
22 684
23 664
15 552
12 650
1 795
12 655
18 655
21 298
5 556
13 320
12 724
8 344
15 360
24 218
10 972
13 881
1 900
24 492
7 485
15 767
26 581
27 417
16 932
18 930
10 220
10 988
1 647
24 574
0 370
28 418
1 323
17 703
15 977
19 565
1 526
22 974
2 635
17 881
9 973
4 991
11 472
17 926
19 269
16 321
8 868
11 710
16 245
7 285
12 482
6 256
18 524
18 990
14 473
22 748
25 888
9 915
28 763
26 304
14 917
4 231
23 728
16 771
27 211
21 919
2 994
7 395
24 709
17 946
18 590
17 323
3 423
28 426
2 751
4 976
13 822
17 368
16 351
23 462
15 569
18 746
7 423
23 809
6 338
9 662
3 868
29 815
14 728
27 502
26 301
10 891
13 677
1 820
1 616
1 257
16 250
2 989
15 430
3 840
21 216
27 929
19 502
25 298
18 295
11 434
6 538
16 786
14 505
17 634
6 530
29 426
15 722
27 427
6 872
16 766
11 960
12 771
26 708
19 837
18 360
19 850
24 246
23 963
1 256
3 883
29 350
5 958
25 836
12 948
0 668
27 462
23 222
26 494
20 394
21 293
25 439
24 260
28 246
29 629
2 244
2 307
22 418
28 555
2 543
9 507
24 393
18 217
17 999
24 624
18 628
0 597
21 660
11 490
24 331
24 578
23 693
16 424
15 959
29 602
25 683
15 962
15 945
12 513
7 415
8 847
27 974
18 510
24 471
6 204
29 613
16 639
3 947
21 675
2 513
18 977
24 618
6 369
11 929
14 618
23 246
23 657
6 827
1 489
22 506
25 689
14 854
21 824
3 793
27 946
11 347
24 561
27 670
28 841
15 791
12 282
23 217
6 819
27 340
18 880
28 642
9 525
26 854
23 925
7 540
21 518
2 773
3 291
23 825
17 418
17 701
3 398
26 677
22 413
1 696
18 540
29 291
22 511
3 257
13 839
10 354
6 285
21 370
5 312
14 873
5 962
4 661
28 775
2 860
27 821
25 203
6 851
14 377
13 996
28 285
20 968
23 861
26 362
0 893
0 414
9 981
24 307
6 474
21 841
5 947
24 920
5 637
24 425
0 227
4 414
12 657
19 969
21 456
14 601
9 901
9 249
6 663
11 891
15 315
11 770
23 318
16 571
20 451
12 749
21 293
14 547
21 526
6 993
4 343
10 428
1 829
27 304
21 309
29 317
4 642
22 667
27 207
7 957
15 668
7 764
5 932
11 941
17 641
25 965
0 980
22 731
19 671
4 704
17 570
16 792
7 251
21 843
24 561
14 905
15 517
14 832
25 950
14 896
0 404
23 759
2 209
18 622
24 814
14 792
5 724
25 314
1 340
12 560
22 678
6 730
26 809
5 694
3 834
1 868
12 964
12 870
8 565
29 668
15 255
12 204
0 878
7 300
6 303
14 460
25 974
10 549
7 946
5 214
29 759
26 755
11 943
28 740
25 480
15 936
7 248
26 887
16 938
4 321
22 333
6 465
3 529
19 971
7 302
26 520
0 228
3 862
1 713
10 814
29 565
18 205
17 919
21 840
8 456
11 303
7 401
2 376
20 602
25 996
26 252
11 344
11 534
23 443
18 624
3 548
29 755
6 486
14 696
22 886
25 706
8 254
5 903
5 777
19 779
13 564
0 378
3 641
10 482
19 839
23 493
17 845
22 788
8 985
18 641
11 515
22 809
5 693
25 544
29 384
6 802
8 787
29 537
2 714
15 501
5 259
23 528
14 691
23 696
11 593
16 721
4 897
11 766
26 625
5 789
20 792
26 768
4 299
27 540
4 586
8 426
22 436
6 580
2 966
7 414
6 230
9 376
3 957
24 936
22 546
14 508
2 226
22 811
22 336
3 606
28 650
26 953
21 911
20 232
7 684
29 664
1 546
14 767
18 568
23 750
23 322
13 708
27 654
26 724
28 716
5 394
3 316
24 628
4 779
6 531
7 353
1 759
24 710
12 997
27 310
25 278
11 632
13 375
23 800
8 605
27 494
29 554
27 955
20 624
27 765
18 446
17 799
4 844
26 358
9 981
11 725
20 557
8 817
0 899
18 314
17 502
25 269
29 895
25 832
21 689
22 401
0 319
16 947
11 982
21 378
23 852
28 233
15 562
5 899
23 433
19 481
28 595
15 592
1 382
24 282
16 964
2 586
19 433
26 254
29 531
10 595
16 795
5 648
10 955
4 404
14 548
25 238
6 553
6 414
13 371
27 632
15 677
2 664
14 991
2 545
29 768
12 740
29 349
25 547
26 398
7 895
20 436
22 218
12 991
6 424
0 562
23 949
4 541
20 531
26 496
6 796
15 776
7 938
18 547
25 507
28 677
5 772
2 239
9 353
26 525
24 889
18 202
15 662
20 311
22 876
22 328
10 949
14 891
18 437
16 936
28 724
9 241
2 814
11 363
14 240
16 775
24 993
23 425
3 492
14 414
8 800
20 842
4 631
20 931
27 716
1 663
7 506
15 368
14 708
10 939
5 516
3 726
27 585
24 285
24 633
9 987
22 855
28 905
16 641
7 957
26 722
16 751
11 366
26 596
10 855
13 493
12 987
11 279
27 705
14 707
22 428
26 813
10 353
14 934
4 360
1 819
26 559
4 673
6 218
21 736
15 537
23 208
16 586
7 937
17 874
25 309
7 352
22 783
10 936
17 476
0 271
1 637
2 444
0 555
20 771
25 947
19 603
6 351
18 492
4 571
8 282
29 374
3 823
25 241
27 383
13 215
13 892
24 602
14 856
0 628
26 900
6 832
21 554
27 487
0 914
11 266
13 321
20 606
1 665
25 553
6 908
18 903
0 539
0 326
26 906
13 524
