2000
17 663
12 364
29 303
16 687
0 963
21 976
27 366
11 569
14 659
19 540
28 211
14 821
9 209
15 461
8 354
29 365
13 224
21 596
3 291
3 707
15 594
27 540
10 601
18 829
22 354
1 909
15 765
8 836
4 564
26 238
20 886
4 940
11 625
7 208
29 713
11 208
28 860
26 933
20 619
17 384
21 498
23 723
16 596
29 580
16 793
3 770
1 223
18 803
23 934
21 917
24 788
21 755
9 827
0 636
0 570
27 523
15 918
2 915
15 245
3 948
17 756
27 571
27 637
29 578
24 690
8 221
20 916
2 673
0 439
14 974
18 511
21 609
3 529
22 227
7 742
9 440
4 473
15 458
14 601
29 333
2 315
23 780
25 265
11 543
7 955
7 716
1 268
15 846
21 852
22 652
27 229
21 852
12 314
18 644
28 436
15 322
11 892
25 337
15 537
12 552
3 388
12 219
25 224
0 741
24 512
5 506
21 795
18 856
16 907
10 671
4 605
5 551
29 322
2 440
7 696
6 499
1 616
13 806
29 738
5 983
20 374
28 224
3 940
12 790
8 392
1 985
15 488
27 655
1 436
3 456
3 691
20 662
16 823
14 983
21 665
3 604
15 324
10 319
15 247
8 242
23 568
3 911
8 784
26 307
16 905
7 589
3 579
8 229
16 288
21 633
14 840
18 227
19 688
26 826
7 540
4 290
2 793
2 808
6 785
15 915
14 836
3 974
17 730
2 712
1 704
8 666
23 619
9 527
22 246
10 212
27 276
21 448
16 867
5 325
6 777
4 645
4 448
3 473
9 562
27 456
7 237
22 953
17 753
13 665
11 312
16 465
11 205
20 375
3 691
10 643
11 392
25 337
26 318
21 414
0 376
1 990
18 879
15 896
8 247
5 283
2 815
17 910
28 773
24 738
29 657
27 384
24 323
15 487
14 269
11 738
18 411
0 233
23 481
12 765
29 557
6 477
5 487
25 411
25 337
4 231
3 441
23 958
4 983
24 348
24 688
3 982
15 246
7 878
18 315
1 234
24 835
27 661
18 431
3 318
23 993
6 417
12 381
14 821
21 656
7 513
7 207
14 257
12 687
1 826
24 842
0 262
26 363
24 529
11 815
26 482
23 538
20 968
20 911
17 987
12 323
12 345
4 519
24 979
26 844
9 895
19 520
15 246
0 606
28 212
29 868
24 971
5 441
23 829
20 632
0 323
0 575
6 650
3 854
0 588
21 305
1 749
16 993
4 939
22 608
13 693
9 847
29 371
19 696
5 841
2 956
5 267
14 517
4 629
13 983
18 582
26 874
22 914
12 347
25 208
8 350
14 448
11 982
5 469
2 311
28 303
17 365
4 200
5 831
14 720
0 827
11 336
11 736
25 344
16 634
22 312
10 914
18 469
24 413
4 247
13 357
5 599
7 631
9 324
20 241
19 952
0 788
8 866
17 969
26 622
1 410
12 644
7 675
1 655
4 672
19 829
10 821
18 396
8 608
2 770
10 883
21 656
4 244
4 765
23 222
27 663
22 570
6 534
17 559
5 447
17 542
3 638
24 500
29 728
19 881
22 380
3 771
18 288
18 398
3 951
13 530
2 300
13 656
24 748
16 700
19 523
22 674
28 641
6 968
24 583
4 478
27 232
17 874
3 352
11 396
1 317
4 510
16 201
18 220
7 456
1 406
3 736
1 996
10 201
8 642
5 619
15 659
17 780
6 782
6 486
8 779
6 303
28 998
15 221
7 898
2 629
7 499
29 941
16 329
17 724
10 587
0 893
13 549
24 736
24 890
8 378
4 221
22 525
15 208
14 528
25 251
22 769
4 775
15 987
20 912
22 422
22 253
1 747
9 445
4 511
29 714
8 935
20 443
27 214
22 864
25 642
12 974
13 521
25 367
3 857
17 211
24 781
5 296
11 858
0 705
19 814
19 764
29 358
12 509
17 337
29 778
21 742
15 601
14 772
27 836
0 548
3 259
18 789
12 258
20 865
28 787
14 960
23 551
1 911
1 249
14 587
9 447
27 810
19 409
6 756
4 214
8 403
5 224
23 434
3 443
4 655
25 875
9 448
15 573
19 337
1 620
25 651
0 345
5 1000
11 681
29 304
7 733
10 477
29 248
24 919
28 448
8 917
7 663
3 946
21 489
8 987
22 835
11 892
29 544
28 272
8 429
19 805
12 350
13 277
25 201
18 613
10 331
4 623
9 979
12 260
24 505
18 447
2 491
6 505
8 435
7 368
28 950
10 357
18 611
14 321
4 561
5 995
6 564
25 830
17 831
7 512
26 468
25 864
29 900
14 315
2 399
24 596
17 310
8 991
10 353
18 270
22 234
28 721
22 995
18 873
26 592
13 425
12 954
22 488
26 981
13 775
9 671
17 846
24 808
24 682
25 825
10 850
15 221
5 339
28 412
17 364
23 400
2 530
25 262
21 258
19 220
8 206
6 489
6 395
27 494
21 976
18 239
13 749
1 279
22 823
4 357
0 432
18 898
20 456
23 829
29 473
18 354
14 979
16 323
8 955
8 970
4 945
22 623
2 471
5 819
20 972
23 636
8 767
24 240
22 312
18 201
7 290
27 968
26 464
1 620
1 963
24 766
2 913
9 938
5 553
19 469
9 203
7 887
12 550
21 856
2 560
11 589
3 399
5 550
2 839
26 628
26 964
26 663
2 417
4 912
23 533
9 819
18 916
28 300
9 487
2 463
23 682
0 363
4 605
0 719
6 633
10 332
18 534
26 735
3 719
6 263
14 787
26 482
22 997
17 465
8 862
9 720
9 324
28 958
24 763
4 953
19 567
8 994
3 718
1 976
16 893
3 245
6 935
17 214
9 615
20 613
3 680
4 440
26 298
14 298
16 205
26 392
25 957
7 697
28 252
4 667
11 981
14 659
12 275
21 516
9 550
22 864
0 269
15 320
29 918
23 399
28 689
3 650
16 483
19 658
6 718
25 244
20 899
25 654
6 414
8 260
5 257
9 820
8 878
0 472
25 617
16 331
23 241
5 978
14 410
21 339
6 294
12 970
6 805
29 527
19 663
18 587
13 936
0 935
19 831
19 594
0 289
8 572
22 913
7 891
16 875
6 200
18 443
18 438
27 930
4 917
8 860
1 801
24 779
3 809
0 522
21 901
20 369
16 501
25 931
11 502
29 448
15 937
9 541
23 852
14 378
10 810
6 759
15 385
8 280
4 569
2 266
15 913
8 363
19 535
18 453
12 395
10 359
22 424
25 735
0 872
9 490
6 964
7 930
8 903
29 283
24 202
11 584
14 528
21 679
28 342
27 262
28 552
1 583
6 238
9 859
2 862
28 285
19 869
5 992
19 452
11 297
11 233
2 357
23 992
8 863
5 237
11 349
28 517
26 525
4 228
8 906
8 390
8 763
27 538
12 826
3 929
8 856
22 846
15 867
25 338
13 412
5 934
22 778
6 338
1 962
20 666
3 795
12 700
17 360
2 252
25 272
22 358
4 619
22 239
29 371
20 367
17 296
11 921
22 211
4 940
10 272
12 226
7 478
14 718
0 835
14 255
28 406
6 269
17 430
3 366
25 268
9 786
21 589
27 844
15 290
25 639
0 833
18 691
26 856
13 391
1 624
28 681
3 446
4 975
11 874
27 668
27 758
3 512
21 959
17 464
7 923
21 997
14 231
12 544
19 730
21 578
0 417
17 897
27 424
11 752
27 821
17 470
6 217
29 673
28 827
1 916
0 516
29 978
20 853
2 818
20 614
21 643
14 619
21 544
19 387
24 707
0 977
11 768
8 371
29 682
13 870
22 610
29 383
27 670
2 494
16 455
22 292
23 502
19 686
24 755
21 900
23 824
23 587
29 583
23 466
23 406
10 863
7 228
12 995
21 949
5 769
19 599
28 571
25 218
23 429
22 506
1 543
6 647
10 328
29 556
11 476
17 596
12 220
27 211
1 548
14 739
4 275
12 591
0 889
6 469
5 363
6 687
20 589
4 804
17 275
25 781
5 628
21 635
21 375
16 713
29 675
6 379
20 804
29 663
3 381
18 731
28 376
23 235
9 900
14 983
26 782
23 709
28 512
7 821
17 823
16 328
23 631
8 214
8 700
16 975
18 521
19 604
17 912
29 889
4 629
12 418
14 736
14 905
23 378
26 600
8 864
20 264
4 297
9 657
14 957
13 537
28 485
15 774
1 354
17 715
2 560
2 669
9 237
5 745
2 962
5 798
21 732
23 718
13 576
9 461
18 919
8 895
15 301
16 986
27 387
13 478
22 941
11 900
11 995
11 923
25 847
14 729
6 975
3 356
21 200
29 985
11 269
13 459
6 564
18 867
23 710
10 396
9 398
24 327
15 943
10 609
19 789
20 448
22 705
27 747
13 330
4 398
5 605
29 670
8 741
4 712
26 463
22 999
22 663
17 877
20 574
12 483
1 542
21 715
29 709
28 992
16 423
5 577
20 717
14 776
2 551
22 973
12 938
9 906
1 626
21 587
27 327
9 834
18 539
0 892
19 653
7 816
11 861
6 775
21 463
28 734
27 827
18 384
11 214
22 895
26 501
9 747
16 368
13 312
11 633
22 484
26 565
26 614
2 643
15 827
5 524
7 274
3 337
27 402
29 984
17 791
19 832
10 568
11 233
24 955
21 233
19 850
20 425
7 385
6 527
17 823
9 445
1 392
13 574
17 723
28 398
25 616
27 356
24 812
21 262
8 437
9 862
9 540
26 965
12 452
15 786
8 982
17 849
27 423
9 471
16 807
28 876
4 732
15 574
5 377
25 830
9 254
19 203
2 633
12 611
22 510
9 814
29 506
16 265
27 210
28 862
18 262
4 912
2 584
29 798
29 830
23 593
17 502
4 906
21 375
25 403
0 736
16 984
16 268
7 526
25 663
2 620
4 572
2 625
26 937
7 208
22 446
24 933
21 316
24 942
25 281
13 813
24 251
29 624
7 557
10 259
24 782
29 314
21 280
27 956
22 246
15 506
24 401
1 845
17 837
29 954
9 518
21 310
27 763
7 467
12 570
25 506
22 235
24 560
0 633
4 665
25 436
23 853
22 480
7 667
5 346
28 875
16 852
2 314
22 756
19 977
29 733
24 246
26 614
9 442
22 265
2 805
25 845
15 775
1 216
12 630
3 962
13 916
6 676
15 226
18 969
21 214
28 910
21 386
29 733
11 320
11 486
13 895
8 941
28 927
15 740
22 529
18 762
1 534
23 576
0 560
18 218
11 648
24 243
1 372
7 351
5 994
23 356
24 594
13 895
8 448
9 629
25 844
17 395
23 399
24 292
2 765
18 250
19 656
17 666
21 504
15 728
5 724
3 821
19 718
6 426
18 324
4 844
19 215
4 210
28 504
25 305
4 807
28 240
0 549
24 543
10 798
14 957
13 756
7 999
18 423
2 362
27 976
20 769
24 300
0 536
3 571
17 750
3 359
5 201
15 963
19 525
29 879
16 504
5 992
27 699
8 919
27 917
6 955
19 259
28 392
22 342
4 402
19 910
1 457
10 997
18 298
6 554
27 415
18 861
18 608
5 442
11 483
0 472
4 501
0 841
22 730
13 580
20 594
4 817
1 513
1 868
1 505
11 971
11 401
16 667
17 569
2 609
11 896
24 535
0 735
5 603
23 669
13 825
2 662
26 311
14 900
3 777
15 783
29 213
18 526
4 741
11 218
4 264
17 764
27 358
19 263
22 306
20 318
17 719
28 551
17 900
8 306
16 850
19 883
18 407
13 828
20 258
22 306
14 721
10 910
2 479
12 361
10 708
11 928
16 785
28 246
7 282
3 210
0 683
10 902
7 673
14 221
16 539
24 637
22 870
13 257
17 597
12 996
17 865
22 329
5 546
14 571
15 942
27 640
19 546
20 791
17 873
9 537
0 418
17 279
19 706
26 506
26 266
26 516
4 276
19 315
13 442
26 669
3 244
27 647
17 636
2 482
2 542
25 859
5 863
13 293
25 250
21 473
13 953
24 293
8 819
14 499
13 551
24 480
9 306
15 437
9 834
0 815
12 448
25 930
24 401
25 484
2 664
8 837
12 553
6 293
16 594
6 374
22 802
10 475
5 941
25 347
15 347
22 570
28 904
17 456
11 283
7 959
13 585
16 698
14 666
13 349
9 485
28 617
4 439
28 810
7 459
12 217
1 373
4 751
16 748
16 382
21 880
1 738
23 715
2 467
8 726
27 509
27 719
9 469
20 223
12 714
13 633
10 331
22 350
10 751
11 857
13 806
15 398
11 826
3 247
21 961
18 622
2 577
1 559
15 757
23 540
23 659
1 430
27 487
8 783
4 675
2 977
11 740
5 200
12 242
0 279
7 298
26 471
27 632
15 693
26 835
26 878
27 441
24 857
13 233
8 803
25 961
15 971
3 460
13 402
7 206
5 249
4 203
21 627
9 745
11 283
8 670
17 881
20 901
28 997
0 508
6 615
1 869
1 201
26 344
26 343
18 629
18 512
18 634
19 454
25 338
21 693
23 941
16 715
19 270
4 247
9 759
18 237
21 995
0 541
21 617
17 732
23 536
8 626
10 457
25 954
19 396
3 403
7 446
26 717
11 279
1 233
26 759
20 530
23 363
3 411
1 430
17 436
14 935
8 677
2 820
9 358
1 439
13 850
1 983
13 758
13 508
16 200
13 389
1 419
1 359
20 723
1 883
18 523
7 549
12 755
27 416
2 426
19 850
14 463
14 350
17 953
10 544
1 389
2 577
3 921
3 348
20 365
21 614
29 717
3 777
11 852
17 338
3 416
7 761
15 622
2 493
22 298
23 222
9 558
13 864
21 998
10 792
17 458
12 385
27 982
25 736
14 954
18 652
3 581
26 449
18 805
13 716
29 636
1 550
15 582
20 505
24 241
16 866
10 267
20 874
9 810
28 494
12 703
15 211
20 592
28 528
26 656
3 613
18 578
11 204
7 938
8 876
18 728
4 943
2 638
7 639
28 515
12 939
18 250
23 342
15 422
18 686
24 607
9 276
0 966
10 633
16 239
4 701
7 715
1 545
1 831
29 981
6 797
8 415
13 926
3 979
7 648
24 793
17 803
26 591
6 450
26 995
25 502
16 650
7 368
19 834
21 1000
2 320
5 277
26 329
2 734
27 252
24 556
20 921
19 939
14 328
22 289
13 397
0 778
11 874
10 274
11 481
13 230
26 342
20 661
24 299
21 612
29 892
12 612
1 320
10 438
5 804
6 530
13 963
29 952
26 858
17 304
14 786
21 462
23 896
5 676
13 960
29 761
12 341
20 849
2 994
27 628
7 925
3 384
24 256
25 735
19 992
10 977
7 230
28 932
21 349
6 613
18 965
1 614
7 1000
16 902
26 991
17 459
23 896
20 796
12 600
29 363
26 515
29 729
11 705
22 414
5 274
0 922
16 211
10 950
20 975
29 843
4 714
17 421
27 598
28 647
8 299
13 770
22 301
21 907
5 717
18 257
11 967
6 913
25 474
24 796
23 679
12 263
2 528
3 764
4 648
17 296
5 213
23 997
3 362
8 994
14 684
16 747
7 489
12 420
16 350
12 538
25 695
5 331
12 485
10 480
20 547
1 696
26 427
23 788
23 786
3 223
20 666
14 373
1 654
12 365
0 720
9 562
20 610
22 262
2 895
7 386
1 929
2 975
26 348
22 534
9 288
2 844
24 581
26 541
15 436
0 259
17 897
3 303
7 753
2 342
7 779
17 626
29 363
11 482
21 670
16 570
19 533
14 440
15 897
5 258
11 424
6 293
10 466
2 534
24 535
7 434
28 396
9 516
6 595
5 579
6 491
20 391
10 650
11 384
8 905
19 967
27 296
1 650
19 237
0 600
25 497
18 762
8 376
13 861
24 438
25 248
13 499
23 825
22 357
27 606
20 720
3 219
7 344
5 631
1 206
7 451
29 760
21 379
20 435
17 665
19 997
28 526
6 338
5 635
9 288
27 731
14 715
19 290
4 487
25 355
25 965
28 592
6 460
29 240
16 915
20 924
16 610
17 766
7 302
7 274
5 278
9 600
14 780
28 869
27 222
27 312
7 232
14 356
28 675
20 581
9 630
13 588
22 376
26 332
6 787
25 255
25 766
14 401
11 204
27 335
1 612
10 414
9 937
15 540
4 213
11 540
21 841
17 963
10 615
22 326
18 483
13 819
12 936
14 829
4 295
3 858
17 966
5 446
16 272
2 460
6 634
15 659
2 843
19 888
24 289
8 253
14 923
29 608
7 619
23 851
27 956
17 803
9 444
19 626
10 422
22 830
12 668
26 446
26 742
18 910
5 812
7 969
19 363
28 807
23 390
5 549
7 845
29 554
5 636
26 570
25 565
29 944
24 338
10 909
15 855
20 861
20 680
28 784
26 249
6 436
13 351
19 926
20 808
6 405
25 859
21 979
17 719
0 549
28 718
16 768
27 687
25 932
18 755
17 360
16 951
19 621
1 625
26 874
6 890
4 536
13 956
21 554
26 746
27 728
0 503
22 207
8 559
12 942
14 747
4 723
9 281
16 550
0 861
21 934
8 351
14 494
17 495
15 954
23 202
0 264
1 529
6 870
11 952
23 429
3 216
12 268
4 438
10 511
10 393
24 395
29 731
11 931
20 286
1 331
18 750
13 942
3 468
8 457
2 596
1 269
28 858
0 421
22 569
8 810
18 899
12 501
20 236
9 583
28 335
17 265
14 297
19 286
0 367
14 561
23 940
4 868
13 266
8 480
26 899
21 511
29 228
21 229
26 684
21 681
23 220
8 404
18 862
21 439
11 255
5 351
26 814
0 577
5 978
19 803
11 901
19 954
5 695
29 828
20 765
21 832
15 966
22 739
11 592
4 457
22 983
16 428
4 602
4 563
29 879
4 608
23 301
8 920
19 735
29 580
8 593
8 530
26 263
24 386
22 239
17 544
5 649
17 298
25 269
10 331
9 655
2 501
25 910
19 258
14 800
21 939
12 325
