2000
23 712
23 261
3 573
22 252
21 476
27 242
21 466
20 766
20 972
15 633
11 222
12 386
11 970
14 935
29 421
7 738
17 602
0 599
20 637
10 292
4 575
29 549
23 607
28 534
17 273
3 399
25 540
9 618
13 673
17 876
14 952
8 551
6 565
6 626
6 520
1 371
6 841
16 959
14 917
7 436
3 829
5 700
18 583
13 252
9 557
2 571
24 532
5 871
6 604
25 857
7 965
10 843
21 660
3 209
9 726
20 951
28 832
23 219
10 649
29 692
13 945
7 946
20 287
29 387
4 899
0 801
1 393
20 304
26 457
12 296
2 627
8 639
9 314
12 873
17 387
23 928
22 762
26 596
10 940
6 914
2 973
5 524
1 844
17 300
24 671
6 468
1 684
8 789
9 993
23 374
0 402
9 615
17 560
13 426
13 872
16 382
29 361
8 329
2 879
18 351
14 711
13 572
2 801
3 329
27 980
5 934
24 969
9 246
15 480
9 215
2 272
15 206
27 441
9 879
13 920
17 487
10 512
8 909
11 427
27 986
27 828
1 552
17 499
1 529
17 497
5 765
8 280
20 506
21 557
16 601
0 519
24 743
8 342
9 487
6 413
28 468
0 262
29 378
7 495
17 833
16 343
25 776
24 507
25 816
28 632
12 248
21 531
24 557
29 622
1 377
23 956
23 490
8 290
20 291
3 384
27 631
0 936
1 220
29 484
3 249
15 270
14 401
18 985
10 378
29 345
17 881
1 333
17 889
23 773
12 704
0 836
10 402
15 277
27 638
2 380
25 543
24 311
11 250
2 843
18 783
20 547
28 599
19 229
26 887
2 884
9 218
25 660
25 847
2 934
21 895
26 765
5 469
28 839
17 826
9 805
20 712
0 252
3 541
26 663
15 818
3 312
17 706
18 353
25 774
4 430
1 293
2 815
5 593
14 524
27 201
16 603
24 226
2 363
3 414
10 977
28 726
29 829
1 354
2 414
26 327
4 807
22 684
12 448
27 936
0 241
7 357
20 537
22 418
7 771
17 802
0 582
13 666
11 589
21 663
1 472
3 893
1 654
11 385
28 999
28 770
28 533
0 773
6 655
14 503
8 535
24 288
24 671
0 996
24 872
29 469
24 343
2 674
18 422
4 766
11 645
13 623
14 295
26 656
11 575
9 233
25 918
14 597
8 852
1 538
6 586
27 463
29 501
29 616
2 497
22 792
12 553
2 355
6 689
28 741
1 340
15 725
7 809
6 480
0 912
8 434
27 697
5 935
15 539
27 475
3 643
16 383
28 290
26 665
16 249
0 875
13 485
15 908
18 826
11 571
7 753
8 562
15 649
10 969
21 915
15 365
22 965
16 594
7 692
12 739
12 257
5 819
13 371
26 249
5 401
26 228
18 761
15 709
6 571
21 427
27 218
11 274
18 403
8 501
0 256
27 567
0 950
17 291
27 452
13 809
9 700
22 213
0 683
19 207
16 941
4 472
15 859
16 972
19 730
22 441
10 640
5 546
19 560
24 455
9 386
27 686
9 313
0 996
19 677
7 264
24 700
22 613
14 415
1 539
5 266
10 484
25 371
4 261
11 372
26 240
23 750
6 723
12 339
22 721
18 530
4 522
1 709
10 956
24 911
14 838
13 279
20 737
9 995
20 902
21 291
28 875
22 899
1 432
27 517
12 741
17 403
15 313
27 530
27 861
5 897
7 286
29 344
20 475
13 302
13 552
25 355
8 325
4 370
2 563
27 552
7 422
15 841
13 606
0 729
19 909
14 669
24 651
17 768
28 217
19 959
14 727
19 345
0 355
1 543
0 662
24 362
20 293
18 388
25 397
28 857
11 524
5 742
17 801
0 329
11 662
21 873
22 634
0 281
17 597
20 711
29 674
26 688
21 692
10 620
19 650
0 376
5 399
8 792
23 824
5 560
26 280
14 950
9 658
19 730
25 568
2 724
17 334
28 834
24 971
24 994
29 795
10 242
21 947
17 750
4 826
26 232
28 857
27 736
16 616
5 623
13 836
28 237
12 739
15 933
5 286
25 440
14 493
23 426
1 242
25 743
14 215
29 797
18 455
7 813
0 385
28 996
3 811
11 308
6 269
1 720
18 234
16 806
24 652
21 972
6 365
16 902
29 526
12 220
24 812
26 694
11 429
26 237
13 360
6 320
27 545
11 266
9 429
0 828
2 247
14 248
25 813
22 619
20 283
12 297
21 378
14 225
4 314
11 654
17 341
16 725
3 785
26 251
5 773
20 974
4 968
3 808
21 890
26 446
11 619
25 690
19 692
9 230
0 233
18 525
12 549
23 353
14 889
0 540
2 479
6 419
9 326
25 619
12 550
6 852
8 255
14 597
25 721
7 528
8 829
27 354
28 878
6 818
22 754
10 668
24 623
10 720
19 868
25 293
8 298
6 591
29 680
7 551
28 476
18 880
29 386
9 360
6 555
18 397
22 300
11 990
13 875
26 520
29 276
6 850
19 305
29 424
13 922
2 894
6 371
24 249
9 895
11 674
26 480
22 433
27 923
11 273
14 783
15 821
26 854
9 601
26 708
11 619
29 814
28 388
19 237
16 989
27 796
15 951
26 865
15 797
10 992
7 444
20 440
5 913
0 391
1 575
12 721
24 569
29 210
27 933
19 295
15 996
10 603
18 208
23 201
6 944
10 955
11 981
2 867
24 395
5 625
18 528
27 204
10 473
4 465
10 517
5 246
10 763
12 266
20 398
26 484
16 858
25 834
20 872
5 476
26 302
2 799
23 880
12 466
27 273
1 863
9 352
0 327
19 428
18 286
6 773
23 292
3 412
22 449
4 797
25 455
9 416
16 506
20 767
23 716
24 729
3 470
17 437
25 658
8 285
26 588
17 521
10 898
15 305
6 807
20 545
23 428
11 496
6 523
27 388
27 944
6 381
19 242
15 263
16 668
2 469
3 981
2 831
2 557
3 559
16 357
3 887
18 913
28 268
16 250
9 913
11 738
9 858
23 735
6 609
27 903
11 265
27 633
23 921
18 849
19 426
22 330
27 916
9 423
16 593
2 783
12 540
2 233
22 642
15 600
24 813
6 865
29 222
17 685
8 833
29 627
9 341
3 484
11 496
27 334
12 872
17 371
2 860
11 404
12 305
15 324
14 295
21 364
5 224
7 504
9 885
23 577
27 662
10 690
5 730
16 231
15 378
9 261
28 475
20 318
18 738
23 574
12 513
28 492
26 958
8 520
13 434
11 572
0 292
5 418
16 423
15 654
8 249
14 605
28 470
4 798
7 431
9 474
6 204
10 608
21 296
3 270
20 431
14 709
20 970
15 273
4 949
18 950
13 501
10 437
27 484
20 790
17 539
29 634
26 271
19 322
18 336
11 217
24 271
4 479
27 308
1 268
3 600
29 660
20 937
7 284
2 767
12 291
25 212
7 618
7 656
6 536
9 841
23 490
20 219
11 310
19 839
20 346
14 603
27 295
24 416
17 293
8 938
28 391
14 557
28 834
6 666
24 775
14 596
8 428
4 816
28 318
12 436
3 628
6 758
7 965
16 584
24 311
16 954
17 914
28 727
13 756
9 952
26 916
5 811
1 461
18 616
0 785
21 581
0 903
3 305
15 685
25 914
12 615
13 638
9 550
1 724
4 644
16 465
3 555
29 220
26 287
17 945
28 440
18 622
5 709
19 421
7 965
23 463
17 310
9 384
2 903
7 299
26 271
7 982
26 317
9 513
16 616
19 693
22 912
9 955
11 466
19 652
22 890
12 411
8 926
27 308
22 873
19 287
20 965
22 530
21 356
29 848
6 320
16 481
19 858
21 471
4 331
14 958
9 286
3 994
26 737
27 205
6 468
2 429
10 480
19 693
17 426
26 770
13 320
14 802
4 479
23 685
13 257
6 461
12 955
4 488
17 889
7 234
0 952
1 229
1 208
18 350
17 917
2 455
14 408
14 324
28 334
21 929
24 593
21 208
27 365
1 856
10 899
29 905
3 280
2 420
27 457
4 836
8 995
21 732
26 418
29 365
9 598
3 616
7 702
19 696
29 926
9 701
26 963
15 645
10 772
5 544
16 547
7 819
5 430
12 874
17 468
2 860
13 507
29 734
18 973
14 369
12 541
29 356
10 363
20 793
25 838
26 990
20 572
12 894
29 973
3 567
19 875
9 260
1 657
24 336
9 926
25 309
15 857
19 828
3 403
13 530
2 461
13 331
29 613
9 960
26 778
3 349
24 416
2 848
15 286
9 309
6 637
1 495
14 886
26 415
2 653
5 679
19 248
2 885
17 783
16 721
14 469
17 972
4 815
18 741
2 846
12 914
12 938
16 971
13 517
21 281
1 628
27 346
14 320
14 386
2 415
5 293
20 230
21 419
25 651
19 467
25 575
29 770
19 304
3 575
16 676
3 508
14 712
7 248
1 804
4 916
28 466
16 853
29 948
28 210
8 683
14 646
10 571
16 397
13 853
12 304
25 467
0 741
8 880
27 776
5 434
25 881
17 442
28 784
1 469
1 790
14 469
24 231
29 814
26 843
28 205
27 753
3 987
13 349
1 317
2 938
16 326
10 244
21 738
3 360
7 992
1 281
12 259
26 851
11 902
19 730
26 276
14 660
23 544
13 454
11 273
12 743
20 611
27 666
4 1000
19 736
1 952
18 529
10 501
11 715
28 807
5 269
24 956
27 767
12 782
27 279
27 277
19 399
14 938
11 614
26 542
0 385
2 513
17 588
18 907
17 882
21 923
3 319
25 333
23 838
5 396
6 257
3 845
2 315
21 657
4 869
17 276
17 271
2 441
23 494
26 438
11 760
16 280
4 688
10 545
14 473
5 933
26 365
25 473
24 461
16 661
9 868
17 579
13 349
19 683
0 323
0 648
5 615
23 731
2 331
12 511
20 433
25 738
5 369
29 921
14 692
9 759
3 585
25 323
12 929
27 257
26 967
6 706
9 427
9 886
17 727
19 532
11 390
16 411
17 321
10 303
12 857
27 390
29 703
25 375
5 900
8 451
17 386
4 304
26 939
13 610
16 221
23 651
6 558
15 999
2 556
13 957
12 487
22 709
2 934
3 743
4 867
1 348
6 250
6 395
17 626
10 445
17 287
20 881
24 276
15 455
8 338
14 620
7 984
23 901
24 918
8 593
24 250
12 702
21 392
0 582
22 660
4 405
10 882
17 954
28 460
3 633
10 760
5 577
21 819
25 962
5 619
14 920
28 433
24 558
2 541
29 973
16 836
23 319
17 936
4 458
24 344
15 352
19 525
17 500
8 907
9 332
22 379
14 623
27 230
18 245
27 330
3 679
28 320
23 288
6 600
10 535
2 870
15 622
21 363
18 997
17 950
3 727
0 578
22 445
20 633
9 211
25 410
12 763
18 386
24 395
26 466
7 510
15 979
15 562
16 930
6 286
29 203
5 493
21 304
5 894
20 971
9 881
23 459
8 302
6 322
17 507
16 283
14 918
4 203
3 743
10 573
6 319
16 469
11 323
5 312
20 660
23 726
19 306
27 969
25 539
7 570
25 455
20 574
3 395
0 913
11 572
20 248
7 723
13 982
16 338
1 588
3 976
29 936
20 308
4 544
13 512
24 616
4 794
16 694
19 684
10 828
6 960
8 752
5 931
23 937
3 833
10 749
29 330
8 409
26 963
6 777
22 836
5 813
15 726
5 899
15 351
7 855
15 826
24 579
14 768
17 495
24 299
0 747
18 481
16 741
26 584
28 696
23 764
0 507
25 426
24 444
1 545
3 448
3 210
5 241
6 245
10 670
23 403
28 958
5 217
3 377
29 372
14 883
9 608
9 878
0 488
0 652
21 675
18 999
28 477
16 285
14 726
22 662
6 521
23 229
14 781
10 479
5 458
8 666
17 308
27 538
7 222
4 476
18 909
5 505
29 480
27 670
25 924
4 232
27 471
18 562
8 958
12 698
27 533
15 722
0 337
19 255
17 326
9 903
28 846
11 406
27 703
2 806
19 847
23 593
17 991
24 629
8 654
17 721
18 946
6 286
14 797
5 897
17 689
12 255
14 987
20 773
17 644
10 696
21 606
14 752
22 837
23 371
26 733
26 467
1 427
27 993
0 757
18 511
28 351
1 547
12 631
0 200
23 890
15 376
14 681
8 384
16 970
22 596
26 824
21 601
19 615
0 425
26 258
10 671
26 708
17 549
20 597
21 759
4 619
8 610
18 651
1 616
27 888
0 885
5 756
27 419
29 265
17 777
4 694
13 263
20 526
12 430
14 847
2 284
0 623
25 840
29 568
13 382
23 869
7 238
29 335
18 849
16 341
21 246
6 520
13 864
24 828
1 435
17 759
29 586
9 236
11 253
8 532
0 366
20 504
4 505
13 689
24 282
18 358
6 692
12 875
10 858
8 483
25 835
0 616
10 835
16 253
0 440
11 802
19 623
24 360
23 584
27 647
20 344
4 593
1 938
5 965
21 482
12 455
1 460
21 594
5 394
11 947
19 979
1 463
0 851
18 809
21 900
15 574
4 800
23 477
19 727
8 225
25 521
11 512
12 959
17 259
6 899
25 865
28 648
9 490
5 523
15 331
5 465
1 524
7 825
2 417
1 341
5 552
8 920
14 889
18 428
22 766
23 647
4 991
25 780
0 883
11 854
19 948
0 683
0 291
19 872
6 720
11 626
1 243
4 219
28 346
4 771
22 518
27 245
14 530
25 701
22 711
16 378
22 730
24 759
9 882
2 931
27 985
10 449
3 334
9 666
20 427
4 729
18 616
19 690
11 881
18 916
26 710
29 944
9 295
4 655
29 384
12 787
1 467
9 693
21 204
12 739
12 530
12 380
29 422
26 754
11 206
13 291
7 878
12 625
1 542
21 464
20 590
9 629
9 216
22 851
12 847
3 349
2 630
25 602
23 843
22 658
26 275
22 747
25 839
0 471
3 524
7 398
13 452
7 671
28 921
8 582
18 745
3 941
3 653
6 689
21 508
23 809
1 246
14 710
7 886
11 594
6 293
26 419
27 960
4 793
7 364
9 283
1 669
3 305
8 583
3 586
8 786
2 549
26 353
8 361
11 760
7 853
29 968
2 730
3 264
20 338
22 633
3 939
24 436
4 555
29 534
6 649
4 782
19 632
26 612
5 860
3 856
13 345
1 855
18 747
21 209
13 665
1 915
20 418
24 418
14 930
0 477
5 582
28 951
20 511
28 911
24 221
15 903
5 277
24 378
25 369
20 495
27 644
17 935
22 876
3 872
8 721
7 672
24 417
22 790
22 495
19 532
3 602
26 767
13 590
11 939
24 647
15 940
24 443
0 440
9 395
23 947
0 828
5 304
2 898
20 791
25 444
23 739
22 893
13 704
26 744
16 635
15 393
21 861
23 986
16 1000
20 435
16 254
10 612
16 303
19 461
29 844
0 908
26 272
6 237
10 462
24 973
2 290
9 879
17 370
19 442
28 700
20 497
15 554
10 823
21 333
27 989
22 834
2 902
22 590
28 699
16 664
8 732
24 627
13 510
19 274
29 689
8 322
13 599
0 415
21 726
10 893
9 534
16 737
26 441
6 398
15 208
0 346
19 876
29 524
19 904
12 738
20 200
11 996
5 993
9 285
19 759
13 424
6 443
20 948
26 863
29 320
14 456
10 457
14 825
1 939
16 524
24 354
18 876
14 634
28 504
11 476
10 265
16 547
26 276
5 784
22 525
0 402
15 402
19 511
12 844
12 205
28 598
28 397
15 428
19 201
23 512
19 735
25 992
17 935
16 228
3 553
6 958
18 282
25 373
24 550
15 263
24 657
23 305
16 831
5 284
2 654
8 374
3 210
9 372
29 813
8 335
9 236
11 334
12 729
16 719
1 753
18 861
22 780
26 337
27 373
1 486
20 573
15 815
4 652
12 765
8 373
4 732
11 932
26 632
0 310
10 252
11 701
5 752
16 447
6 604
8 697
12 748
29 991
27 835
11 300
16 907
17 764
24 395
15 668
8 566
16 473
28 662
29 913
16 575
8 785
0 701
8 508
26 281
20 551
2 749
4 432
7 601
0 430
21 242
11 873
16 365
22 824
10 232
21 289
8 352
13 361
8 289
24 590
4 513
26 525
18 628
16 678
16 300
24 650
13 514
27 563
9 799
0 678
10 648
14 297
21 224
11 883
25 767
6 850
11 605
23 806
24 605
7 393
2 803
2 373
19 482
11 792
9 846
22 528
24 447
19 392
28 924
7 887
14 967
20 211
28 269
1 447
4 416
25 528
3 510
17 294
0 1000
0 885
22 508
14 799
27 575
25 616
15 850
17 218
28 203
12 818
18 299
6 820
20 637
18 225
8 325
3 713
9 885
23 982
12 648
10 779
19 419
12 747
16 908
16 767
24 582
14 408
21 361
14 983
6 878
23 576
22 473
27 631
6 693
18 242
14 484
27 769
9 844
0 349
16 865
18 764
7 667
1 378
29 830
4 351
5 370
4 600
21 331
16 588
3 314
1 357
19 629
16 725
27 348
17 386
23 422
14 516
22 687
26 452
5 740
29 948
11 658
19 684
7 207
14 858
11 819
2 912
28 376
8 638
3 869
1 639
18 211
24 622
6 615
16 581
25 249
11 977
21 925
27 526
18 718
19 610
28 557
8 275
26 771
5 996
5 914
17 397
11 619
24 382
20 236
17 398
0 701
20 608
5 763
3 716
23 543
26 745
8 378
27 826
15 382
20 707
4 313
0 280
22 342
23 646
11 636
14 384
10 429
15 463
17 264
21 913
22 646
4 904
14 233
4 946
21 609
25 340
26 807
1 862
1 635
3 928
19 552
16 440
14 762
17 933
24 281
9 329
21 565
14 559
24 487
15 563
17 725
5 917
17 343
12 873
24 737
29 707
0 971
23 983
5 274
6 527
19 841
26 623
17 483
10 837
18 628
3 533
16 481
27 214
13 530
14 812
23 289
14 390
14 329
22 205
10 674
12 662
21 936
25 270
