2000
4 216
6 948
6 344
5 703
26 907
28 298
10 383
12 207
20 919
27 634
28 654
22 896
29 328
5 863
9 670
24 483
13 573
17 891
27 338
26 811
23 927
8 753
20 286
22 870
3 312
22 568
1 245
15 434
22 880
22 850
19 774
9 659
10 223
20 353
0 731
8 564
10 405
14 872
28 877
24 321
10 415
19 273
21 374
6 508
29 690
17 670
29 574
8 936
18 209
16 373
16 668
6 220
26 721
14 791
8 724
29 362
4 961
24 265
10 327
0 442
4 565
2 301
0 648
29 219
0 974
22 960
3 977
20 813
12 955
8 616
15 712
11 907
8 922
9 932
28 569
28 839
10 659
26 574
19 665
18 415
21 289
25 457
10 984
0 970
13 556
18 828
11 865
27 513
3 304
29 643
17 819
13 280
23 523
7 604
7 638
28 653
3 969
27 956
1 447
0 963
20 444
6 373
4 469
10 396
29 671
9 247
12 765
23 227
7 255
3 843
29 614
29 360
10 211
13 427
13 216
24 373
23 389
14 961
16 300
28 824
28 788
2 436
3 842
28 410
23 744
26 241
27 801
26 648
19 590
22 588
23 540
8 354
27 645
12 395
25 282
24 842
0 923
19 572
3 244
28 220
5 236
27 382
6 903
7 270
15 380
6 731
1 451
13 716
19 306
2 561
29 478
11 833
9 740
10 818
12 470
2 841
14 277
10 407
20 729
21 366
0 242
2 260
23 497
12 816
0 935
9 534
4 672
15 461
17 805
26 827
9 238
13 755
7 717
4 830
23 589
7 517
16 388
12 981
15 473
13 382
16 773
10 425
25 657
26 388
6 588
28 256
0 880
8 326
5 693
20 206
5 744
18 240
25 321
26 886
2 747
14 326
5 910
18 824
24 201
17 836
22 419
19 735
3 972
10 236
3 800
26 552
3 556
23 771
25 838
6 945
19 856
1 243
0 364
14 952
10 950
22 597
25 889
17 966
21 470
28 770
8 867
9 305
21 869
10 765
7 495
0 949
12 364
5 747
22 346
25 219
11 338
20 981
20 851
19 309
18 307
1 281
1 470
24 863
24 739
14 492
26 961
10 326
13 303
16 576
22 940
1 681
15 622
18 889
9 395
24 382
26 550
4 726
28 690
10 729
24 913
5 846
23 654
15 345
1 437
9 703
17 412
8 957
21 594
26 606
9 703
17 925
17 239
20 980
20 237
28 510
6 505
22 529
25 908
16 410
13 617
12 990
25 241
3 457
18 778
17 440
4 527
13 709
8 540
6 368
5 371
2 934
26 517
18 246
19 741
3 870
24 903
4 466
16 613
18 241
3 935
28 323
16 513
16 973
12 731
12 823
23 406
14 306
26 704
17 264
28 728
15 834
26 735
29 482
6 374
19 499
16 480
15 620
23 386
4 916
6 322
14 874
1 698
3 789
11 490
17 498
19 729
26 968
4 853
16 618
18 479
26 519
8 337
29 278
25 876
10 415
9 269
10 229
9 554
20 534
28 665
25 305
14 534
11 977
5 235
26 728
25 886
17 832
23 407
4 201
3 766
24 366
4 257
5 249
0 304
4 510
16 324
25 268
28 251
20 346
27 488
18 728
3 861
27 646
15 626
14 780
11 853
4 664
21 387
11 816
3 443
15 678
25 675
13 457
11 354
21 704
29 480
15 821
12 781
28 212
24 237
26 455
3 367
25 335
0 882
16 605
25 876
18 502
29 297
0 471
8 634
26 966
24 608
18 930
29 433
4 388
18 361
29 457
27 762
15 616
5 717
22 431
8 846
7 246
12 462
2 390
28 871
16 912
20 802
7 371
16 260
22 432
13 707
14 995
1 973
8 861
4 921
20 857
6 287
19 595
22 717
16 695
24 283
12 233
28 870
15 509
0 811
27 313
2 206
17 842
24 758
19 739
5 572
27 684
4 639
23 412
11 641
6 739
7 824
13 351
11 908
12 739
18 434
8 382
25 785
28 389
22 241
16 841
17 226
12 499
23 691
22 224
10 514
24 502
24 934
9 879
10 371
17 585
6 808
15 486
15 328
16 598
23 741
19 435
22 656
9 602
0 235
16 211
24 461
14 231
17 565
17 402
23 927
0 995
27 996
26 237
25 777
28 668
8 681
13 932
3 878
22 382
16 827
11 791
18 545
6 905
14 725
11 324
8 493
27 604
4 344
5 743
4 328
1 883
16 573
2 337
8 501
13 506
27 303
12 903
26 220
27 421
29 916
24 434
20 879
20 903
13 534
27 227
3 511
20 514
14 828
7 737
4 641
29 376
22 418
0 834
15 875
23 397
15 482
2 951
27 344
14 991
6 208
2 505
3 805
3 803
28 275
17 889
19 462
5 812
18 595
14 844
8 387
19 832
2 625
12 442
3 848
22 352
12 680
15 930
24 965
1 525
27 893
11 734
29 607
2 397
27 679
15 203
1 818
11 770
23 949
28 264
20 512
26 395
10 546
25 232
12 289
5 567
26 525
26 354
24 812
6 203
24 996
20 590
17 551
18 214
23 858
9 304
23 857
26 889
22 465
27 568
23 534
29 557
10 981
4 930
9 794
29 610
10 926
3 714
3 577
24 534
4 704
7 487
27 410
23 314
11 634
0 846
29 895
24 306
3 573
1 222
16 308
27 631
14 488
5 660
6 777
27 773
4 473
29 935
4 839
29 947
29 252
9 585
26 603
2 422
4 531
3 909
26 274
26 576
9 947
6 908
28 815
4 321
6 474
0 913
28 535
12 972
9 305
18 710
6 454
28 897
12 643
22 377
18 838
14 534
5 342
13 561
14 667
14 202
20 253
3 883
7 650
22 983
21 748
14 251
11 903
8 420
4 932
21 595
25 871
4 813
29 448
1 324
26 290
18 421
28 331
5 462
8 306
12 507
8 624
4 907
12 272
0 716
27 888
29 350
18 289
26 952
19 592
23 867
15 243
4 924
27 757
29 889
4 740
2 370
4 280
13 395
1 255
8 468
14 547
8 690
13 532
26 300
8 552
15 625
0 890
24 277
6 248
17 298
17 477
20 993
18 609
1 880
5 811
25 281
24 474
2 986
18 234
23 761
15 964
29 826
10 609
27 730
9 642
11 576
17 389
28 892
15 300
17 319
13 514
7 407
24 579
19 563
22 719
16 629
14 209
17 782
14 332
20 622
29 443
25 607
16 408
3 573
29 225
29 290
20 722
20 591
7 757
27 795
22 474
9 801
24 488
3 494
11 410
2 226
10 613
0 809
14 556
28 812
14 382
29 318
11 537
28 214
16 982
23 214
15 624
20 417
24 376
16 315
28 320
18 662
24 466
20 737
19 643
17 644
12 320
6 693
17 421
2 719
27 612
10 494
5 701
5 262
6 525
15 631
27 986
10 615
17 455
4 898
15 205
9 716
16 854
16 678
24 793
7 229
27 876
10 919
23 747
25 478
3 482
24 409
6 546
0 453
27 968
18 415
10 902
4 200
9 880
25 639
4 257
29 686
5 283
4 968
24 551
8 263
24 902
12 405
19 834
28 625
11 648
21 761
11 240
19 362
13 449
6 900
28 976
28 315
15 831
1 423
4 439
13 983
25 221
11 642
14 626
20 872
8 230
14 661
8 537
6 504
14 513
22 735
19 385
23 223
12 930
17 507
23 637
7 800
25 239
9 966
8 229
16 893
21 675
12 594
13 927
5 434
15 889
10 590
19 618
26 769
22 340
4 865
17 543
6 337
0 464
18 568
12 668
0 608
2 596
22 377
9 347
5 869
3 489
26 739
18 936
28 642
13 269
7 538
19 781
13 955
19 811
19 893
20 550
20 441
19 988
16 465
28 586
11 445
27 244
18 708
26 747
27 421
28 782
25 634
22 528
21 581
25 559
2 833
17 646
23 435
20 661
11 475
4 735
24 965
22 689
0 635
4 500
25 779
19 824
23 509
4 410
16 209
2 762
10 398
11 603
6 454
15 941
20 969
8 875
6 255
14 474
3 437
14 710
18 674
16 503
16 759
26 245
15 282
24 226
20 205
21 490
10 581
1 878
10 464
20 987
5 777
21 372
21 705
7 711
12 930
1 632
25 320
11 916
14 305
6 429
14 625
14 721
21 715
3 428
2 818
0 783
14 211
7 874
4 975
28 482
23 867
17 463
3 675
24 590
21 676
15 649
27 215
14 794
18 312
18 669
16 640
4 726
27 849
0 675
11 809
20 272
11 812
25 741
11 624
25 934
2 542
28 517
12 603
25 928
22 708
14 471
19 394
24 550
20 251
16 452
10 844
1 336
27 244
27 414
1 677
28 787
2 759
20 733
28 381
18 407
10 530
13 513
23 894
23 320
22 398
1 278
7 315
9 793
17 890
2 256
29 582
27 349
29 598
6 793
11 544
12 296
0 695
6 875
26 506
20 462
16 923
6 624
13 640
26 723
16 867
24 852
22 591
8 859
20 283
24 803
25 684
27 327
18 816
9 621
14 405
0 222
17 791
4 402
25 984
19 626
26 454
11 719
6 882
21 922
25 841
17 974
28 737
17 539
7 446
9 269
2 788
2 853
5 426
28 753
4 333
5 893
2 367
23 873
8 644
10 776
15 302
20 348
20 988
18 354
0 845
1 705
27 765
22 217
8 388
4 396
5 958
14 775
10 854
15 785
13 354
22 438
3 731
15 428
6 201
18 702
13 559
3 236
18 462
13 974
22 649
14 998
18 792
21 803
2 335
21 366
19 667
29 217
9 491
14 835
8 241
22 557
7 905
29 225
3 322
26 756
9 399
6 345
21 842
27 336
7 645
3 447
27 456
13 372
21 213
29 309
4 570
18 568
9 957
17 702
29 521
13 467
28 272
18 745
28 226
20 845
29 831
12 408
1 810
28 471
27 885
27 900
10 534
10 307
21 604
19 452
21 258
24 424
28 227
10 813
18 932
12 760
17 985
22 997
11 400
18 805
29 713
18 398
10 739
17 822
29 217
7 248
29 284
10 509
3 404
22 998
22 482
16 644
12 925
8 517
19 706
28 506
7 807
9 857
24 760
21 738
5 744
18 909
0 936
18 379
16 337
18 465
27 232
8 758
27 547
20 397
23 713
1 288
26 848
6 231
27 979
3 783
22 634
7 971
9 885
7 941
27 269
2 784
2 889
5 212
16 408
28 939
0 719
25 920
28 687
16 344
8 237
6 870
25 614
2 281
10 757
27 675
17 548
1 359
26 359
7 723
29 369
10 384
4 339
24 261
16 640
24 569
7 742
14 751
5 769
0 803
6 625
1 915
20 767
19 233
19 413
29 255
12 770
11 309
6 720
12 562
6 594
5 898
19 765
11 447
8 903
17 744
20 433
1 537
0 611
19 896
18 687
11 403
2 781
5 614
28 773
24 300
22 481
6 364
0 896
19 441
27 894
6 277
15 230
5 522
0 258
21 681
4 229
26 882
11 337
9 999
27 369
23 436
18 732
1 424
22 972
25 952
19 284
0 483
0 552
2 504
6 220
4 709
8 502
4 873
12 813
12 281
25 650
19 711
12 252
5 220
26 836
17 269
12 240
22 325
9 590
17 871
0 512
1 986
27 810
2 532
14 762
27 338
8 713
26 852
21 267
24 776
18 403
8 679
29 897
18 250
7 879
16 774
24 541
23 268
16 589
19 506
6 685
0 730
29 709
3 834
6 793
23 625
24 803
2 309
3 214
16 325
21 500
11 678
8 566
7 916
28 446
23 793
14 494
9 549
1 208
13 859
2 279
16 314
27 285
21 562
19 884
7 904
11 480
24 755
13 417
15 800
10 733
5 585
3 316
8 874
25 431
29 332
8 726
14 641
15 383
7 525
16 823
13 823
8 818
18 827
29 762
29 432
16 508
1 911
19 560
25 471
22 375
16 359
6 642
6 678
11 600
27 401
26 677
28 229
24 772
14 698
22 475
26 629
10 626
14 665
9 851
13 639
27 295
15 364
20 279
29 988
24 206
3 273
1 359
21 730
21 857
9 243
26 571
5 948
15 969
13 200
7 439
11 311
17 441
10 380
0 743
21 838
25 516
20 653
1 706
15 391
4 429
16 642
11 360
8 790
20 893
29 398
4 804
5 942
21 340
29 877
20 906
15 674
28 719
7 778
1 732
0 760
2 644
18 391
19 654
3 405
14 700
14 283
27 518
11 277
18 925
29 441
16 980
25 567
2 404
2 832
20 501
12 281
4 859
27 253
18 674
18 605
22 720
2 508
11 439
22 552
21 881
6 417
11 636
18 613
14 741
12 216
0 503
10 640
0 251
22 571
7 631
21 895
15 513
10 622
10 560
15 362
2 225
12 888
20 800
20 728
26 304
17 292
5 425
9 995
29 779
22 207
9 996
27 677
9 882
20 532
20 636
4 837
13 964
1 745
19 677
23 545
16 503
28 294
20 333
14 219
12 472
4 691
1 778
25 986
12 522
13 666
26 488
27 258
17 238
7 961
2 333
27 432
29 730
9 973
1 436
19 811
14 737
15 413
12 246
18 428
27 379
15 371
26 569
2 367
12 722
0 851
23 719
25 600
23 790
4 626
27 460
29 207
13 568
25 648
15 889
16 455
3 594
7 395
9 305
15 991
8 245
18 445
5 365
21 677
22 616
4 956
25 931
8 423
22 679
26 603
26 376
23 898
3 985
15 556
13 505
3 587
13 518
28 767
12 547
5 575
7 730
20 889
3 293
8 654
18 644
23 996
13 504
18 325
2 375
8 322
20 975
25 853
6 843
28 893
5 292
14 443
7 683
5 626
28 459
8 595
0 307
18 268
20 744
2 880
9 284
18 891
2 388
1 906
0 304
21 485
7 580
9 625
18 698
13 566
14 217
23 315
25 886
23 883
26 367
27 379
7 810
11 750
13 928
4 671
7 398
15 882
9 594
11 946
1 579
27 319
7 817
27 233
12 563
21 946
15 761
2 806
7 537
23 226
19 679
13 800
12 414
24 872
19 227
20 444
28 773
6 698
11 930
7 660
16 359
28 481
15 399
12 987
20 367
14 921
9 875
15 887
3 272
10 689
10 655
24 676
6 749
8 220
4 479
28 923
21 379
26 568
19 418
12 811
28 927
16 629
16 386
10 839
10 895
27 554
1 474
15 489
4 832
21 861
17 965
14 611
21 290
20 257
16 840
0 389
17 355
18 665
17 965
15 781
19 374
10 815
0 801
6 899
23 401
15 779
21 881
7 524
19 749
12 315
1 833
7 338
25 933
11 986
18 434
5 975
4 720
27 416
13 309
21 916
14 572
25 927
4 687
16 534
3 637
17 643
12 948
5 942
19 935
14 750
11 977
26 408
4 346
27 271
14 700
10 598
21 684
1 924
1 295
13 943
11 479
17 731
27 325
2 820
10 232
5 213
4 208
21 678
2 996
23 766
27 276
29 810
24 460
13 812
5 580
21 653
28 796
25 481
24 596
12 476
8 943
9 351
29 240
22 632
15 903
22 937
19 961
2 900
20 385
12 731
16 634
27 788
23 991
15 850
23 534
28 895
7 506
8 410
20 318
3 758
26 235
14 802
28 859
29 674
11 423
29 560
16 692
28 870
13 277
21 754
25 606
18 892
12 411
12 900
3 450
18 668
23 735
26 547
5 865
12 894
4 477
27 456
24 580
12 467
27 677
1 856
14 594
12 969
7 471
6 854
1 422
15 251
26 887
18 481
12 670
6 803
2 668
2 370
24 774
21 285
6 517
13 341
4 987
3 386
22 529
11 771
23 741
7 389
28 414
18 927
4 216
1 516
23 493
23 237
5 376
7 508
5 866
4 213
5 730
4 714
18 643
28 951
4 335
27 848
5 601
6 723
13 855
11 351
10 237
15 404
12 304
5 718
24 494
8 681
17 536
3 700
1 315
13 423
6 741
18 301
5 387
13 596
5 357
14 534
23 237
10 914
5 238
22 947
7 821
16 697
12 786
20 577
15 305
18 494
6 919
12 583
21 478
16 556
29 662
21 798
3 825
17 914
11 246
21 273
28 402
15 370
26 336
15 209
7 509
5 821
16 415
16 513
29 841
20 749
9 934
18 656
25 267
4 250
17 478
12 717
26 457
22 556
8 612
9 580
6 420
11 361
1 541
7 532
6 300
10 884
22 237
22 393
10 661
2 848
15 987
25 995
16 725
19 863
23 679
25 652
20 878
11 945
4 943
8 476
19 221
11 947
16 656
14 829
12 308
0 707
21 912
28 307
21 257
4 269
15 389
22 562
1 304
6 421
16 262
20 997
9 750
24 353
6 342
3 756
9 360
20 492
11 508
10 402
23 781
18 622
21 794
27 716
10 518
26 372
12 730
1 999
16 898
1 394
16 416
23 559
20 803
28 332
16 910
1 939
19 850
22 749
3 205
28 220
25 343
3 896
26 331
12 817
8 215
25 646
18 775
24 269
29 687
11 293
1 741
27 697
28 902
12 872
5 444
18 816
1 853
5 535
27 975
6 959
27 795
9 335
23 266
29 660
15 462
0 272
0 256
26 756
6 331
14 403
9 764
25 810
22 830
18 401
4 801
28 888
27 458
28 741
2 821
23 318
18 529
18 662
3 924
22 760
18 641
2 770
13 501
14 351
24 241
9 263
19 875
23 948
26 667
1 838
8 924
4 893
10 836
5 730
10 553
23 498
22 347
19 434
7 564
3 848
1 853
24 571
12 307
2 711
21 261
7 949
28 241
24 784
17 593
14 888
2 873
7 880
18 626
27 318
21 773
20 753
14 273
14 368
18 422
28 600
7 972
27 740
5 933
28 269
1 714
4 951
5 593
14 500
4 957
11 503
13 311
22 430
21 611
20 744
7 275
23 785
26 832
24 257
8 708
14 383
27 790
17 501
9 731
26 956
9 359
14 325
0 909
13 290
5 640
28 825
1 354
0 258
22 261
12 559
21 314
7 203
5 387
25 392
4 996
2 994
29 575
26 430
0 945
28 971
15 239
3 864
29 342
19 279
18 426
24 659
9 885
24 363
18 774
13 856
3 653
