2000
16 357
18 579
16 371
2 752
19 411
22 654
15 734
28 559
4 745
19 538
5 303
18 224
10 594
11 237
23 583
3 745
27 746
2 708
3 993
6 878
24 692
7 411
14 831
6 206
4 964
10 426
10 871
2 946
12 609
28 685
7 502
2 947
24 359
21 366
11 456
3 529
25 879
23 571
23 270
8 721
5 843
19 243
3 425
4 997
5 211
7 754
2 767
20 367
22 891
9 569
2 509
1 896
7 244
18 894
7 918
10 465
24 420
23 853
8 573
10 431
19 513
12 221
4 506
6 246
25 292
29 736
10 469
17 733
19 530
22 518
12 288
6 898
6 906
1 269
29 482
8 727
22 421
5 411
3 845
15 701
18 955
8 786
7 379
9 316
5 874
3 359
12 859
3 705
0 582
26 751
0 206
0 941
1 944
20 484
1 496
28 666
13 991
13 896
16 289
23 340
28 862
20 840
5 231
16 895
13 782
21 437
19 771
9 288
27 327
27 282
9 516
10 311
9 939
28 914
1 857
2 495
8 838
4 813
8 647
0 201
7 310
5 478
7 589
19 224
2 345
3 663
23 770
3 823
5 316
1 714
3 686
18 887
7 836
15 870
2 747
7 580
3 294
27 919
11 336
9 950
21 375
23 531
26 897
28 929
25 627
27 682
15 756
6 705
19 302
11 855
11 665
0 996
10 837
20 487
27 971
4 689
9 927
24 210
13 274
8 382
3 924
8 964
28 566
29 875
5 860
9 627
19 579
28 637
12 669
28 225
24 716
20 684
13 649
29 860
29 604
21 438
13 691
18 865
18 510
9 439
15 985
11 646
2 385
18 625
3 496
22 295
9 810
16 270
10 789
20 545
12 514
14 934
9 341
28 483
3 785
29 435
9 490
8 885
28 868
7 959
28 507
19 741
16 221
1 491
6 985
12 391
3 586
22 207
19 604
16 433
22 764
25 280
4 615
20 870
20 396
16 825
15 456
13 224
18 535
2 517
0 723
7 213
21 539
27 688
19 635
5 763
24 444
6 260
16 882
27 383
8 548
19 488
7 531
4 389
1 681
3 321
17 779
17 978
9 527
21 966
26 680
25 210
6 860
27 420
11 886
1 903
23 600
10 452
29 887
29 285
22 425
1 357
1 918
4 803
7 569
3 668
19 402
23 596
28 291
7 411
22 868
18 945
29 997
4 940
2 981
10 999
23 416
11 272
26 346
27 351
3 490
17 678
3 905
26 234
14 364
0 873
9 952
14 996
1 543
1 835
12 978
8 950
18 931
11 637
11 341
21 300
11 433
24 404
6 334
10 592
13 630
14 748
18 732
17 457
4 939
10 339
9 708
10 778
7 243
27 913
3 606
25 248
16 674
24 736
29 292
11 990
7 342
1 513
4 700
23 851
13 652
24 664
15 609
25 654
23 643
25 275
3 854
24 626
8 450
23 401
21 547
0 713
2 304
17 390
26 495
4 503
1 490
29 915
7 484
21 558
21 584
21 551
28 752
8 771
22 203
14 994
11 820
12 376
27 719
19 628
17 385
4 391
10 993
26 812
6 742
20 559
19 216
23 659
1 852
11 839
20 612
17 652
1 360
14 501
19 528
18 675
28 544
22 639
24 886
4 984
16 665
6 875
2 837
5 794
15 457
11 374
17 354
12 324
21 728
6 267
15 657
12 776
12 621
5 407
21 385
13 515
29 778
1 440
12 380
29 776
12 845
19 293
16 404
0 468
29 300
17 272
12 257
6 230
19 787
16 253
13 999
15 492
24 524
0 601
12 605
10 291
17 741
16 818
6 568
28 234
18 397
25 638
26 794
23 409
22 224
1 220
8 722
7 757
8 361
27 668
16 336
28 504
1 483
9 998
25 725
19 604
22 458
16 945
9 219
25 987
11 838
19 864
4 622
26 917
10 899
0 722
24 743
0 579
5 324
9 224
29 658
1 928
21 220
18 272
17 483
6 330
26 354
0 904
21 925
21 796
20 352
27 227
5 881
15 977
7 277
15 502
26 835
13 231
5 987
9 978
23 361
16 945
5 452
13 605
5 663
15 819
18 836
6 367
5 213
23 974
13 412
2 749
13 611
11 955
13 834
10 736
19 984
19 675
20 671
14 482
4 344
14 976
29 757
9 256
1 822
25 217
21 565
18 250
9 283
15 875
12 561
4 301
11 516
10 414
8 753
2 475
10 383
23 362
9 203
29 206
4 512
12 675
20 439
22 772
24 943
19 287
21 423
3 428
23 980
1 303
9 641
3 925
18 599
22 942
1 856
13 399
12 615
10 999
23 353
2 296
13 917
11 344
0 695
22 405
22 253
15 212
24 475
20 560
18 641
3 553
19 241
4 543
6 768
25 497
1 803
12 923
24 820
25 569
28 955
18 249
15 268
28 347
4 830
24 709
22 549
28 724
28 596
29 580
8 353
5 569
10 594
20 239
26 406
26 987
9 935
7 679
27 459
18 789
22 440
13 930
19 258
12 544
12 513
17 662
0 787
18 754
0 522
20 262
10 350
25 597
7 796
11 979
3 396
6 886
22 328
29 947
3 208
9 650
24 421
4 471
8 475
19 656
16 496
5 696
16 519
5 718
3 376
21 353
15 242
10 450
16 568
20 733
29 259
0 939
22 476
29 991
18 218
13 982
1 687
0 384
11 471
8 542
6 902
13 737
13 701
3 862
2 471
13 653
27 974
0 284
29 714
7 678
6 764
22 647
11 817
21 990
16 788
2 819
28 744
3 589
1 509
5 674
29 849
15 465
4 492
11 982
27 208
25 367
22 793
10 614
13 390
13 440
26 552
4 933
29 432
1 311
8 252
12 900
5 635
23 497
5 406
1 985
19 998
20 456
16 468
16 585
19 585
15 270
18 213
19 649
16 427
6 555
21 366
26 290
12 300
17 265
12 335
5 591
6 583
9 473
28 797
8 731
0 360
10 788
13 308
20 349
24 616
20 603
26 459
22 448
13 475
17 739
20 935
5 799
20 993
19 328
15 650
21 933
7 452
16 665
9 374
22 841
11 894
18 640
1 943
22 929
8 612
27 205
23 414
12 821
11 687
7 661
23 421
10 693
10 683
2 387
23 324
11 763
25 495
16 816
6 620
2 528
18 303
16 254
18 408
7 606
26 336
7 785
21 938
16 328
16 496
27 782
12 572
2 440
8 220
3 338
14 753
6 773
11 209
29 725
1 866
0 495
6 507
13 245
9 967
2 484
19 673
8 269
19 739
12 416
4 221
23 475
2 343
23 576
17 918
4 456
28 739
8 431
24 846
15 387
29 905
14 425
2 489
17 450
11 723
6 673
23 476
8 543
19 235
0 283
18 879
25 597
17 928
26 903
25 534
13 449
18 490
12 749
16 860
3 389
5 957
4 635
25 238
13 579
0 209
26 923
1 416
26 570
4 980
29 850
16 511
6 240
19 925
16 576
28 481
8 234
15 704
22 884
25 949
18 978
21 616
15 622
9 567
8 209
20 676
14 213
1 885
7 748
5 922
6 823
17 937
2 854
12 526
0 910
6 633
2 242
29 864
19 250
23 694
16 292
4 233
6 295
7 492
20 681
15 825
22 712
28 369
10 215
14 291
26 483
25 696
24 501
16 871
3 925
27 256
23 897
27 322
28 564
29 525
2 399
18 226
17 614
28 816
15 962
22 920
28 247
3 355
22 465
27 248
15 932
29 662
5 583
21 853
5 376
26 465
1 501
18 398
26 388
12 377
23 444
26 873
19 478
18 907
3 824
8 641
0 838
13 719
24 863
23 327
24 408
1 632
1 769
15 508
11 335
14 361
0 288
25 471
12 729
3 794
2 351
27 787
19 743
13 645
3 595
4 547
5 285
15 361
12 954
25 835
10 529
3 539
7 247
26 490
14 844
8 464
11 418
12 466
18 886
1 294
10 825
10 968
21 214
8 418
11 798
16 448
20 427
29 269
21 960
23 823
0 395
11 869
0 302
21 875
2 447
16 732
25 760
15 762
22 554
7 595
20 641
13 557
11 744
28 474
10 441
1 889
29 756
3 796
7 652
25 585
9 344
10 327
25 451
16 509
19 695
7 890
12 800
19 828
17 528
5 207
14 423
18 478
18 866
28 280
29 245
1 213
27 291
23 476
17 674
27 951
27 619
25 508
18 232
6 667
23 503
8 521
16 744
19 788
15 223
1 335
3 385
19 649
23 762
23 536
12 467
3 237
21 704
1 819
4 986
10 801
19 815
1 316
29 869
2 316
23 220
1 823
17 266
2 884
23 857
1 479
19 631
3 726
20 668
26 684
19 647
5 616
28 616
4 673
14 835
0 775
7 321
20 360
10 556
27 720
25 763
17 855
8 854
19 664
14 604
26 525
17 824
23 963
4 535
10 682
4 622
15 796
8 321
7 774
12 563
23 688
1 589
6 320
25 926
13 410
4 703
23 864
22 318
23 874
1 561
27 661
8 420
14 504
16 536
16 991
9 645
6 413
3 329
26 614
15 251
1 595
13 884
20 852
8 647
21 854
17 532
18 865
13 267
0 450
4 875
18 908
16 638
19 647
0 535
12 262
18 470
16 995
6 331
22 300
23 293
11 752
14 912
7 700
21 515
8 923
10 924
18 976
28 858
2 648
19 816
23 324
7 817
27 608
16 381
27 230
20 595
22 281
11 702
14 783
0 617
14 339
6 765
29 353
1 357
23 367
8 401
20 936
7 640
13 495
28 543
4 968
24 934
11 389
14 762
17 896
6 239
24 591
17 629
14 582
17 579
19 401
10 323
21 980
15 378
2 559
2 841
12 650
0 452
0 893
17 913
2 788
4 883
0 316
29 787
3 294
0 338
12 513
27 901
22 233
25 580
5 863
1 387
3 321
2 653
25 782
7 565
2 426
0 365
9 757
14 448
6 949
25 387
9 968
20 547
3 655
12 604
18 827
3 808
20 853
10 896
4 537
14 700
12 400
14 531
24 330
10 347
3 206
0 979
12 313
8 256
29 436
12 644
4 405
12 304
16 218
16 610
12 764
18 392
9 939
0 924
25 397
28 212
18 813
24 978
25 473
28 419
10 431
6 808
2 430
20 636
12 570
12 561
8 428
3 609
0 712
9 893
14 718
21 418
4 645
20 240
29 547
9 462
6 505
29 401
26 365
24 287
20 792
16 936
1 270
5 802
13 352
6 798
19 315
26 687
3 600
0 804
7 635
21 477
21 927
15 499
29 715
22 876
29 711
28 875
17 477
7 539
6 264
25 937
10 455
7 805
15 877
24 656
20 517
7 542
0 737
23 787
23 592
25 841
12 765
22 469
25 462
19 307
13 492
12 452
12 637
22 338
24 292
27 702
1 636
19 974
21 212
6 869
2 501
13 286
18 851
22 744
22 728
23 423
8 372
19 613
7 760
19 571
29 467
19 971
22 274
29 586
8 405
11 430
26 846
17 923
23 208
4 801
0 738
2 409
25 610
23 203
9 430
18 867
16 684
23 346
24 756
0 313
20 580
16 222
29 584
11 596
23 770
16 473
29 965
4 516
24 732
19 866
2 383
26 727
1 501
21 485
24 971
11 751
13 282
5 615
2 642
27 985
10 559
11 535
4 966
13 910
3 636
21 616
28 683
8 911
2 510
9 624
13 700
18 968
19 336
28 894
19 499
17 215
22 879
18 399
12 308
12 211
11 717
8 502
25 858
10 697
19 544
16 258
11 200
22 846
1 720
4 632
14 390
26 572
26 634
24 988
18 717
11 876
10 507
3 409
4 870
18 528
6 998
19 594
7 331
8 848
5 378
4 819
9 463
11 325
15 651
28 898
1 308
9 680
10 696
28 723
5 481
6 363
29 748
10 255
27 825
5 677
13 336
4 587
0 301
6 233
16 577
25 768
9 728
29 340
14 410
15 450
20 351
29 289
23 899
6 779
28 633
23 228
20 936
24 744
20 390
19 321
28 985
29 816
14 320
28 632
0 593
26 447
21 830
2 642
1 319
1 427
9 830
28 438
3 479
21 438
5 594
26 246
10 807
22 251
12 333
16 239
12 211
18 649
29 926
9 581
1 963
22 683
23 907
28 746
6 473
14 318
16 224
11 727
20 296
8 836
12 564
24 514
17 278
26 219
23 232
24 689
19 894
27 327
26 707
15 963
7 869
27 947
7 950
11 703
25 877
24 715
2 232
28 281
20 672
10 725
23 491
10 852
25 711
24 807
0 693
0 971
10 563
16 746
13 624
19 513
7 781
27 996
1 307
24 485
13 530
14 200
16 766
1 350
24 850
7 921
16 629
17 288
29 345
28 691
21 682
10 950
6 738
14 897
18 493
28 502
15 866
2 735
11 882
22 412
17 636
14 456
23 798
19 900
17 520
9 951
13 780
1 561
23 937
2 575
6 708
16 879
8 792
5 907
6 348
10 739
17 294
13 214
15 863
29 468
11 601
2 476
2 374
23 460
10 281
17 726
14 657
16 859
1 236
19 273
0 874
5 322
0 282
28 586
11 204
12 277
6 829
29 424
17 578
3 243
19 818
14 731
11 605
4 238
29 457
2 242
25 306
8 947
4 393
18 531
27 392
25 324
26 396
21 989
13 699
8 969
5 268
28 723
21 694
25 283
24 511
1 623
22 266
24 995
7 644
21 521
5 825
23 371
29 308
19 307
16 776
2 570
12 529
26 804
24 773
21 980
24 508
3 437
26 496
13 240
10 413
4 769
19 972
4 435
21 534
22 687
18 744
5 697
25 323
23 904
3 269
14 833
28 387
7 285
22 258
20 534
10 914
26 862
5 299
17 270
9 839
19 380
17 979
3 580
0 790
15 398
26 978
25 284
13 356
18 237
22 790
2 432
29 569
23 766
1 830
25 847
28 534
22 625
16 500
25 212
7 929
15 861
3 600
5 418
4 592
17 469
3 250
9 759
9 440
21 563
19 224
28 777
4 290
15 515
19 702
2 948
4 665
28 692
10 354
4 688
21 682
2 945
27 989
28 324
10 496
24 446
19 923
1 992
25 450
10 928
10 824
21 563
24 302
9 563
8 491
6 820
27 628
17 659
25 308
4 851
26 404
3 252
28 925
9 413
10 369
10 530
18 285
2 222
16 343
11 478
4 441
26 751
0 843
21 441
2 439
18 578
19 485
3 816
22 295
5 445
24 331
14 572
13 942
2 707
19 479
6 623
17 848
18 527
10 562
5 679
27 221
16 472
16 669
21 841
14 975
0 630
5 979
8 420
21 738
6 999
29 942
14 971
29 519
12 207
6 205
16 223
13 598
10 655
21 330
10 643
13 801
21 831
29 451
21 493
20 407
1 857
9 204
27 599
19 861
27 587
26 383
0 485
23 545
8 584
8 547
5 298
15 551
7 440
10 918
26 963
8 214
14 287
16 248
7 323
25 389
22 389
20 483
16 354
18 657
4 977
2 218
18 560
27 977
6 881
10 517
12 362
20 630
17 758
26 870
9 275
0 265
28 497
14 767
15 614
12 921
22 733
25 201
16 740
11 230
0 910
9 628
14 812
19 323
17 589
12 305
6 713
14 744
25 628
13 435
28 575
19 336
12 225
13 820
8 518
12 321
13 917
1 751
23 425
11 477
12 520
14 983
22 251
28 741
16 919
22 363
9 461
21 633
3 816
4 470
6 804
19 321
1 998
17 891
1 613
6 607
28 976
16 333
13 465
13 402
23 742
26 630
7 209
29 394
5 279
2 988
10 759
16 411
8 847
14 373
7 423
24 201
7 588
21 455
7 724
8 991
5 367
7 892
20 936
3 577
18 623
0 699
14 888
23 938
28 496
14 659
26 465
26 654
15 613
21 680
18 304
19 334
24 968
5 921
10 954
28 482
6 429
4 660
10 806
12 667
6 568
0 315
8 822
16 289
14 299
18 952
20 775
24 522
22 647
2 249
5 905
3 642
25 206
25 846
22 995
6 774
29 874
21 913
6 848
25 519
3 631
17 434
6 648
12 422
16 970
0 219
1 868
13 709
11 471
20 907
9 396
6 870
12 908
23 200
15 657
7 483
23 483
19 720
9 927
17 925
13 510
0 559
24 313
18 251
1 728
13 713
29 794
10 285
3 283
26 915
4 474
18 955
0 888
1 256
25 641
9 640
13 544
26 575
17 471
22 726
10 812
22 817
20 250
25 994
12 811
9 900
17 505
16 261
11 615
26 928
13 527
15 250
29 847
8 826
21 946
4 826
15 479
14 785
10 705
23 926
21 319
19 351
4 735
21 519
2 891
16 643
7 983
26 877
26 276
28 438
29 479
24 636
21 686
7 846
1 735
20 716
0 499
24 756
26 304
27 270
5 973
29 785
15 634
10 962
13 750
10 585
8 909
11 616
24 654
1 300
25 424
17 285
22 275
0 697
29 873
9 702
18 720
26 430
11 245
17 372
19 873
14 819
16 912
12 242
16 585
24 593
14 875
8 204
12 271
2 314
26 898
16 931
28 205
0 640
10 696
15 606
2 623
24 563
9 604
23 938
0 514
17 729
7 477
21 305
6 949
13 420
5 430
0 843
27 337
11 527
22 618
5 347
28 743
4 715
11 306
4 858
11 910
3 509
13 390
17 719
21 550
0 381
7 630
27 617
27 452
25 222
28 396
29 585
7 732
10 434
0 511
21 986
26 523
23 646
22 383
9 390
25 582
21 833
10 660
29 662
17 494
12 831
21 746
5 662
6 982
17 961
6 609
27 881
11 997
2 521
11 301
22 883
11 687
2 600
0 214
3 680
25 890
5 222
10 606
21 544
29 832
24 508
13 224
1 480
18 851
16 647
11 759
20 393
20 605
3 346
18 727
24 710
15 379
23 920
13 301
1 341
19 365
10 919
24 959
23 673
27 973
5 484
25 472
27 838
17 912
3 780
5 911
26 399
1 284
5 914
5 895
22 963
10 610
10 587
6 466
27 526
15 226
14 407
26 470
9 658
26 659
5 210
10 578
15 278
5 457
21 943
28 452
15 359
2 607
13 760
15 689
5 208
23 773
