2000
1 637
9 818
22 591
19 704
7 971
19 804
2 717
4 779
8 921
25 509
9 597
24 566
6 898
12 501
8 313
28 699
27 281
27 524
16 436
12 503
15 557
19 591
28 836
1 279
28 217
24 814
14 690
16 778
6 869
15 898
19 598
0 811
18 425
27 587
23 638
7 606
0 595
24 761
19 526
11 604
10 900
26 846
20 987
23 705
4 370
27 295
1 700
14 762
22 297
27 657
20 712
0 876
7 777
25 457
12 299
27 832
5 708
3 898
7 668
17 757
28 631
7 426
5 597
4 505
28 745
25 888
18 894
28 337
10 467
27 762
28 1000
19 384
6 554
3 754
5 877
28 309
5 257
26 491
19 611
26 580
12 225
24 344
23 510
4 329
18 695
23 703
27 1000
16 351
21 577
26 819
11 203
0 214
7 450
3 273
6 440
25 350
10 231
0 451
7 351
8 434
14 536
13 672
10 577
28 371
15 641
10 683
18 936
20 804
23 317
19 566
26 484
24 547
24 416
29 453
3 920
28 250
8 942
16 988
22 668
22 228
28 288
17 666
26 640
17 873
19 333
25 624
1 347
1 976
20 833
15 535
10 330
14 541
13 912
5 400
20 643
15 956
3 251
25 590
11 249
0 249
24 671
15 720
11 335
15 455
22 943
15 644
3 616
20 240
25 233
1 673
5 864
23 993
11 996
20 620
5 480
15 526
17 710
28 259
13 246
1 889
24 661
12 648
29 686
9 828
26 614
4 965
3 256
29 953
3 297
27 351
22 595
4 635
26 333
10 981
8 769
29 375
0 388
8 813
19 721
24 740
26 338
0 819
7 609
0 748
10 707
3 589
18 204
24 892
5 870
2 309
19 769
4 591
17 476
22 351
20 307
9 319
13 421
0 219
9 815
4 408
26 827
9 285
2 234
19 297
16 755
14 784
23 304
23 881
14 455
6 345
1 548
28 261
12 696
5 797
1 207
6 846
25 540
2 799
4 523
18 401
28 461
19 917
22 218
7 245
27 893
28 537
5 371
24 632
3 575
17 964
1 289
5 551
16 492
1 559
7 568
23 764
27 652
0 671
17 410
4 929
17 834
5 794
0 727
2 247
10 691
4 508
9 308
8 449
1 890
12 546
13 901
0 952
22 404
7 518
26 802
20 635
4 749
4 535
14 843
23 273
22 737
13 535
16 557
0 722
16 572
27 465
28 416
17 420
12 233
21 804
15 826
11 605
6 352
13 367
21 665
24 978
27 462
27 448
0 279
22 515
21 711
1 364
11 441
21 438
16 975
2 318
9 345
14 828
17 978
24 420
14 970
17 333
24 918
10 553
22 821
3 347
27 214
11 662
23 665
18 766
13 534
3 975
2 356
21 201
13 657
12 952
29 252
27 556
5 745
27 692
6 810
13 447
22 980
25 304
6 225
5 313
16 605
28 297
14 510
17 351
17 945
9 954
27 390
5 534
23 470
9 651
18 775
22 558
26 602
29 952
10 549
14 563
3 724
8 918
4 547
14 418
19 314
2 395
17 891
12 702
26 471
11 600
1 241
10 539
22 280
6 916
27 622
0 482
14 510
13 453
14 280
17 986
23 920
2 580
10 266
7 276
21 866
22 402
7 706
16 807
25 223
15 796
11 986
29 552
25 364
17 798
2 371
7 523
14 648
29 816
10 499
18 788
7 749
2 653
23 545
28 611
1 528
26 474
22 999
24 396
24 978
10 590
16 685
1 500
16 790
4 723
28 758
23 839
28 963
20 402
1 554
29 656
27 991
28 633
26 600
16 669
8 625
9 728
10 819
9 964
23 608
20 653
9 782
1 277
9 684
21 334
26 984
3 937
15 571
10 876
28 616
10 644
10 451
12 660
27 221
8 243
25 372
15 919
2 257
28 946
23 775
6 267
24 376
1 661
22 635
26 468
7 314
6 915
23 276
8 317
17 511
14 906
17 394
11 444
9 426
16 917
14 238
28 300
1 507
24 590
12 670
22 411
9 828
6 957
4 648
26 480
0 257
2 1000
6 206
1 408
5 422
25 758
5 304
13 727
7 644
16 512
5 926
28 240
4 631
18 654
13 643
24 485
4 588
2 739
26 388
9 505
7 251
29 981
1 982
13 558
2 544
9 722
26 744
16 378
23 205
12 327
28 677
24 403
12 790
23 602
11 265
21 759
15 844
27 981
24 757
7 232
3 238
4 598
19 925
18 960
0 490
15 277
7 547
6 282
0 642
10 671
17 747
12 895
2 546
22 825
0 852
5 407
24 381
4 929
7 600
16 705
10 520
15 993
5 571
4 956
5 335
1 881
20 353
3 779
20 396
11 539
2 277
8 546
6 219
14 983
14 331
10 800
7 680
6 446
3 486
23 896
12 277
13 724
11 276
0 758
16 918
26 419
11 496
29 654
24 933
12 843
13 527
1 768
8 794
4 504
28 394
5 938
5 383
1 457
27 633
24 833
20 283
18 521
3 943
9 417
9 452
11 676
0 396
9 208
2 667
13 940
5 262
29 664
17 451
26 445
3 263
24 309
5 979
13 386
15 624
6 299
5 201
23 224
20 233
4 753
1 948
20 412
12 319
22 682
10 204
14 937
12 706
16 750
28 968
24 621
21 864
13 447
5 206
0 415
0 784
12 749
19 441
9 802
2 352
25 451
22 426
29 585
11 496
16 311
11 340
10 589
5 983
8 899
5 504
15 250
25 792
5 496
25 681
17 616
28 330
14 989
15 611
10 873
28 518
9 834
27 908
18 557
2 376
5 870
4 790
14 510
19 769
9 551
16 769
21 834
0 884
13 999
7 948
0 686
11 372
21 619
5 701
19 768
8 819
4 219
15 542
17 243
28 818
7 719
22 223
19 746
2 451
9 607
22 707
17 786
11 753
6 318
24 357
4 523
21 523
20 372
21 647
22 338
1 467
9 697
17 871
29 495
16 919
8 982
19 932
17 909
0 717
16 615
23 549
18 850
8 995
10 877
0 598
8 294
21 220
28 618
19 280
23 460
21 700
12 899
2 266
27 598
17 746
5 550
28 865
21 740
13 841
28 722
9 929
23 742
28 346
13 943
9 211
29 666
16 398
14 654
23 288
18 869
21 288
2 364
20 276
26 728
21 572
7 322
21 520
8 685
15 496
20 508
28 922
3 566
20 980
18 868
21 339
1 327
27 940
5 496
25 204
27 610
26 593
8 835
12 916
9 660
3 558
13 394
4 568
27 251
5 397
4 282
10 678
9 262
19 399
10 893
7 729
20 203
12 864
22 329
21 309
12 925
15 872
1 279
6 443
28 423
12 917
12 665
13 359
19 463
13 515
18 502
0 894
1 495
0 970
0 882
5 983
16 205
20 977
29 628
10 495
22 244
19 246
25 878
14 831
29 826
23 338
21 248
0 478
18 734
4 440
27 247
3 714
4 574
11 394
4 858
9 667
15 906
9 859
1 944
4 355
2 485
26 602
16 953
19 988
3 657
19 514
13 456
23 690
19 485
10 653
14 406
7 813
17 452
20 240
21 400
13 641
8 910
21 762
25 250
0 568
23 872
16 227
14 809
17 784
14 759
2 787
13 560
2 870
18 441
24 527
21 354
7 432
8 425
2 853
3 818
13 423
0 714
10 582
1 996
11 990
17 358
21 599
12 740
19 636
6 618
14 991
7 326
4 217
9 713
1 872
22 341
21 814
12 211
12 217
14 935
24 937
20 677
1 553
26 927
29 325
13 482
1 237
16 458
10 862
26 284
18 376
20 516
28 539
18 676
7 537
28 487
14 630
11 901
19 925
3 380
5 674
20 286
28 718
11 944
15 573
10 747
27 856
25 336
22 599
3 617
18 306
12 777
20 553
13 509
2 998
8 641
2 748
23 967
12 494
17 667
16 704
20 692
21 913
26 688
2 367
27 787
17 270
16 471
22 983
19 942
16 558
17 420
1 719
27 393
0 671
3 830
15 267
23 447
12 318
18 682
10 896
13 947
1 779
21 759
10 712
24 643
23 857
19 626
16 551
28 702
24 472
29 274
10 598
25 628
9 705
21 305
15 361
14 963
4 640
4 988
15 676
5 493
22 924
0 278
12 571
14 785
24 492
4 637
13 799
15 690
16 703
7 204
7 212
20 364
4 717
21 998
11 902
27 430
13 883
20 933
0 935
23 641
11 302
20 941
28 809
21 244
13 889
27 585
18 412
26 629
28 338
6 407
0 851
26 410
5 833
5 405
24 983
12 823
21 849
28 853
10 344
6 735
21 821
3 431
29 775
1 991
13 774
10 955
20 432
9 992
12 389
0 217
17 644
14 918
2 451
25 986
19 294
15 987
26 528
25 895
20 751
29 297
29 853
16 488
5 678
5 851
28 674
29 237
7 596
2 439
9 802
6 713
27 472
23 847
13 701
16 933
29 201
9 420
9 407
19 691
12 310
21 721
25 969
4 463
17 617
13 823
26 391
22 856
4 978
1 272
27 385
11 243
3 908
9 393
9 406
29 624
23 565
26 868
21 827
16 679
24 520
19 827
3 842
24 333
5 499
1 703
27 205
11 332
15 889
22 577
4 255
1 814
4 411
5 948
20 420
26 276
7 791
14 385
25 595
4 706
19 862
18 926
24 806
21 680
18 537
11 252
28 962
7 884
23 532
10 701
18 647
20 563
13 667
16 745
27 250
0 231
18 853
24 728
29 359
25 706
12 815
15 442
11 423
2 439
2 921
15 321
24 313
21 521
24 683
16 433
17 841
4 956
25 751
15 234
10 755
28 873
16 443
12 732
19 491
14 488
16 328
27 789
28 419
2 921
24 543
10 593
29 387
14 250
23 897
24 918
4 370
10 577
21 679
7 832
11 882
12 623
25 445
5 640
3 662
5 995
3 682
13 912
24 312
22 235
16 240
23 756
3 796
7 605
27 736
26 500
22 638
4 947
26 680
9 450
1 714
21 597
9 458
23 217
12 736
24 387
3 688
16 916
2 621
5 451
8 844
9 630
0 607
16 622
17 531
12 286
5 782
16 938
8 848
5 304
6 294
19 376
26 411
28 709
22 324
7 602
23 709
13 896
27 456
12 640
16 514
22 793
26 798
11 737
25 481
27 914
18 674
24 277
13 538
8 504
17 967
14 711
8 781
9 541
25 246
11 268
13 990
27 823
10 569
23 601
14 691
12 816
3 368
16 326
10 749
5 546
13 860
23 640
23 947
24 586
6 719
25 788
2 862
23 480
6 306
6 237
14 409
25 791
12 210
17 663
5 417
12 211
7 948
12 960
24 623
6 603
24 538
19 415
3 580
11 339
3 734
16 308
28 615
17 727
24 984
29 975
23 296
6 324
0 997
6 879
8 811
22 714
15 572
20 620
6 713
20 571
20 847
24 293
1 216
0 966
10 461
13 541
9 814
17 557
4 470
17 779
29 715
10 432
4 727
8 678
20 757
0 841
26 426
11 613
11 479
2 470
28 213
20 228
8 937
10 637
22 570
11 816
0 397
15 431
20 829
21 761
26 712
4 224
24 481
14 331
29 670
0 225
17 900
4 782
9 830
18 676
17 471
22 692
19 830
4 393
24 559
27 800
28 506
16 710
21 986
25 364
4 478
27 358
2 341
6 774
26 997
1 730
13 622
21 942
18 615
26 325
8 822
17 668
16 1000
17 263
26 784
2 862
14 332
10 275
23 711
27 225
1 292
28 387
7 517
24 745
26 855
28 634
3 254
5 464
25 787
3 361
23 663
21 858
5 934
16 227
2 611
0 254
2 718
7 233
23 794
12 451
24 791
29 550
28 767
11 681
24 773
14 750
26 810
7 422
3 668
25 883
19 411
14 522
8 851
1 912
9 933
19 769
8 803
7 435
5 637
22 754
25 386
17 482
1 962
20 620
10 836
19 455
4 819
20 775
8 718
21 234
14 733
0 611
18 612
18 655
29 245
25 497
23 809
19 653
3 378
11 712
29 889
9 800
7 615
6 274
6 299
3 838
24 453
5 532
28 393
23 687
23 698
19 412
6 206
8 474
18 621
28 613
11 682
20 724
1 636
5 817
8 862
29 358
14 876
27 805
7 566
25 955
26 971
26 522
3 679
3 880
0 762
22 563
17 514
7 374
12 693
25 571
13 932
9 251
29 455
20 846
22 503
28 699
23 402
26 945
28 576
19 998
7 476
11 838
3 739
10 624
25 205
1 527
23 775
22 453
3 827
29 762
9 775
28 857
10 824
6 435
12 740
4 795
26 597
11 774
2 816
28 536
6 414
17 560
9 921
15 258
7 248
16 724
20 911
16 671
29 368
15 372
13 796
12 702
6 642
10 914
5 721
13 765
3 601
8 688
11 655
29 899
0 906
27 915
5 651
19 557
6 220
20 672
9 631
19 557
1 696
10 244
23 828
19 466
4 781
12 352
1 437
21 543
9 272
4 379
17 527
26 835
22 913
3 213
25 734
5 930
17 867
10 744
17 434
21 674
15 820
15 416
25 848
19 240
10 487
25 427
20 257
12 916
19 436
23 768
24 581
18 543
27 545
14 258
21 216
5 653
10 458
3 346
27 215
28 709
14 525
5 721
3 457
26 447
0 641
18 883
13 621
4 603
17 777
3 406
28 530
28 229
3 226
21 568
10 721
2 981
29 532
13 407
16 821
22 462
14 362
0 372
19 279
15 248
17 213
13 829
17 849
27 594
4 245
14 602
24 965
18 342
12 345
6 340
2 453
11 576
1 657
5 405
18 979
26 613
7 797
12 988
22 946
26 958
29 858
21 348
21 321
2 852
6 831
14 348
19 693
24 494
14 449
24 385
15 266
12 213
24 948
1 837
0 607
17 852
13 371
20 581
25 362
16 359
6 209
14 945
28 232
18 572
22 846
27 937
16 300
5 849
15 833
27 395
9 515
4 251
13 664
1 920
17 743
11 535
10 695
26 827
4 304
3 291
15 598
24 492
19 376
0 656
19 248
13 722
5 908
14 903
7 556
10 642
3 944
24 549
6 499
25 469
28 352
8 578
20 828
23 372
21 492
6 880
19 676
25 744
26 802
15 929
19 713
20 615
9 933
13 844
0 341
24 617
14 779
19 935
28 791
26 753
11 643
17 805
1 836
6 305
1 775
13 533
12 980
3 227
1 720
28 313
28 317
20 443
23 552
26 292
0 467
29 302
17 963
26 896
15 252
15 891
26 934
25 805
4 836
6 869
4 378
19 774
27 539
26 418
7 473
16 386
5 271
18 853
15 624
2 916
14 221
11 987
24 301
14 882
28 292
5 680
7 476
25 982
2 350
15 371
23 415
28 304
3 606
4 951
2 868
3 361
25 617
24 648
27 839
19 435
6 238
4 279
0 318
19 330
10 292
19 732
22 824
2 374
22 458
8 256
18 853
11 347
4 343
1 360
5 430
0 645
14 746
0 583
4 730
20 626
15 975
18 447
4 980
19 829
17 643
20 717
12 784
4 942
8 758
0 821
27 324
17 736
9 798
16 426
1 953
26 943
14 709
0 884
26 304
23 864
6 402
14 761
10 636
29 507
15 502
23 345
11 459
11 454
10 825
4 214
12 851
15 372
19 397
16 358
13 493
11 628
8 293
28 709
1 703
8 682
1 472
4 968
4 394
7 970
23 621
13 884
13 851
23 871
5 314
7 342
27 327
0 469
20 967
7 361
17 323
26 706
0 455
21 921
14 630
13 846
17 242
25 557
16 982
29 856
9 843
1 519
6 359
6 799
19 862
20 772
13 880
12 212
4 581
4 504
23 329
14 300
29 802
5 365
8 232
9 394
13 360
12 801
14 933
26 315
23 230
0 997
15 575
3 885
6 600
11 844
20 481
6 1000
15 797
1 605
23 518
17 889
25 303
9 241
9 860
14 599
0 282
15 247
19 595
25 340
18 727
23 643
2 571
8 708
5 798
0 349
22 459
11 504
22 238
27 481
14 510
22 410
17 788
19 313
9 431
18 660
25 512
1 418
12 851
0 475
1 663
12 285
22 637
11 202
17 785
1 399
16 919
27 852
2 608
7 292
17 453
2 230
21 835
0 851
23 217
8 977
20 979
11 725
4 294
6 424
26 690
16 909
17 506
25 831
12 321
22 514
5 566
3 908
10 294
7 518
15 976
28 458
25 511
18 913
16 815
29 960
12 963
8 383
5 504
29 719
16 607
6 419
9 225
25 274
9 410
19 921
26 471
4 752
22 426
24 922
21 629
3 283
6 405
22 947
1 495
18 225
22 845
6 669
12 782
1 841
2 367
4 324
1 925
18 444
18 512
2 475
6 745
20 998
11 288
9 370
11 672
9 378
8 305
21 748
18 592
21 678
0 525
18 789
26 563
4 264
22 271
2 268
8 995
19 680
23 230
8 347
27 834
10 427
0 511
22 288
10 465
0 780
27 819
19 552
29 647
6 540
18 603
28 734
8 652
10 748
19 987
17 316
4 786
29 256
24 322
4 893
2 370
16 510
6 800
5 276
19 211
18 703
7 807
12 879
6 599
1 305
28 788
13 682
5 663
14 571
21 694
8 529
16 248
14 201
28 567
8 408
28 926
19 435
10 990
9 279
12 359
23 930
13 248
19 564
3 213
25 633
14 224
21 453
2 241
18 817
9 258
2 379
21 756
11 373
22 299
4 822
29 916
22 744
10 268
2 457
16 250
17 667
15 684
26 874
16 875
4 262
25 516
6 214
26 342
20 565
10 280
15 501
28 618
29 721
19 527
6 838
14 459
24 607
17 848
29 511
12 848
19 794
12 490
5 481
17 325
3 449
2 712
29 205
26 310
5 412
4 444
27 636
3 515
1 505
13 665
12 745
8 336
21 982
14 933
19 840
25 912
18 236
6 776
25 605
18 768
9 215
14 470
26 484
13 963
12 435
22 774
13 382
7 465
3 956
22 513
24 711
5 315
1 948
29 665
19 952
2 565
14 314
29 331
9 370
10 293
4 657
7 658
4 662
22 510
23 332
10 237
19 775
7 272
26 498
15 236
7 693
3 611
11 217
