2000
29 909
29 226
24 768
6 282
21 988
8 364
25 287
0 823
22 459
27 593
25 299
6 882
0 619
11 435
13 494
4 477
26 959
1 446
12 255
7 270
11 988
14 420
14 447
24 719
17 900
6 869
9 887
4 240
14 941
19 204
24 729
27 859
10 879
19 924
22 462
12 330
25 923
20 794
8 500
23 566
19 599
15 950
2 808
10 817
17 844
27 523
4 494
26 764
19 279
15 348
14 978
21 956
7 295
10 721
9 941
14 977
15 767
19 527
18 810
25 660
10 297
28 648
9 445
22 399
29 319
0 909
3 459
2 209
11 478
11 268
15 930
12 738
27 544
2 965
28 237
16 848
8 225
16 469
14 303
14 577
28 656
22 359
4 580
5 845
2 677
4 897
5 406
18 842
29 852
29 510
28 931
12 341
25 451
14 587
4 362
19 372
16 293
12 737
13 733
10 968
9 251
7 318
11 924
12 338
5 278
0 698
27 936
2 970
19 418
8 834
15 931
0 479
0 264
26 398
25 962
11 347
20 517
17 601
2 290
28 385
3 811
4 898
12 917
0 589
23 684
21 695
7 549
27 337
12 378
27 222
28 877
0 869
24 991
24 432
22 549
14 258
2 315
5 923
27 657
23 894
1 232
7 833
19 485
5 484
3 510
27 908
24 689
0 824
3 259
28 824
27 833
3 986
24 923
19 671
11 379
6 810
6 427
1 470
23 444
10 882
12 712
24 961
7 754
8 519
12 967
20 785
1 228
15 372
19 220
18 582
19 270
22 603
8 567
23 983
14 385
3 495
21 324
7 924
21 613
1 393
5 382
20 899
26 279
17 936
25 560
23 969
23 380
0 927
1 659
12 318
6 590
1 379
21 971
16 619
0 962
5 349
21 666
8 302
13 532
10 812
4 866
21 373
6 630
4 943
17 762
26 981
27 999
14 983
6 588
6 764
25 455
1 210
0 480
4 894
3 304
11 925
21 861
10 590
19 515
14 947
27 477
8 294
13 250
9 515
9 581
14 471
18 612
28 917
6 883
25 703
8 703
2 746
15 809
19 506
28 787
25 622
5 673
29 593
12 454
29 825
14 359
10 736
0 710
19 528
26 257
0 677
16 784
22 349
26 568
16 352
3 907
10 364
4 850
28 761
2 554
3 403
27 880
23 818
24 864
7 218
17 944
17 222
1 502
14 763
14 661
19 294
0 517
0 792
22 281
21 432
4 336
17 523
26 289
11 319
6 728
18 812
7 286
9 819
25 561
0 724
9 238
28 547
24 422
29 971
20 829
3 332
28 492
27 367
18 587
21 933
28 504
21 997
17 248
16 364
14 623
7 491
19 779
26 341
29 211
20 490
5 217
11 923
0 277
18 649
11 787
22 907
10 892
0 644
11 403
27 728
20 951
6 297
19 563
1 569
8 327
22 413
9 655
18 777
27 235
27 345
19 990
28 434
20 866
21 312
29 306
17 826
28 619
23 634
26 753
14 461
7 762
8 951
19 740
1 818
16 969
14 975
26 407
2 556
3 757
20 554
29 631
17 726
24 586
1 573
21 516
24 233
5 745
7 252
14 691
29 396
9 796
28 424
14 824
23 296
1 482
11 253
17 359
10 262
20 892
27 282
4 563
21 626
16 466
25 415
20 775
11 543
27 696
11 864
7 413
3 881
19 361
21 798
21 754
9 984
25 628
10 596
1 829
25 576
2 862
12 399
19 303
2 883
24 905
4 317
0 826
10 739
0 283
25 205
0 635
15 657
6 261
16 408
15 849
19 654
18 418
27 434
20 304
15 662
15 424
29 599
20 608
6 434
18 631
23 917
26 327
23 397
5 751
15 977
28 382
6 893
11 551
13 213
8 478
29 749
27 665
15 296
13 589
12 264
22 857
17 695
8 267
17 831
15 226
5 385
19 728
6 285
26 956
0 533
14 762
29 583
26 436
15 247
24 553
3 874
6 633
15 350
3 507
27 952
14 676
28 780
3 592
29 571
10 473
9 243
16 986
8 791
16 530
1 897
22 771
12 603
21 941
25 668
17 816
6 306
6 390
29 760
17 205
29 637
10 444
27 777
21 788
16 249
11 610
29 766
28 405
2 565
26 716
9 429
25 894
26 772
8 943
0 705
24 274
18 851
18 562
14 276
10 972
0 325
25 758
26 824
0 311
17 484
14 216
27 291
18 554
22 772
23 920
12 366
24 751
13 775
6 376
5 420
19 926
16 780
25 474
25 969
0 512
12 449
10 353
27 268
24 672
28 569
8 507
27 934
5 396
28 392
21 716
26 381
12 911
9 976
12 254
17 894
19 721
15 982
18 711
5 590
1 382
7 786
3 939
16 312
10 489
28 809
28 324
29 441
28 255
7 348
18 736
13 536
28 509
15 276
13 833
19 868
17 827
16 823
5 427
0 288
23 961
25 476
1 280
19 481
13 853
3 870
7 708
11 367
26 458
22 603
10 599
16 737
25 291
11 400
1 564
0 897
7 330
18 582
2 409
13 895
29 360
10 291
28 248
16 767
24 344
14 356
12 337
20 343
25 364
12 686
13 795
12 533
29 566
20 939
5 972
17 350
5 391
27 749
9 918
9 582
22 868
29 971
15 842
21 462
26 492
1 703
5 587
7 326
13 636
24 780
10 421
0 845
7 401
26 599
28 259
19 338
29 827
19 365
7 310
2 513
17 623
4 206
13 802
23 581
1 718
16 968
21 610
2 724
14 852
3 537
27 298
17 532
25 892
27 709
14 708
17 778
22 511
19 252
15 528
0 256
21 299
25 285
26 896
25 573
25 434
1 970
1 377
16 869
1 825
15 520
15 848
11 892
0 863
3 322
1 623
0 610
27 466
25 206
3 285
2 378
19 798
12 396
15 418
24 501
23 307
15 323
17 219
2 626
20 326
9 935
13 418
1 660
11 752
26 683
29 699
2 931
20 838
21 904
4 956
25 914
4 335
24 278
25 947
12 344
28 476
17 745
26 503
4 692
12 335
24 208
21 813
7 338
16 350
8 714
0 493
17 575
2 611
28 425
0 596
5 768
18 999
16 281
17 931
20 200
16 748
9 290
9 666
2 961
8 218
6 352
22 833
15 702
4 784
20 325
12 577
0 571
5 932
0 302
0 610
8 701
11 704
6 243
11 946
26 637
27 543
11 769
24 786
0 608
24 260
22 864
6 442
27 262
14 685
1 948
27 518
18 478
0 887
2 388
29 767
24 867
1 627
21 669
6 537
26 961
27 386
20 503
6 368
0 718
26 489
15 247
21 929
4 501
8 818
2 445
13 223
19 484
21 435
28 514
26 271
24 363
2 378
27 639
14 599
6 543
13 831
0 577
11 231
16 276
8 276
12 932
19 656
19 925
9 201
24 937
1 685
10 479
23 859
19 494
8 279
25 969
15 422
18 505
4 982
23 416
10 805
11 465
27 841
4 443
2 598
7 240
10 202
14 497
26 871
28 275
13 448
3 411
1 280
1 542
0 429
2 911
7 925
12 681
0 365
9 662
2 797
24 382
18 926
10 628
28 566
19 926
15 334
20 532
7 380
27 772
7 620
1 824
10 917
25 225
17 552
24 251
29 818
26 689
23 708
18 616
3 211
2 239
22 499
14 861
1 376
24 389
10 472
5 396
23 765
27 577
15 241
18 321
24 811
18 249
25 593
17 409
18 824
28 590
21 887
4 968
15 476
14 649
0 255
6 664
24 932
5 687
10 468
10 688
0 785
25 640
23 843
25 693
29 631
5 954
8 215
13 248
17 839
2 785
11 715
22 817
18 244
28 981
5 347
21 685
5 468
19 264
17 915
21 982
1 335
11 641
9 571
15 531
17 652
9 549
13 664
18 807
26 846
6 478
3 337
5 722
0 249
1 796
12 815
23 773
18 837
16 993
20 621
5 793
24 931
21 640
8 618
3 868
15 205
7 938
0 346
25 485
5 491
8 586
7 817
27 671
0 577
29 687
3 205
11 232
15 615
6 207
13 958
24 985
0 903
22 215
9 917
0 746
2 319
6 546
2 297
5 606
11 272
25 979
6 485
23 225
24 807
24 770
6 946
4 393
14 610
10 798
19 632
25 994
21 378
10 516
0 438
16 874
3 536
28 827
27 495
21 592
23 304
6 273
3 457
20 732
7 309
15 749
19 670
11 241
23 852
23 707
4 900
2 991
0 233
24 600
9 785
7 615
6 601
22 681
14 845
0 504
28 346
29 840
23 273
20 963
22 664
27 634
16 885
11 911
24 963
15 269
21 823
2 674
11 761
20 466
11 269
12 989
10 970
16 548
23 371
18 793
19 776
5 662
21 825
0 214
22 226
17 445
13 526
28 306
9 280
12 640
15 280
2 263
11 351
1 522
0 668
15 564
26 371
11 696
24 309
8 307
26 401
17 436
7 956
4 654
17 889
24 889
23 829
29 405
3 712
21 296
25 475
20 357
22 393
24 861
8 539
24 628
27 330
27 276
4 386
24 619
25 988
3 987
18 559
2 876
9 551
19 837
15 422
23 479
14 286
18 459
7 716
24 508
0 478
5 617
13 380
26 619
14 985
27 686
23 382
14 937
27 999
26 332
24 782
27 868
19 951
9 300
22 563
17 575
20 518
25 476
16 716
18 851
28 471
6 428
28 618
29 869
25 710
21 353
18 631
5 993
28 619
23 585
19 730
12 448
2 587
29 335
15 685
25 915
5 405
9 597
1 331
24 634
20 309
19 559
7 503
16 475
8 734
23 616
21 753
16 690
22 712
20 211
23 257
6 983
16 656
16 784
28 512
29 664
24 254
17 482
24 917
5 759
3 800
16 897
18 641
23 245
17 638
23 741
5 405
17 324
18 514
16 544
20 692
29 872
15 481
21 992
23 334
9 589
29 278
5 706
15 882
23 765
10 536
2 761
28 669
27 655
15 872
2 240
25 598
26 845
7 366
6 679
9 869
8 566
11 220
2 594
15 612
13 787
12 505
16 930
18 972
17 356
25 234
5 665
17 873
19 549
13 637
4 792
21 470
3 236
2 908
11 410
10 429
7 505
6 438
13 962
4 481
17 838
1 968
3 509
16 577
3 972
8 989
24 333
9 748
13 908
17 301
24 569
15 723
8 655
0 294
21 850
9 424
12 225
17 901
15 737
3 945
23 411
19 375
10 617
12 274
27 246
27 498
20 644
26 642
0 905
17 747
25 507
27 473
20 404
26 603
16 436
24 206
0 624
27 383
2 943
2 464
13 813
24 348
7 734
24 236
9 255
24 790
19 478
4 302
19 668
26 623
13 919
28 785
10 743
14 450
4 637
6 714
7 819
1 279
11 905
24 526
24 672
28 820
3 328
19 932
17 745
3 739
26 698
17 438
11 503
13 602
6 259
20 718
26 444
15 860
8 958
12 993
24 922
18 614
18 917
11 483
28 961
8 728
12 238
27 995
9 874
0 576
22 578
23 370
29 273
10 480
17 614
27 661
28 580
17 349
22 264
4 968
8 545
20 783
12 518
25 325
21 360
7 999
22 900
11 374
20 739
12 633
17 851
16 482
18 217
21 861
24 415
15 478
9 459
19 883
2 465
22 474
15 572
6 994
1 994
12 794
26 453
27 401
9 238
6 569
1 394
5 470
16 384
29 311
3 268
24 490
8 411
8 597
13 361
9 906
18 810
25 513
23 726
8 278
2 206
0 364
18 922
4 784
26 227
14 230
4 442
16 784
27 698
14 208
28 257
9 857
8 697
21 886
10 986
3 995
27 487
24 889
4 328
3 795
23 983
8 226
24 539
25 764
2 362
24 216
15 291
5 410
13 388
10 863
23 964
6 926
16 394
4 908
5 384
13 813
5 528
29 444
23 628
1 423
27 635
20 408
8 626
8 647
18 984
1 558
7 942
29 626
15 565
27 380
21 698
9 499
24 844
9 741
5 272
19 517
25 921
14 283
20 692
18 914
17 596
7 758
27 280
29 466
28 788
23 848
26 955
26 323
14 740
28 691
6 242
4 852
21 894
21 339
21 958
25 783
25 363
24 399
20 623
15 288
23 332
23 489
13 921
9 450
19 428
21 308
16 512
2 482
4 950
24 825
0 534
6 436
1 746
12 249
25 374
14 445
20 763
29 621
16 852
17 454
6 381
4 824
2 967
12 229
20 776
26 953
0 446
12 224
22 736
22 996
18 504
20 288
23 922
19 342
23 879
28 983
28 956
26 747
8 409
25 462
19 846
12 286
18 578
27 250
9 704
16 522
17 970
20 376
0 629
11 392
20 687
14 289
12 977
0 338
9 254
9 570
17 203
13 918
15 366
19 558
22 564
15 968
15 697
24 811
2 939
26 757
10 317
28 709
22 678
27 944
21 966
27 661
29 917
23 902
2 410
16 407
26 573
11 302
25 519
5 742
12 412
15 339
20 788
13 626
5 897
24 509
0 745
29 373
14 862
21 678
19 290
10 846
0 979
20 229
23 375
8 800
7 248
6 734
15 791
26 250
2 723
0 750
18 426
14 497
25 729
2 713
6 590
0 328
14 850
13 741
9 872
8 481
11 866
2 675
24 769
0 756
25 764
24 830
22 567
25 205
17 819
10 629
0 788
11 246
21 697
16 267
16 409
19 982
18 431
6 485
16 269
28 704
28 435
17 530
19 471
20 221
21 913
3 619
2 290
15 492
29 856
26 821
20 899
25 311
26 996
7 778
15 707
3 687
14 481
14 984
29 761
10 784
13 872
3 805
13 735
13 337
13 768
9 294
25 330
25 899
18 687
16 960
15 255
7 960
11 787
21 423
27 278
4 392
8 641
19 438
1 642
21 705
7 904
19 872
29 912
25 213
13 537
26 744
14 508
10 422
17 425
13 275
6 364
15 550
13 404
13 633
5 566
13 330
1 501
4 597
0 492
26 443
27 896
4 854
10 796
27 898
5 425
25 728
21 458
1 524
3 235
19 733
11 578
22 697
18 557
9 908
25 284
9 454
20 445
17 665
11 877
24 564
12 314
19 497
13 390
24 636
19 483
29 788
17 206
11 334
3 249
10 366
13 592
18 502
5 558
14 230
10 495
23 794
18 323
28 925
24 975
18 292
18 833
21 450
24 342
25 267
25 517
14 509
15 576
24 431
8 281
3 543
3 419
20 817
28 848
6 357
5 495
22 314
18 967
19 998
10 813
17 321
28 746
21 494
5 296
4 468
28 751
24 271
28 267
1 849
12 544
26 833
9 295
5 794
3 946
22 541
2 574
18 972
20 683
14 807
20 354
7 602
18 391
28 439
13 689
15 446
22 238
3 343
27 396
13 511
26 701
14 673
24 935
17 794
11 425
9 510
0 805
12 603
7 890
8 664
19 410
8 506
1 710
2 217
28 915
18 768
19 742
13 936
14 629
6 984
0 405
5 513
15 339
21 1000
5 570
19 817
9 462
26 617
22 399
1 304
24 804
0 716
12 316
2 594
10 464
14 933
6 848
0 538
22 392
27 915
9 803
18 888
16 783
25 933
15 726
14 498
12 561
8 609
10 531
24 365
16 259
15 398
15 882
8 400
10 790
25 402
28 316
15 895
2 233
22 949
29 510
20 320
1 275
9 839
14 238
26 416
7 632
22 371
26 250
0 706
7 648
24 251
1 619
9 435
5 815
16 280
16 416
12 873
13 950
9 662
10 625
1 576
6 610
4 941
0 940
14 852
6 357
20 577
15 320
13 935
21 259
21 784
23 585
20 616
14 767
5 473
29 349
12 626
19 315
11 752
28 472
13 873
24 980
27 515
27 784
14 849
12 453
22 862
11 523
9 276
3 272
19 356
21 914
22 799
6 735
6 229
17 490
23 211
20 433
26 775
23 976
10 881
26 700
13 769
2 619
18 727
15 406
22 678
7 522
18 317
3 238
18 907
29 264
25 456
9 563
29 710
22 712
3 211
12 367
26 975
9 238
7 636
1 227
28 336
22 771
2 439
22 543
7 599
18 659
8 712
15 673
20 291
8 273
4 995
26 809
21 283
9 765
22 749
3 837
20 914
12 842
11 234
6 913
2 905
27 365
2 448
15 483
1 845
6 770
21 336
2 587
11 442
20 742
4 986
15 889
17 774
28 352
26 464
7 567
9 398
24 456
21 491
14 912
18 779
1 315
15 547
13 777
20 480
27 317
24 271
11 917
16 472
28 467
28 973
5 603
4 517
14 698
20 898
5 475
12 689
20 984
15 493
15 945
1 390
28 320
7 928
29 675
29 919
21 878
1 368
7 390
27 460
3 420
4 250
13 532
22 995
0 947
0 953
25 718
21 347
21 667
5 441
21 635
13 855
13 245
7 800
12 747
26 220
22 951
11 690
1 545
8 666
0 281
22 795
13 450
23 765
18 653
21 680
5 644
25 860
22 349
23 309
11 244
4 545
7 466
11 743
12 471
1 448
27 284
14 588
15 641
0 938
6 683
11 620
2 749
3 856
7 445
5 636
16 528
6 335
19 340
13 974
1 930
20 497
19 418
17 590
0 249
15 946
14 865
4 229
27 631
29 771
18 681
15 299
15 650
21 588
11 375
18 858
5 923
5 680
5 315
10 814
19 892
25 937
16 873
15 467
18 948
8 857
2 657
4 849
4 834
10 617
13 524
10 870
11 414
19 256
10 968
26 729
21 307
27 915
3 899
15 855
28 800
23 658
28 634
14 620
22 403
16 415
13 766
25 567
6 750
13 400
15 534
29 828
10 420
4 285
22 256
14 977
22 303
9 898
13 517
23 494
6 282
18 202
5 528
26 418
18 225
5 649
20 713
13 389
13 397
15 319
3 526
12 995
17 635
11 211
27 738
3 271
12 504
11 294
25 547
6 461
28 887
24 850
12 787
5 860
12 430
1 604
20 539
15 795
17 869
10 654
16 911
16 204
0 767
29 257
28 674
27 483
29 799
24 222
1 604
3 675
14 903
19 615
27 660
26 594
5 366
15 914
2 820
6 713
2 656
21 241
17 428
22 298
22 282
29 542
14 485
23 861
19 804
