2000
11 729
17 425
6 286
10 954
25 545
23 621
15 841
13 744
17 402
24 815
14 697
11 730
13 648
9 201
1 732
2 946
12 769
24 581
16 861
9 269
29 922
15 739
4 459
25 727
10 650
8 835
27 843
29 711
20 745
3 947
0 608
23 820
8 516
24 571
12 377
23 438
17 343
24 625
15 627
0 714
22 634
11 991
4 948
18 210
7 563
2 317
7 576
28 347
5 463
4 652
7 873
9 979
0 838
15 961
19 289
12 375
2 630
12 468
28 591
16 410
18 721
8 598
1 815
7 558
19 824
19 966
14 659
14 718
7 327
17 763
25 245
29 870
15 596
0 847
23 332
28 322
11 729
4 279
12 386
27 264
12 919
3 833
14 264
14 207
9 556
13 976
24 540
14 738
29 863
14 986
25 943
6 310
29 970
20 811
12 204
0 779
19 884
29 797
0 304
0 864
7 472
11 910
4 802
14 464
19 439
11 449
13 761
26 348
11 611
0 352
10 938
29 778
2 686
0 245
9 447
25 853
13 316
6 230
24 637
21 558
3 715
12 243
28 898
14 255
17 888
10 699
19 298
12 252
16 470
4 252
27 633
8 209
9 668
18 575
19 977
21 900
29 413
11 855
2 740
24 423
25 246
13 213
10 302
29 389
9 670
17 252
5 832
23 536
27 806
7 283
28 334
4 697
19 687
3 727
18 607
13 876
5 263
0 251
12 947
27 973
23 940
1 881
1 524
17 551
12 375
2 250
3 512
11 859
17 393
7 346
2 890
21 383
29 412
14 281
9 866
14 367
21 851
6 255
22 947
17 424
0 247
21 524
2 595
26 502
8 880
19 981
0 669
16 666
11 692
9 335
0 712
4 207
6 1000
4 340
26 897
26 216
26 210
17 388
0 662
25 360
2 757
3 600
15 250
18 872
7 771
3 736
7 859
6 366
18 519
28 314
20 389
20 478
19 854
19 612
2 850
14 845
24 538
18 552
16 222
5 447
17 787
22 516
4 744
18 570
0 335
19 943
10 640
12 332
21 993
17 653
18 504
17 648
0 327
4 880
9 309
21 787
11 244
20 859
16 350
26 472
29 323
2 809
2 312
28 272
9 885
17 960
29 717
15 962
13 700
25 973
6 217
16 844
5 270
20 847
4 655
23 945
6 473
23 547
4 496
7 369
26 315
0 291
24 268
14 639
9 638
23 456
5 720
22 874
8 660
12 734
10 561
2 946
5 394
11 450
28 943
1 923
1 804
29 419
22 260
17 252
2 603
10 434
3 929
29 343
26 672
1 549
4 503
29 952
24 266
16 632
23 333
26 493
11 777
8 891
14 558
27 235
10 710
11 742
11 295
1 734
7 512
24 943
29 209
21 719
17 270
16 546
25 774
18 687
28 413
1 934
29 397
12 774
29 324
26 220
25 320
18 388
24 961
23 949
23 250
0 524
16 572
26 720
0 906
29 697
3 454
26 816
12 969
9 745
23 779
26 865
28 268
17 658
25 891
9 985
16 761
17 228
29 575
21 946
14 572
28 399
10 682
7 300
25 870
22 888
8 544
20 531
18 707
20 320
26 414
12 314
22 995
19 585
0 890
13 729
19 807
20 328
14 963
29 867
5 929
12 573
4 505
7 775
29 964
17 242
1 461
9 410
28 459
8 209
28 620
11 263
17 626
15 334
19 250
1 396
12 651
23 951
3 659
17 634
11 918
27 967
18 973
7 391
29 239
1 319
28 882
9 271
3 765
29 600
6 501
16 942
8 736
28 274
28 850
27 536
15 846
0 358
26 477
2 892
0 458
26 692
1 294
5 274
23 258
3 260
28 338
6 750
23 745
22 717
13 204
9 477
1 890
14 247
20 366
17 973
5 836
26 716
12 587
26 823
15 457
28 431
20 415
27 216
13 462
11 827
27 429
27 760
5 494
12 512
10 758
26 634
6 494
8 583
21 258
13 756
16 528
27 817
13 970
13 372
5 520
20 229
26 772
15 748
12 544
4 539
3 360
13 934
3 614
18 361
10 383
25 749
11 347
21 303
4 599
24 578
22 812
21 805
10 643
10 331
10 288
5 453
19 802
5 962
17 439
25 319
10 434
26 267
4 859
20 319
8 793
20 865
5 905
19 841
11 322
0 240
18 518
0 858
11 333
20 789
6 739
27 613
26 803
5 728
28 837
24 990
11 849
29 720
26 449
2 732
7 495
25 331
3 902
7 898
18 799
4 845
13 208
24 850
12 910
15 682
22 836
29 670
24 232
26 240
19 758
15 217
27 659
21 610
2 379
28 461
6 668
21 837
1 938
0 630
24 296
7 875
18 872
24 914
7 206
12 949
6 994
20 691
21 844
3 631
24 1000
14 877
9 573
9 944
25 819
7 820
16 427
29 752
22 781
29 587
23 645
27 617
19 365
23 349
20 529
3 355
23 507
10 718
1 446
29 353
23 522
18 687
26 508
13 970
19 510
2 727
16 756
12 490
16 556
25 329
20 243
12 669
18 898
25 227
18 796
28 796
27 257
11 617
12 361
2 878
20 420
29 250
19 801
9 511
22 460
29 931
28 526
1 765
19 943
21 773
18 299
18 936
7 994
5 650
1 717
8 464
15 750
26 785
18 816
24 462
5 504
24 578
17 887
2 874
2 839
23 642
16 924
12 818
3 518
10 529
24 732
10 490
6 265
22 935
15 527
20 243
15 457
5 305
23 604
29 711
0 337
16 356
16 223
19 669
8 803
28 316
24 502
11 662
18 622
4 898
24 934
13 792
26 638
23 310
11 330
10 776
8 960
5 867
0 643
19 750
12 658
9 594
8 471
26 220
10 456
21 721
8 202
0 515
18 732
11 589
0 584
29 841
25 670
2 205
25 233
25 775
25 613
6 493
25 384
23 977
15 585
7 684
17 520
9 654
7 943
5 467
14 658
4 818
20 257
19 847
3 246
23 460
25 945
13 882
16 528
3 556
17 320
23 967
18 343
6 582
8 294
17 667
8 282
13 452
27 271
9 209
22 412
22 896
14 400
2 281
27 776
28 208
13 279
23 273
13 385
8 928
3 833
4 433
20 897
25 933
16 862
0 845
17 695
23 860
9 488
7 841
9 599
18 322
18 799
9 378
16 866
23 473
13 862
3 673
21 414
2 863
27 887
1 980
17 960
25 590
13 810
14 941
3 441
24 420
23 223
25 376
28 503
10 908
8 421
8 812
24 353
12 435
5 674
24 394
14 708
25 507
3 757
5 654
16 302
13 638
26 629
3 206
13 822
17 724
4 680
21 248
3 431
3 292
14 284
10 711
13 354
8 691
21 612
13 595
27 234
1 997
10 357
4 636
16 767
9 651
21 535
21 864
1 518
1 239
24 215
19 615
1 793
5 445
12 971
23 310
5 250
21 963
16 819
6 681
8 621
18 555
9 609
2 283
8 897
25 831
15 838
2 314
2 516
21 544
21 281
19 375
26 568
24 498
23 409
21 954
24 506
5 957
25 1000
16 949
5 242
28 263
17 310
13 663
16 710
20 719
17 876
14 357
5 334
25 753
10 983
28 220
18 533
14 883
26 283
15 230
0 989
0 929
7 624
3 240
11 650
13 421
24 221
25 751
26 646
14 657
10 973
1 917
13 632
11 845
23 701
17 205
13 366
1 668
18 213
1 612
23 516
7 702
16 760
1 358
7 360
5 714
17 997
19 933
2 881
0 705
4 312
23 994
19 447
22 548
20 611
7 566
8 377
3 463
10 640
9 960
2 457
18 495
4 859
22 381
26 215
19 926
29 611
10 632
19 940
15 522
7 564
3 781
5 842
24 391
19 848
6 629
3 778
14 751
2 553
12 573
16 481
0 989
5 533
15 718
25 810
1 348
27 427
17 241
27 994
5 888
5 767
11 979
16 237
18 638
11 509
16 940
6 612
12 684
26 751
3 299
24 961
1 492
28 773
18 878
2 858
17 664
2 354
8 659
11 805
24 812
17 388
5 974
22 897
15 899
26 748
29 501
21 470
27 878
27 383
20 867
1 695
11 776
19 370
0 723
8 934
16 302
26 640
18 259
27 203
17 360
3 479
7 663
22 508
6 350
27 820
8 511
6 984
16 431
4 897
6 659
29 203
9 919
10 905
23 775
11 896
15 638
0 600
1 873
17 856
8 262
1 557
19 954
15 740
26 861
9 410
23 257
5 558
1 681
5 544
0 481
7 605
4 833
17 696
1 794
6 452
13 948
0 287
20 533
14 336
16 880
0 457
1 334
6 991
2 626
23 504
3 615
8 375
22 402
5 546
26 689
11 375
11 417
13 265
18 320
18 643
10 462
7 578
5 301
27 400
14 298
17 224
29 357
19 935
11 534
8 584
0 278
25 227
0 709
5 643
24 426
2 392
20 829
18 836
28 335
0 608
6 933
21 428
24 792
15 811
19 508
8 261
6 926
17 425
0 874
4 461
1 986
15 380
28 319
28 683
0 643
28 551
8 898
1 208
18 655
21 666
14 881
19 851
1 582
25 697
11 376
15 545
27 864
19 909
6 323
21 540
27 429
2 885
21 989
12 421
2 796
6 761
10 632
9 801
27 786
13 219
8 525
26 550
16 492
3 291
23 795
10 619
21 894
3 258
1 329
26 380
0 484
19 922
9 303
17 721
28 738
17 607
6 523
13 880
4 831
29 494
9 356
5 738
13 733
25 325
2 241
27 340
15 609
14 545
20 643
12 603
13 503
3 475
15 742
12 503
1 240
3 739
25 420
18 920
9 868
15 287
25 202
16 756
1 926
17 379
26 936
25 809
21 440
18 383
6 930
8 901
5 565
16 261
12 820
0 537
20 662
1 987
6 264
8 443
15 275
9 582
11 249
17 424
29 556
7 208
2 304
1 821
9 365
11 599
25 895
2 209
25 489
29 883
10 436
19 857
16 437
26 239
8 703
23 620
4 615
8 1000
3 749
9 722
24 890
11 633
13 464
24 765
7 699
13 529
3 520
22 835
12 220
22 751
25 797
9 751
17 545
25 763
14 432
11 490
24 509
6 940
26 637
27 646
1 956
6 690
6 331
1 957
13 479
29 804
9 480
25 661
13 702
21 405
26 693
9 738
24 397
17 683
14 201
19 337
21 682
17 529
24 777
9 875
23 968
6 629
22 350
24 328
12 906
26 910
4 687
18 652
1 350
26 504
19 966
18 618
0 555
23 789
24 977
8 227
2 720
5 423
23 464
2 689
20 230
4 869
5 498
26 933
10 998
26 422
4 388
10 429
19 222
24 624
18 233
12 777
15 450
9 661
1 372
11 522
5 447
2 835
5 203
29 262
21 671
28 598
8 663
1 911
24 668
20 814
5 293
8 637
5 536
28 482
3 552
8 547
4 258
5 789
9 885
26 814
14 320
14 999
19 270
27 685
2 231
13 619
10 669
10 207
1 393
21 776
21 372
25 481
6 653
0 536
20 378
15 462
8 686
16 403
11 966
3 241
15 883
16 553
16 342
21 523
2 393
22 989
16 560
27 661
29 281
11 481
6 488
18 495
6 788
28 856
8 296
11 843
20 904
7 326
28 805
28 900
24 898
28 973
14 272
29 844
22 845
22 670
28 643
7 889
9 531
29 295
20 278
26 247
13 646
22 709
5 382
14 555
10 776
8 704
10 533
29 635
22 506
1 603
12 739
6 876
2 772
21 217
19 322
23 822
4 784
21 932
25 405
5 767
22 356
0 449
2 572
27 526
8 856
11 820
7 699
18 799
5 269
3 662
12 562
21 555
1 695
23 552
4 330
6 269
12 297
0 838
16 696
10 254
12 338
21 593
10 695
0 224
22 520
20 826
0 898
24 563
18 724
7 865
17 286
26 386
14 918
19 627
12 883
2 264
0 940
16 761
20 744
7 798
23 949
28 602
20 958
8 361
9 594
7 653
16 897
27 608
13 589
28 671
14 683
27 403
10 682
9 501
23 909
9 962
6 908
19 854
0 533
22 966
7 704
21 633
18 999
15 580
8 751
18 626
20 933
15 893
4 669
26 973
6 422
6 825
13 243
8 409
5 330
1 472
7 640
21 591
25 890
11 952
12 535
6 439
27 931
15 444
14 515
18 951
27 797
1 242
16 480
24 969
15 863
17 616
4 788
22 241
29 680
27 400
8 926
26 497
16 689
12 949
26 300
9 363
29 711
21 903
16 539
11 975
13 564
12 224
3 305
13 851
10 527
29 776
24 736
18 213
13 925
11 435
23 933
20 862
6 878
6 267
11 628
0 883
19 666
15 964
27 363
20 814
22 950
5 473
25 580
26 267
16 808
19 974
19 758
28 767
25 425
4 715
20 369
17 928
18 368
17 675
25 978
7 899
24 934
11 683
7 386
26 224
0 432
1 628
2 749
14 601
12 205
16 262
21 240
7 255
11 235
20 985
9 641
10 916
26 749
5 435
5 333
10 240
6 597
27 741
6 583
8 775
25 401
4 576
17 234
24 293
10 667
20 251
21 752
6 421
12 547
9 291
18 369
6 810
26 557
6 700
21 217
27 379
17 959
16 506
8 843
0 991
7 570
11 454
25 834
8 505
4 715
22 507
15 621
7 411
1 602
7 718
16 874
13 786
29 909
5 276
19 261
25 683
0 441
4 858
18 723
24 618
24 457
17 981
26 743
10 615
2 460
10 666
2 250
13 333
28 819
26 279
14 599
8 879
1 313
11 289
22 922
6 359
14 829
21 473
16 686
11 450
15 655
12 844
26 813
21 901
3 546
12 931
0 333
11 726
10 992
0 935
12 405
23 822
16 463
21 219
0 899
5 746
5 269
6 494
16 391
2 205
28 976
15 276
2 362
5 434
10 215
14 688
15 230
15 755
21 284
3 914
1 869
18 869
20 263
29 514
27 945
8 911
21 242
6 991
19 943
29 519
15 815
27 297
15 681
22 619
13 200
9 691
18 555
29 626
20 873
0 777
13 464
3 278
15 827
27 685
22 454
9 405
26 837
2 759
28 542
29 736
24 368
1 618
16 594
29 453
25 730
19 490
2 525
5 688
23 483
28 945
23 283
11 313
25 302
24 944
13 917
13 534
7 592
9 446
2 651
26 597
27 631
12 799
5 380
17 481
2 277
3 781
14 580
0 517
4 629
16 602
4 599
28 960
8 268
6 828
20 324
16 397
15 731
6 947
18 831
1 497
6 275
29 308
4 674
10 686
7 828
27 364
21 963
0 545
14 734
23 613
3 519
6 916
15 888
25 911
1 376
4 257
9 809
28 812
12 657
15 898
28 886
2 726
19 257
1 952
15 283
10 488
29 840
16 787
14 756
3 921
12 825
2 689
12 474
18 383
13 376
24 985
9 718
15 855
19 673
18 291
6 294
28 672
28 409
22 905
3 683
28 274
15 836
7 480
8 221
2 550
13 317
4 868
7 815
8 358
19 268
27 773
28 691
20 314
24 501
0 300
6 944
2 894
13 897
8 539
22 210
3 766
21 840
22 627
15 884
12 247
28 424
7 897
12 417
19 761
14 220
20 868
15 520
3 370
22 444
20 675
5 716
25 950
26 684
0 517
6 879
12 592
27 611
15 684
0 265
12 706
25 682
16 945
12 872
12 550
16 408
4 346
23 512
26 697
22 975
24 355
0 622
8 751
21 494
29 642
20 701
9 851
3 567
8 682
12 757
15 854
2 751
21 627
13 473
3 423
13 560
17 505
11 911
15 221
16 898
7 498
26 505
10 574
27 951
27 899
0 530
4 377
20 421
17 811
27 470
21 631
7 522
24 342
12 645
15 922
27 432
17 829
18 542
1 213
10 274
18 218
8 703
13 658
28 391
13 887
22 785
29 230
14 922
5 277
3 815
17 865
7 280
15 632
18 351
25 905
27 331
20 562
25 582
26 674
20 947
15 211
27 532
20 759
2 591
19 404
10 749
10 635
16 920
3 452
24 536
2 849
20 346
0 313
0 464
23 481
22 299
2 343
15 398
3 354
11 354
28 554
19 736
21 234
12 202
5 497
22 307
14 741
20 634
25 510
6 274
24 817
28 225
25 218
9 230
9 529
13 645
7 384
5 378
5 400
26 637
0 641
12 836
2 499
26 406
16 506
15 627
7 805
1 263
26 918
24 216
26 676
23 849
10 635
28 756
15 597
11 770
16 917
15 681
0 709
3 458
11 571
21 736
5 902
29 532
4 557
20 375
8 219
8 551
29 523
6 591
24 307
0 787
12 200
15 794
23 720
27 730
25 636
19 630
7 940
19 962
5 479
22 370
25 832
13 263
14 628
2 451
8 409
4 962
14 494
22 353
22 769
20 291
12 455
8 817
1 452
6 939
15 927
17 823
10 242
9 353
19 748
24 801
21 631
15 461
1 659
8 588
21 596
17 967
8 359
24 779
24 532
22 470
12 287
2 682
17 548
8 646
13 373
16 939
6 803
28 920
28 946
1 432
0 937
2 551
9 678
12 647
22 325
5 832
4 634
9 701
3 640
8 485
21 442
20 931
5 986
18 952
2 917
25 368
16 681
25 663
24 779
29 231
21 358
19 945
28 501
10 590
13 382
0 311
6 953
26 875
13 234
3 334
15 219
6 610
13 704
9 464
19 677
20 695
21 1000
29 601
1 552
7 362
18 503
1 203
8 564
17 969
10 382
12 773
13 787
24 834
15 224
6 480
27 603
16 570
8 608
14 288
8 384
4 823
20 624
13 519
2 778
7 519
28 539
18 832
11 441
22 257
4 676
29 807
15 973
9 938
20 415
0 379
29 874
7 466
13 401
1 562
3 208
13 353
21 897
26 237
14 417
5 224
28 833
14 696
5 878
26 296
22 491
11 290
7 932
21 860
21 966
14 256
3 578
8 528
8 803
8 258
16 794
2 956
0 343
18 332
11 492
5 429
26 738
1 636
6 805
15 481
28 718
6 747
19 441
6 996
10 255
29 339
10 624
20 296
2 337
24 342
0 263
0 903
24 431
14 437
0 316
11 450
28 615
26 789
11 873
20 913
0 596
22 276
