2000
0 391
6 529
29 837
15 734
16 300
3 786
8 826
7 801
10 909
13 836
25 744
4 342
23 234
8 303
24 272
24 691
4 599
18 429
0 292
7 424
12 509
20 938
1 572
5 794
18 798
3 252
25 413
15 897
17 352
5 709
1 417
1 542
4 708
5 755
13 204
27 647
14 243
20 571
21 787
7 427
19 503
23 660
18 273
0 356
12 271
8 435
28 322
27 615
29 374
4 888
19 661
13 936
1 433
29 977
27 814
13 446
7 829
25 494
17 936
6 524
3 740
25 802
10 596
9 391
25 382
9 948
16 588
8 748
23 576
20 457
28 602
23 537
10 452
8 922
11 554
9 785
21 614
27 367
12 830
26 514
23 326
16 522
20 992
6 710
4 328
18 320
13 863
14 530
29 705
5 864
13 369
15 561
23 532
4 361
15 415
26 814
7 976
13 615
4 546
13 458
14 927
2 345
25 619
19 561
23 601
11 493
6 331
26 493
13 733
18 915
21 209
5 709
2 904
3 602
29 515
10 706
10 203
16 278
12 702
21 838
10 419
20 328
19 248
3 990
5 248
17 695
24 205
2 585
26 838
11 492
12 572
14 858
28 713
4 410
2 933
2 400
1 753
20 594
28 950
11 341
16 447
5 370
5 284
5 553
19 341
0 349
13 205
20 672
5 684
27 300
29 239
28 902
15 785
3 378
1 627
5 712
1 666
5 281
19 389
29 987
4 523
13 906
24 779
25 957
18 815
20 813
10 340
11 974
8 546
25 807
29 490
15 676
4 999
2 733
14 480
2 290
4 978
18 573
18 877
20 230
27 631
11 704
17 516
20 420
6 272
18 410
29 677
3 415
22 393
1 654
20 813
10 980
5 507
2 825
8 790
21 965
0 277
21 979
2 221
6 642
13 586
6 211
0 633
13 760
26 318
22 688
13 757
18 835
20 604
18 655
11 612
8 883
15 426
21 874
12 751
1 430
5 297
0 354
11 720
13 291
3 567
10 950
3 890
21 439
29 262
28 774
25 355
23 393
6 998
15 847
6 471
25 418
5 589
19 409
22 485
7 250
1 557
14 933
21 582
20 823
4 409
6 283
21 384
2 839
18 318
4 540
9 885
11 682
9 579
2 475
25 581
4 989
0 770
27 812
21 881
28 364
7 358
29 501
18 608
1 816
1 384
6 856
24 433
21 626
4 779
25 803
1 789
1 867
22 732
1 928
9 283
16 308
12 672
27 795
4 214
6 655
2 871
6 551
16 695
1 536
25 668
10 798
26 455
2 514
20 886
23 468
26 886
3 782
25 258
4 806
14 491
27 329
29 333
0 335
11 875
16 201
25 492
8 741
26 218
14 914
16 368
2 535
22 773
17 881
7 730
28 808
14 786
14 855
23 654
15 430
24 812
12 932
12 846
14 514
26 812
16 660
5 443
5 310
8 269
10 688
27 211
23 364
22 257
14 319
7 700
9 675
15 441
18 966
26 979
9 387
3 500
13 508
15 546
4 210
5 589
27 722
24 402
26 239
6 594
11 568
10 429
28 491
8 792
9 386
14 669
6 239
18 401
13 411
24 709
12 596
18 961
14 878
27 546
4 872
8 939
6 878
27 914
26 202
24 591
8 291
28 687
29 515
24 254
22 934
11 377
14 242
12 735
26 851
14 736
16 228
7 593
1 212
9 673
15 327
26 961
12 832
20 319
26 678
10 503
16 225
25 983
24 434
3 218
5 951
18 663
21 209
0 825
12 924
7 647
4 798
10 745
14 972
5 938
18 876
21 997
3 753
22 897
25 232
5 646
23 543
7 894
15 939
27 847
1 443
6 631
22 443
18 843
26 440
11 392
14 793
9 438
19 447
21 953
20 428
9 591
18 831
14 792
16 250
22 691
6 926
15 300
19 462
28 881
12 573
29 694
29 900
21 293
19 824
4 661
2 770
10 667
5 313
0 301
29 288
2 920
24 213
14 310
20 743
25 307
28 870
2 214
6 796
10 601
10 583
14 725
5 707
16 407
3 728
18 810
20 513
10 654
7 333
19 738
21 445
2 858
11 915
20 712
11 739
17 520
24 320
29 544
29 304
12 714
10 216
29 660
7 685
8 457
2 699
8 533
3 666
5 279
9 398
28 719
25 481
17 445
26 829
29 876
11 418
12 631
23 994
29 885
27 397
2 968
7 792
28 411
8 351
4 247
17 589
20 944
8 388
26 753
14 290
5 231
9 264
24 377
24 931
2 420
8 975
16 575
0 604
1 218
20 987
10 603
6 409
23 818
24 970
22 293
25 248
9 700
6 715
3 501
28 653
25 519
1 610
3 226
4 342
27 464
19 406
29 596
5 607
25 463
2 207
7 530
27 458
2 507
4 509
10 721
1 462
10 780
28 839
1 890
2 364
0 384
26 963
13 923
14 275
8 452
13 297
22 706
0 584
29 474
25 822
24 294
14 939
13 534
16 996
10 466
7 548
6 611
17 895
0 431
25 628
22 674
27 449
12 960
6 743
20 211
28 598
11 674
25 930
25 651
6 479
23 361
10 371
25 313
1 879
2 405
2 672
5 750
11 725
1 924
4 248
26 487
20 644
11 938
23 855
10 406
27 595
22 366
11 556
7 806
28 790
13 536
6 915
25 496
5 642
12 617
15 618
4 908
8 427
19 776
0 598
5 235
10 458
20 597
11 898
26 329
14 770
29 758
24 994
11 353
17 571
14 645
7 382
27 643
18 443
5 297
11 729
21 902
21 434
7 722
4 459
15 327
2 833
1 447
4 980
14 711
7 874
24 670
5 903
8 511
15 239
18 816
26 343
6 632
27 564
19 629
24 599
5 479
18 735
23 723
24 822
29 613
13 676
5 223
18 412
19 452
4 700
29 514
21 385
14 815
10 959
22 953
8 532
27 414
16 869
0 933
2 372
24 365
6 860
7 678
1 585
21 288
20 481
12 252
17 485
4 793
4 580
3 880
21 232
17 462
27 387
11 775
16 881
0 901
20 983
22 490
2 203
20 847
6 317
19 665
25 344
28 753
12 935
28 657
20 411
16 644
20 854
7 311
28 408
13 993
21 790
3 212
12 872
5 508
13 366
22 364
14 390
19 984
7 849
12 248
28 681
6 416
1 652
12 962
5 730
27 544
28 947
19 561
19 582
27 230
25 375
5 294
11 598
18 666
22 446
22 225
21 453
21 544
22 382
18 423
6 273
20 511
3 281
12 394
11 945
21 300
27 304
5 916
27 877
29 694
20 366
21 558
11 786
24 813
20 695
20 265
27 303
0 634
14 629
19 295
25 597
1 936
7 906
0 517
8 945
20 624
28 439
15 848
2 508
19 439
11 550
18 911
7 266
26 328
28 523
0 960
17 851
3 645
5 251
0 910
24 910
18 299
7 487
24 292
23 807
24 935
19 661
16 745
27 529
9 998
2 640
16 375
22 339
16 565
10 642
26 527
22 620
14 438
28 636
6 810
27 833
2 953
20 923
17 679
0 658
9 376
27 449
22 835
4 650
20 723
23 713
9 673
16 893
1 428
20 975
3 779
0 616
25 746
16 951
26 720
10 578
17 564
7 536
19 214
28 734
6 407
29 786
26 983
21 331
4 210
9 548
20 211
27 494
23 875
22 633
24 795
8 385
7 384
19 407
26 556
17 599
5 828
24 980
22 417
7 320
14 612
2 369
18 716
21 758
17 402
3 257
3 989
3 972
15 800
7 364
26 251
9 967
8 327
16 418
13 923
2 542
21 254
23 896
24 668
25 549
16 913
6 548
13 444
2 462
0 362
21 787
25 576
13 776
3 457
17 415
24 528
14 842
12 919
11 592
9 266
23 897
6 989
15 996
9 972
25 290
8 672
6 439
21 792
5 767
24 657
7 212
21 251
2 570
17 768
6 644
9 987
5 505
14 485
9 363
11 267
0 545
11 791
7 501
29 567
22 687
23 716
10 757
29 604
8 309
20 676
5 486
11 615
7 542
14 208
28 287
13 848
10 272
21 265
23 264
28 220
3 809
13 993
8 211
4 450
0 818
25 567
5 299
2 563
4 350
29 320
14 240
9 981
6 580
5 889
12 303
26 984
16 223
2 356
26 225
18 285
16 244
15 953
11 830
20 352
4 374
29 963
20 416
5 855
5 898
16 546
7 416
29 914
15 995
1 215
12 679
22 241
26 893
17 464
21 334
23 228
6 727
1 673
14 359
23 693
9 873
0 905
8 673
0 874
17 866
22 534
7 699
15 569
5 834
23 223
7 885
11 752
3 221
2 527
23 729
4 784
2 355
8 664
29 320
18 349
6 475
13 933
25 574
10 827
17 827
4 528
8 579
7 377
6 319
26 351
5 685
6 488
9 886
11 738
16 693
1 652
10 543
20 522
11 349
28 891
22 613
0 615
7 871
25 323
15 845
5 672
20 794
13 294
15 458
27 557
22 401
11 904
27 473
7 995
20 514
13 725
22 506
9 621
12 733
12 791
22 711
29 311
27 660
7 324
17 295
16 272
5 579
18 546
7 713
1 887
0 971
2 932
22 558
15 299
1 626
6 762
6 394
24 901
7 537
12 331
2 853
2 662
15 815
2 416
16 683
22 344
0 765
2 510
21 376
18 928
6 517
21 515
12 221
23 606
7 444
2 251
25 722
3 640
12 934
22 357
17 943
18 923
23 534
25 303
17 256
14 416
2 439
19 694
15 434
20 917
9 680
12 726
29 791
15 979
15 828
11 283
15 781
2 213
21 246
9 792
17 244
13 270
11 293
1 526
24 814
15 762
8 601
0 293
15 673
25 901
3 940
11 520
1 669
7 550
15 205
14 764
17 854
15 778
29 351
6 303
20 385
17 864
12 810
17 537
24 691
15 349
18 243
27 953
27 858
11 577
3 414
12 573
21 701
18 834
11 321
19 609
19 522
20 299
11 248
16 515
29 495
26 739
14 498
10 220
23 659
22 296
5 893
9 304
24 555
15 456
12 751
8 517
25 613
1 234
13 398
7 509
0 926
3 493
17 904
29 977
0 976
9 960
19 682
3 831
20 915
0 835
17 782
0 926
24 768
14 818
19 548
16 672
11 634
3 544
1 576
20 489
23 414
16 890
16 527
25 232
5 528
3 441
13 481
20 358
3 871
23 450
11 399
7 726
26 650
0 547
1 405
6 913
3 537
9 616
25 922
22 636
28 699
26 972
6 670
25 613
26 346
16 285
29 498
11 695
17 851
25 438
9 759
7 220
2 950
14 660
26 489
0 618
15 828
26 391
1 935
5 966
4 718
15 420
8 944
18 810
7 724
16 491
19 742
14 869
2 651
1 818
6 754
16 287
20 275
14 369
6 224
5 672
27 738
29 614
3 420
5 211
2 666
19 200
11 503
4 556
7 249
25 380
0 669
2 817
1 972
6 481
4 660
11 566
2 661
20 528
25 230
0 296
29 344
26 679
4 898
2 581
28 766
6 313
7 614
28 874
0 945
15 215
19 744
13 970
24 761
11 607
27 392
1 709
16 791
24 253
23 694
8 291
2 866
10 340
21 392
10 874
9 807
8 856
9 206
17 786
5 696
3 652
13 966
22 549
5 878
16 758
12 271
13 728
1 680
7 502
18 685
21 993
13 374
3 328
13 370
12 265
15 550
18 947
15 466
3 530
13 857
12 645
13 451
16 516
10 438
21 947
3 272
15 541
2 838
3 684
2 326
27 220
0 848
5 988
27 574
20 302
5 592
14 917
13 447
9 544
1 623
4 481
2 566
22 872
28 958
0 751
4 726
9 754
23 573
10 408
3 742
15 727
11 573
14 476
19 815
24 436
28 967
20 753
14 686
0 508
4 642
0 389
11 640
13 549
23 572
2 226
4 986
23 748
4 804
1 555
25 554
27 983
16 585
22 906
6 736
13 523
17 207
28 596
9 422
5 646
26 659
25 945
2 730
5 841
3 295
5 436
4 551
25 841
17 994
29 623
6 817
20 211
27 391
2 205
24 796
24 735
20 208
21 742
15 341
27 310
2 290
5 337
18 652
10 603
15 521
9 638
28 572
3 398
10 544
13 357
11 488
2 300
13 703
10 810
15 901
2 766
27 960
29 893
5 766
12 989
14 780
13 619
27 209
26 629
0 951
1 966
17 770
22 546
1 640
12 604
11 344
2 358
29 764
20 570
23 661
27 707
28 316
9 779
27 794
26 527
10 995
1 379
27 790
6 408
10 626
18 817
29 836
12 328
17 712
21 272
22 649
20 316
6 230
19 229
22 739
25 308
15 296
4 265
14 295
22 756
5 529
12 760
24 352
14 943
1 712
24 720
9 384
24 554
27 547
25 405
7 985
27 280
11 664
7 727
27 980
6 844
3 661
20 901
3 521
5 574
10 318
28 406
4 252
14 609
26 933
9 511
13 213
21 402
25 349
8 870
10 520
19 463
6 850
15 904
26 701
20 351
23 254
20 580
23 339
8 837
21 999
7 396
11 435
0 581
6 372
27 351
2 790
1 660
18 341
4 982
20 950
20 261
26 769
10 709
28 284
17 360
4 998
2 612
28 620
12 379
1 515
27 474
17 318
11 303
1 286
7 728
19 657
27 614
22 361
8 566
6 243
8 921
22 387
1 819
3 703
1 227
13 738
27 475
7 731
26 400
10 323
13 641
5 302
21 213
27 777
8 991
22 554
1 642
16 438
12 709
11 970
23 843
18 277
25 359
29 617
10 614
20 826
8 249
20 275
1 687
3 873
29 554
25 647
15 613
13 462
5 361
12 975
16 967
18 563
6 487
5 231
19 510
13 710
10 287
24 878
24 207
20 658
13 384
17 665
4 572
15 452
2 714
28 865
4 677
23 265
2 656
4 847
15 520
27 902
18 820
16 754
23 426
11 435
7 491
11 343
13 856
25 667
16 993
27 621
5 649
6 919
25 855
4 404
29 686
21 757
23 273
19 943
4 974
7 887
10 390
8 699
7 980
1 474
26 631
22 607
12 639
29 592
3 621
27 699
6 1000
12 816
20 964
26 609
26 577
19 884
3 910
11 523
7 740
19 630
19 998
5 810
20 445
20 376
12 678
27 492
10 689
15 256
20 250
29 875
2 276
28 640
21 739
23 883
3 313
20 814
26 454
11 803
29 607
17 490
4 916
28 270
13 610
27 461
18 612
23 707
3 760
10 287
26 329
4 277
1 985
0 667
16 847
17 304
20 971
1 902
24 305
15 644
21 730
14 552
9 636
9 483
7 563
26 286
5 950
18 504
21 224
11 256
16 204
27 929
4 417
23 717
26 403
1 818
14 889
0 423
13 810
8 497
9 351
23 447
19 472
0 340
13 402
7 207
19 571
23 798
15 357
25 531
22 600
21 660
25 810
28 348
23 362
12 441
17 274
8 767
1 875
5 818
12 589
20 752
26 470
21 846
27 349
1 604
19 603
19 251
17 854
16 782
28 354
29 787
10 803
4 349
26 976
11 698
10 259
20 253
21 894
8 401
27 397
1 755
27 325
21 407
13 835
28 366
5 993
29 228
0 948
22 286
3 268
25 576
8 750
11 692
0 292
25 299
8 590
3 769
16 426
20 857
28 680
5 985
3 845
29 837
3 531
29 361
15 709
23 536
6 408
17 892
27 392
23 641
29 812
7 267
24 833
26 893
27 879
14 809
17 744
21 919
14 406
25 210
15 323
9 236
17 491
16 983
2 954
6 449
21 634
4 435
26 781
11 679
26 762
28 249
13 505
16 347
6 318
23 518
11 867
15 404
2 980
0 614
2 910
24 564
7 306
4 477
29 781
4 406
11 754
25 369
18 745
0 410
0 467
15 832
17 820
5 284
13 530
2 705
9 477
27 471
24 294
0 940
5 894
14 479
8 770
29 897
8 692
7 614
21 590
16 841
24 299
27 677
0 340
17 642
26 750
24 657
18 899
0 478
11 800
5 281
26 492
3 387
21 835
17 209
6 965
3 314
8 289
20 961
26 897
20 587
23 238
20 690
28 712
8 972
12 586
23 397
25 726
6 426
29 467
14 981
12 411
28 289
17 385
1 207
26 764
14 535
20 818
28 631
5 692
18 658
4 686
16 343
0 911
24 655
22 583
9 920
1 377
24 770
24 286
19 773
21 982
16 218
8 510
2 745
2 746
1 990
3 447
24 573
6 731
7 850
22 726
24 385
18 774
16 561
0 916
12 469
19 981
2 325
18 669
29 574
2 427
29 692
24 882
25 603
6 835
11 897
23 907
4 333
4 973
13 799
7 289
28 333
29 577
2 849
6 322
26 424
20 201
6 945
28 877
0 824
13 330
14 989
18 398
12 858
29 801
12 434
25 468
19 509
21 348
11 769
26 207
10 423
27 261
13 242
9 358
1 704
5 440
19 532
26 582
23 558
4 263
8 690
26 999
2 261
29 775
24 384
20 743
22 747
6 727
29 968
27 265
25 407
15 421
17 321
21 647
19 476
21 850
7 364
17 838
22 232
18 751
28 200
16 372
13 663
9 343
5 232
24 690
16 314
21 788
22 470
14 836
3 226
4 734
10 472
0 886
0 637
25 376
16 511
19 691
10 642
17 920
11 314
25 342
20 653
28 662
15 665
2 716
16 220
29 237
25 853
6 836
26 998
11 651
8 944
17 240
29 751
27 661
27 484
20 466
10 400
9 386
10 619
5 966
8 947
9 420
12 329
1 870
14 490
17 767
23 655
7 341
17 871
26 772
18 507
6 366
15 445
17 922
12 919
14 219
20 709
8 889
17 900
4 875
7 637
23 410
27 436
8 692
10 687
21 920
3 930
12 663
13 703
3 902
21 276
5 383
27 277
14 476
15 771
12 567
14 761
13 803
21 412
15 744
19 736
7 333
23 214
6 589
3 926
10 228
16 652
14 768
7 688
3 744
21 654
4 813
2 371
25 582
29 392
26 486
22 385
25 946
17 256
24 779
18 973
23 694
26 947
26 699
4 678
16 414
27 465
8 671
1 320
3 750
5 211
18 308
9 397
13 467
8 942
