2000
18 468
19 589
27 278
29 744
17 963
23 460
13 984
5 374
19 378
7 675
27 477
15 847
28 251
1 934
25 375
5 884
6 763
24 601
26 471
15 774
0 867
27 306
7 889
17 441
8 441
8 835
0 347
15 764
17 402
15 677
25 899
19 522
1 841
25 818
23 829
26 882
5 400
26 654
8 396
17 322
1 522
15 780
29 895
28 227
3 991
17 430
7 558
4 411
23 224
13 381
22 916
18 551
23 708
0 304
17 753
25 375
25 590
6 803
28 453
25 603
15 734
6 339
26 670
5 737
16 650
22 385
15 205
14 378
4 501
28 949
29 244
22 835
23 221
15 903
21 740
28 928
25 273
20 346
5 854
12 532
5 865
1 290
0 818
1 872
13 740
12 977
27 899
1 929
12 588
8 971
18 604
17 845
6 835
27 867
5 210
5 460
19 261
15 256
18 439
11 251
1 689
10 856
5 735
0 893
15 484
3 831
22 988
28 225
5 952
1 459
20 973
18 350
0 748
22 921
0 458
3 919
17 872
28 522
5 819
24 300
8 825
29 890
20 314
7 838
22 767
26 920
16 304
22 549
9 253
11 635
7 651
17 614
29 550
25 646
7 712
0 249
4 291
17 449
16 588
19 899
25 296
1 292
6 507
26 298
18 410
9 530
22 287
19 530
1 287
1 489
3 958
18 966
28 889
15 201
22 297
13 913
16 842
11 631
20 511
19 622
4 416
18 748
24 288
17 450
22 448
3 693
20 639
20 312
5 838
17 515
6 896
17 969
8 665
17 679
19 396
5 893
29 656
0 764
5 216
6 1000
21 925
29 442
28 285
0 933
0 323
12 465
6 775
24 608
8 391
14 828
5 282
5 245
25 401
28 487
5 759
14 498
12 760
6 599
26 639
13 416
28 659
12 813
19 334
0 721
19 862
4 223
5 591
20 838
22 888
2 295
4 395
19 348
27 758
6 598
9 248
21 288
17 764
27 488
22 401
23 568
1 784
28 820
25 931
12 496
24 359
3 681
17 555
16 797
16 564
27 210
28 710
29 867
9 410
13 391
28 924
7 454
19 999
25 588
12 575
15 493
3 793
16 515
14 911
27 511
21 869
11 644
28 289
10 828
28 278
6 214
22 982
7 765
25 314
9 612
1 472
7 820
7 347
27 715
0 684
4 479
26 925
5 655
25 455
23 423
23 965
6 368
21 499
4 658
16 849
8 590
29 670
16 498
2 955
20 908
13 615
22 480
25 812
13 803
23 293
17 437
24 434
27 781
18 379
20 277
24 927
1 252
9 675
9 271
8 862
19 917
27 217
8 787
18 715
17 646
23 315
2 780
24 866
27 421
24 240
28 598
20 300
20 677
3 879
26 650
5 759
9 844
3 381
5 312
25 709
0 521
8 397
20 720
18 511
1 739
20 742
6 702
9 380
16 998
27 663
4 899
13 216
29 326
18 484
17 982
19 266
18 795
25 303
23 407
16 427
25 780
10 815
5 241
1 665
4 459
23 856
10 998
3 877
0 720
24 468
15 950
9 911
17 555
29 839
3 221
11 768
0 255
22 402
26 531
1 212
24 875
28 334
15 578
9 307
23 246
3 252
2 998
20 464
2 542
6 957
15 963
4 655
26 861
4 292
20 407
11 713
12 767
8 772
6 597
28 509
15 649
29 501
18 620
20 407
26 678
1 506
26 967
9 575
26 915
14 458
1 320
14 728
27 447
24 667
7 695
12 238
4 505
5 795
7 325
26 527
2 383
7 895
0 845
29 506
8 272
15 524
24 738
10 946
27 951
29 785
25 516
5 445
26 598
17 300
1 737
4 650
12 515
17 416
10 950
8 764
29 326
9 625
5 503
18 719
29 207
17 364
5 981
14 694
8 427
5 451
16 443
2 432
2 326
28 855
20 382
2 810
3 302
26 547
18 729
21 395
0 559
19 812
28 934
21 652
13 718
16 875
7 717
11 689
13 766
6 691
22 569
27 552
5 887
24 777
16 910
4 812
10 457
4 377
12 783
25 651
22 881
10 219
14 904
26 897
2 256
21 248
12 960
26 385
0 836
19 979
0 334
1 322
22 363
13 232
11 636
20 310
7 509
20 707
29 519
9 651
1 510
13 593
19 761
11 925
11 997
17 693
14 315
2 456
11 457
8 647
18 966
20 972
8 632
27 758
12 943
23 429
5 865
11 999
4 704
21 370
23 654
18 718
17 799
5 619
16 590
12 420
9 621
24 881
13 937
1 881
14 640
7 770
12 662
11 272
23 931
4 494
3 979
7 977
8 652
6 769
16 628
25 691
8 979
19 404
17 899
29 570
10 302
18 999
20 556
18 872
26 778
12 227
4 871
16 395
2 261
17 382
23 785
18 396
13 822
20 553
18 321
24 685
7 696
25 871
12 792
25 724
19 790
11 705
20 204
14 963
28 568
1 265
29 228
7 644
12 444
24 673
24 956
1 542
22 520
12 818
23 448
22 867
11 422
5 435
1 694
18 355
5 496
12 560
22 896
4 802
17 343
24 279
29 711
25 844
27 387
17 400
25 410
0 245
19 319
10 203
11 284
20 743
15 536
23 787
7 793
9 227
12 537
24 331
14 427
5 646
1 972
6 622
21 253
16 333
7 297
12 870
19 878
7 967
29 927
18 874
16 432
3 691
12 455
25 518
12 538
7 800
25 364
23 216
20 528
15 738
17 851
14 998
3 975
11 737
28 499
1 394
6 696
14 304
9 309
5 738
27 544
10 378
18 767
8 431
25 994
28 433
20 717
1 268
20 769
12 342
19 405
2 727
24 517
1 360
26 410
2 415
13 216
13 672
3 706
17 790
28 435
8 946
9 886
15 794
2 657
7 795
1 711
8 347
22 382
24 627
19 731
23 548
19 726
16 940
11 721
9 803
26 683
0 257
20 854
5 950
1 671
2 970
28 495
20 974
25 647
4 884
28 366
25 240
27 889
28 963
1 971
24 335
7 270
21 402
27 457
3 591
11 570
19 589
4 291
16 837
16 317
10 604
29 704
8 574
3 452
24 751
28 392
10 911
23 632
14 547
23 408
19 566
8 855
24 201
17 999
6 529
17 612
18 205
25 540
7 533
15 438
27 657
11 812
21 230
16 865
16 771
24 254
8 401
4 582
4 855
28 292
14 472
13 205
0 708
24 998
8 836
19 735
12 886
12 769
24 937
27 283
19 706
28 318
2 799
27 201
6 421
2 258
23 381
22 495
13 998
24 625
20 652
3 469
5 792
19 989
7 511
9 937
13 274
21 843
15 245
14 614
7 763
15 337
14 209
8 749
19 742
13 698
15 349
28 514
7 249
12 385
3 487
12 395
11 677
24 910
7 870
29 272
3 944
20 689
18 971
12 639
2 977
12 377
6 594
1 742
15 412
27 541
26 273
21 206
27 717
19 396
29 587
2 464
14 900
10 323
5 664
20 523
10 994
0 987
6 816
1 524
27 673
17 427
5 632
6 533
19 612
26 418
27 420
27 596
3 758
13 455
5 975
20 823
27 322
18 458
8 584
1 467
19 228
28 751
6 850
23 565
12 481
20 286
10 477
21 950
5 283
27 557
6 860
14 856
14 610
26 455
16 660
29 386
24 769
14 549
23 384
8 919
9 742
1 946
15 200
28 231
20 599
13 347
19 375
27 245
29 772
2 877
9 943
24 779
26 269
4 307
2 704
7 712
16 598
3 750
5 411
22 745
18 577
19 287
3 848
10 999
14 676
3 923
10 618
10 658
3 447
16 439
2 517
8 695
24 551
0 336
16 554
15 953
0 897
24 398
15 254
6 811
16 466
8 257
23 998
13 693
3 330
5 521
10 228
20 451
8 738
22 864
6 859
3 780
6 613
2 639
14 737
28 787
25 757
29 440
24 899
24 862
28 573
6 310
0 975
5 803
27 694
12 220
8 859
5 223
20 385
24 323
7 906
27 585
3 708
14 737
22 279
26 201
11 641
9 685
26 923
27 264
19 532
10 878
16 247
24 363
14 733
1 363
28 443
5 981
14 978
16 345
17 456
2 315
23 303
16 743
2 310
6 304
16 810
16 258
3 658
29 272
6 281
7 621
17 850
29 330
21 934
12 992
28 845
5 675
27 326
16 671
22 813
19 634
25 242
23 631
22 900
26 963
22 916
7 322
23 651
7 242
27 374
9 616
10 636
15 871
0 281
14 939
8 423
29 518
3 600
2 988
20 735
27 438
22 245
2 617
24 326
12 926
16 835
21 359
13 892
17 975
12 411
7 859
8 903
2 283
22 394
20 909
25 359
15 293
9 231
10 564
8 737
23 542
19 992
12 242
12 605
28 649
11 876
4 723
17 457
3 259
23 200
26 570
29 239
21 581
6 280
29 479
27 883
15 489
2 846
16 508
0 224
18 494
20 939
14 921
28 351
25 857
25 424
23 220
29 293
4 438
25 268
10 638
17 494
6 619
29 273
17 410
23 619
26 609
19 269
19 873
27 247
9 578
4 994
4 679
29 858
1 463
1 762
26 667
13 527
15 365
0 329
23 476
29 845
26 670
25 200
19 818
1 677
2 387
25 219
0 953
14 281
10 315
23 636
29 617
0 320
2 930
17 580
8 881
5 620
14 482
11 212
15 940
5 768
16 596
29 305
11 882
19 960
17 847
4 932
26 433
14 380
17 404
19 762
23 319
16 789
8 505
28 805
17 895
19 778
10 464
27 899
26 899
25 529
7 574
3 794
24 565
8 986
22 498
0 536
12 954
7 703
5 568
7 760
29 844
1 798
22 536
1 312
23 777
1 598
3 680
3 769
28 916
9 298
8 809
4 713
25 889
23 392
12 823
7 900
26 516
1 524
11 624
23 363
2 464
11 816
21 715
9 682
0 738
7 544
29 907
14 575
27 690
11 253
9 600
29 786
5 254
13 899
13 953
5 746
14 980
28 871
24 929
24 486
25 840
25 693
17 806
6 905
23 227
26 869
8 562
7 209
6 925
28 531
16 352
11 317
21 791
23 299
21 202
1 581
10 299
5 616
1 836
12 620
5 610
3 300
9 447
3 986
21 389
5 949
29 497
15 270
16 739
28 747
10 720
25 978
0 984
7 744
2 826
1 207
16 281
13 865
22 283
7 934
20 270
25 760
1 372
6 374
11 618
15 291
17 519
2 346
27 438
12 479
17 473
7 970
5 534
2 592
7 522
4 537
22 972
8 596
6 317
12 974
0 361
5 695
5 210
9 700
19 325
10 848
18 286
3 364
4 838
13 745
27 205
11 720
27 656
27 263
2 278
4 491
21 923
14 693
15 461
3 241
6 867
10 318
14 427
4 769
7 887
22 213
5 689
5 623
1 794
4 536
2 297
22 423
26 634
2 538
21 288
12 764
5 326
8 605
6 884
24 200
17 543
3 429
1 343
0 219
29 795
22 335
26 710
6 572
15 640
0 463
29 681
15 968
10 900
10 578
3 427
28 547
26 588
24 745
3 217
23 590
23 982
9 791
0 851
28 310
11 721
3 482
28 966
12 745
25 400
11 313
25 618
6 928
3 531
17 786
13 736
3 428
13 576
8 470
11 655
16 847
26 470
22 891
14 605
15 208
8 364
23 496
14 911
4 316
15 474
15 765
14 533
7 574
1 331
17 233
10 396
4 816
10 423
11 721
27 499
27 690
24 452
4 251
21 348
9 440
6 486
2 774
26 852
18 863
7 685
13 783
27 806
25 684
10 896
19 219
16 921
23 524
28 892
6 817
19 582
20 378
26 853
1 679
0 353
28 565
19 946
8 986
22 985
27 360
18 856
8 974
1 221
20 340
28 321
7 315
16 703
12 940
11 324
13 955
21 762
0 597
11 443
3 664
0 354
9 403
21 769
2 612
18 305
14 603
11 551
24 992
3 838
12 509
25 617
1 450
14 545
13 353
23 205
14 777
17 743
23 404
1 395
7 381
3 834
13 423
2 652
2 716
25 745
6 746
2 753
23 203
25 216
25 944
5 872
24 286
7 905
23 497
26 559
17 597
1 321
20 965
4 889
3 285
2 833
5 239
15 623
25 522
11 477
22 683
28 433
27 499
25 245
25 207
7 320
27 987
21 845
22 746
25 358
9 523
11 728
26 583
27 422
9 678
25 772
8 843
3 833
28 460
4 849
26 638
4 438
21 433
26 876
17 981
17 922
7 677
15 279
23 738
10 588
18 249
7 730
2 665
2 394
16 896
28 392
25 378
21 776
19 382
29 590
26 449
8 838
16 918
13 662
21 549
18 479
25 696
15 517
3 441
8 853
28 726
23 497
7 417
13 399
13 241
28 480
5 727
11 511
5 239
16 374
6 416
22 338
4 333
14 640
10 391
22 377
24 341
11 374
13 497
19 759
10 268
0 568
29 963
26 461
29 414
16 586
16 463
28 706
0 764
9 239
17 271
1 351
23 633
3 506
18 435
11 554
1 843
7 967
16 886
25 722
29 653
22 484
26 761
15 526
29 520
19 609
4 930
23 750
14 785
18 350
9 830
24 700
11 314
10 533
27 976
17 225
7 913
3 967
23 690
18 464
25 963
12 780
5 988
18 551
17 852
22 842
14 237
27 728
6 914
4 893
18 412
7 522
5 200
27 963
12 487
2 889
10 965
27 679
2 760
15 237
10 912
14 229
15 546
14 584
24 230
14 257
3 714
19 463
4 623
25 449
11 515
23 568
8 806
28 680
1 730
29 697
1 837
7 427
15 767
5 544
0 226
9 359
20 527
20 244
23 905
27 595
17 778
6 713
25 488
19 838
25 630
12 905
24 911
14 980
13 531
1 950
3 618
27 399
9 749
25 705
24 894
12 343
29 715
3 813
9 609
29 246
7 968
17 216
16 969
5 516
5 788
28 738
21 200
17 438
11 670
2 853
25 830
19 585
8 250
11 658
0 604
21 515
3 342
26 480
16 964
21 797
9 244
25 968
7 318
17 668
13 368
9 711
3 241
8 745
2 575
29 774
21 432
2 595
11 440
18 477
27 656
7 609
20 528
4 991
10 279
18 588
24 691
26 413
1 956
16 716
29 497
22 766
4 445
17 307
6 273
7 825
25 581
23 731
12 552
22 224
11 754
13 348
28 397
2 458
27 982
5 246
13 972
13 612
4 829
7 422
21 825
26 408
18 859
9 656
6 969
0 496
1 289
26 374
8 845
0 878
17 853
3 224
29 337
15 913
7 388
10 941
9 857
6 542
0 690
29 783
14 756
24 667
18 757
14 827
9 866
18 217
19 432
6 207
16 419
15 307
15 294
14 330
2 968
22 676
18 728
13 754
9 883
12 249
20 516
1 899
25 308
1 210
20 363
8 637
12 338
7 465
8 454
15 395
8 674
18 315
27 608
8 742
1 620
4 491
21 367
13 899
13 772
5 658
13 872
24 479
17 780
22 763
4 488
29 505
14 319
20 725
8 782
11 706
27 902
7 667
24 624
17 275
23 568
0 909
28 375
10 959
24 211
5 969
16 722
12 873
9 342
26 784
25 354
14 455
23 892
1 935
15 787
27 310
28 736
15 824
1 657
16 961
29 944
19 405
1 886
0 566
26 268
9 874
4 651
17 438
29 425
22 715
19 927
29 816
5 944
5 460
2 550
13 354
18 787
28 893
7 699
14 562
19 303
19 920
15 246
16 470
27 646
7 228
26 406
7 705
2 232
20 712
16 952
20 435
11 713
28 777
0 508
1 329
19 754
2 226
23 826
1 571
9 828
17 207
24 701
1 740
18 785
14 627
0 967
3 747
28 892
11 899
9 315
25 648
25 944
20 757
14 419
0 412
28 289
23 931
19 979
17 736
6 962
27 574
8 643
7 888
20 860
19 985
29 384
0 832
7 667
25 656
3 698
26 316
19 539
4 997
27 587
6 233
15 820
19 998
7 230
0 848
8 660
27 834
10 722
8 466
2 627
13 862
10 296
9 326
0 488
2 422
24 507
4 566
29 606
10 361
5 349
19 333
26 353
1 796
6 816
1 582
0 301
6 554
18 279
29 914
1 739
2 634
28 615
26 540
14 889
6 430
17 307
17 723
9 358
19 233
14 487
5 342
20 283
0 556
10 489
25 921
6 249
5 438
9 789
24 583
20 324
11 908
17 652
13 436
15 863
9 637
10 517
15 761
20 663
17 366
16 682
24 740
9 868
12 512
16 608
21 928
0 531
17 628
2 483
6 416
22 866
9 269
14 280
18 965
12 744
10 765
13 979
20 332
13 921
16 661
0 225
9 375
20 921
15 557
22 317
15 336
25 822
24 238
0 297
12 277
1 417
24 701
12 447
26 580
20 346
25 554
16 649
29 332
20 531
8 564
11 776
28 319
24 556
14 859
0 647
3 699
23 570
13 736
20 775
21 537
23 770
19 641
5 981
5 452
23 207
19 855
24 824
20 293
5 391
5 614
6 481
2 795
13 632
21 268
15 564
16 736
23 695
27 366
14 734
18 831
22 813
8 396
15 703
3 332
4 210
25 212
18 599
6 358
2 704
10 279
20 917
3 738
22 544
25 700
28 693
7 601
8 889
0 572
24 779
16 620
17 889
17 594
16 996
2 978
26 273
19 264
17 760
24 757
8 883
1 208
24 458
0 481
18 832
23 507
10 585
0 710
2 751
2 431
7 445
8 999
19 669
15 294
20 400
0 453
15 321
27 317
0 423
4 969
26 425
10 908
22 878
4 376
29 365
18 944
17 646
26 422
25 286
16 734
28 312
25 765
29 436
2 753
20 705
16 394
20 418
0 214
5 804
1 770
14 406
25 847
6 375
16 798
26 635
4 550
15 925
4 919
14 333
15 658
2 309
25 634
22 525
9 767
23 903
9 719
20 238
4 712
6 797
20 512
28 664
20 436
12 571
24 669
19 590
10 967
29 395
12 218
26 419
3 207
4 806
26 473
3 398
12 724
22 768
4 375
6 780
22 717
7 902
7 558
11 890
19 742
15 366
12 963
25 797
16 305
13 480
25 347
28 225
8 709
