2000
14 568
2 596
26 203
26 562
15 259
3 253
28 311
18 908
23 336
8 924
10 464
22 610
29 323
0 577
10 860
22 426
26 793
21 260
14 221
27 973
28 325
15 816
3 669
3 925
22 238
16 535
27 589
27 937
5 389
27 729
12 697
28 309
21 913
8 907
2 402
23 771
29 301
18 927
29 647
12 319
22 921
8 792
20 893
13 749
28 308
25 751
7 288
5 440
13 388
8 559
14 392
12 615
21 829
4 669
28 674
1 589
23 227
28 686
13 349
8 731
17 671
9 891
8 838
1 851
6 749
21 501
9 540
13 833
18 278
12 596
6 575
11 938
2 879
28 907
29 434
15 448
8 603
20 844
18 742
19 621
0 220
3 374
1 233
24 328
7 489
17 576
19 365
6 797
11 981
25 775
21 691
6 734
17 658
7 829
1 760
25 842
29 762
0 907
5 423
24 982
27 707
7 701
22 331
7 888
12 902
10 738
3 558
27 837
21 500
15 681
3 608
0 833
1 554
5 711
19 550
28 250
3 622
14 724
19 631
1 690
20 362
0 426
13 780
17 915
10 452
7 931
11 681
12 772
0 454
19 312
5 407
16 622
8 974
11 452
13 334
3 659
18 293
0 800
27 629
14 706
12 385
16 565
28 936
21 342
7 207
27 527
4 594
23 241
14 450
4 226
20 830
23 306
16 408
12 235
26 852
20 743
28 895
16 455
8 519
4 599
2 485
11 922
22 719
26 962
4 715
23 820
7 485
27 868
14 244
28 530
25 999
0 443
21 517
16 264
14 466
13 421
17 536
11 289
29 671
29 881
1 955
2 740
24 535
21 530
9 614
13 512
4 335
28 703
18 365
5 876
20 478
17 286
2 608
11 680
6 263
12 692
7 312
17 345
21 696
16 983
24 932
6 781
4 748
20 553
17 677
13 793
14 960
10 476
22 927
11 954
12 792
20 236
4 497
12 218
3 940
4 721
15 446
14 705
25 727
25 228
26 941
21 619
14 715
5 927
24 818
11 939
27 936
26 637
24 388
3 287
21 340
28 597
15 903
3 829
26 360
4 364
23 546
1 626
1 661
28 818
1 536
23 328
14 550
21 591
29 946
21 766
25 869
2 776
16 453
24 832
7 267
9 508
21 536
12 309
5 859
11 441
5 433
24 287
10 930
29 644
28 342
17 665
13 770
9 958
1 512
16 449
29 215
11 358
28 330
23 625
3 712
26 288
4 494
25 554
7 696
7 505
16 323
7 707
17 219
13 505
14 578
13 738
4 308
0 941
4 844
1 921
5 797
17 691
21 685
16 587
20 985
20 406
7 519
29 652
3 437
17 400
5 380
26 936
7 521
3 337
2 972
22 977
13 314
9 552
27 295
1 505
0 588
8 921
29 440
15 250
16 637
8 479
18 768
16 901
22 495
25 344
12 396
0 441
9 762
24 530
28 391
29 828
23 749
1 849
10 608
28 922
10 295
11 942
1 504
9 755
17 241
12 373
26 936
26 736
7 308
28 559
3 499
23 493
27 827
22 908
0 675
15 237
12 968
12 653
5 537
3 881
4 824
21 551
29 289
29 958
23 321
6 314
23 486
28 413
14 572
14 341
10 677
25 276
10 601
18 218
19 292
26 438
19 645
28 409
14 235
22 318
4 705
28 904
27 802
2 397
28 920
13 529
5 615
7 639
18 433
15 454
28 496
6 502
0 209
16 626
22 569
13 535
3 818
2 905
14 813
10 816
14 805
0 704
16 575
28 973
3 201
22 998
13 323
3 977
26 930
16 481
23 992
28 436
12 835
3 242
21 332
20 422
2 890
14 929
12 910
24 474
12 906
25 557
2 506
9 954
25 686
7 777
13 786
26 751
6 597
13 653
20 677
11 467
0 441
3 740
11 434
9 618
21 880
0 405
28 343
11 482
12 259
29 494
14 532
14 642
24 601
5 698
22 367
14 393
27 856
14 575
23 387
13 431
0 897
23 571
3 882
13 793
15 595
15 969
19 601
13 542
2 543
10 505
5 220
18 371
0 435
20 662
11 363
5 321
21 590
0 658
11 953
3 700
10 769
17 923
11 719
22 631
12 238
24 889
23 882
7 492
19 503
9 935
10 656
7 666
13 753
18 940
19 636
27 826
2 370
21 688
16 255
8 556
28 484
29 589
10 238
29 616
20 282
28 451
20 403
9 394
17 240
8 625
5 912
6 943
3 420
12 891
25 382
28 408
7 584
3 835
10 417
24 583
16 498
9 434
14 908
1 653
0 824
17 999
25 232
13 349
5 645
5 816
27 859
3 308
7 248
19 261
13 593
3 461
26 504
0 748
8 570
4 951
26 681
7 509
9 652
18 318
29 507
4 633
20 671
10 272
4 647
24 225
9 769
14 267
0 888
10 423
28 564
20 459
27 369
6 656
14 477
6 508
29 870
10 785
23 784
8 738
23 221
26 470
2 223
8 440
13 873
24 734
21 287
5 348
10 728
12 641
24 341
6 703
6 414
18 438
10 249
10 601
14 952
13 742
5 762
0 919
7 776
7 362
13 425
13 636
25 612
12 957
6 656
5 546
8 869
28 577
0 742
6 212
8 683
14 614
23 963
2 634
29 949
27 790
26 474
24 415
24 567
17 456
16 332
5 544
4 529
6 904
5 363
18 781
26 976
1 302
14 203
20 640
23 355
11 849
17 978
21 976
20 596
24 924
7 351
17 268
1 478
20 783
27 968
21 971
0 555
1 384
2 904
15 425
17 806
1 602
12 480
1 247
8 475
7 357
11 780
10 661
15 355
12 338
26 1000
25 481
11 951
22 765
14 269
3 905
27 267
25 439
4 292
9 927
0 747
29 246
5 682
23 944
0 468
29 418
2 967
17 782
1 858
0 395
4 376
6 357
1 931
3 430
19 446
21 357
23 632
3 520
23 347
4 535
19 646
2 596
9 407
16 241
16 214
5 379
27 896
14 485
18 707
19 281
6 835
26 721
0 761
26 431
23 599
0 793
20 863
26 578
8 354
29 374
7 784
5 591
22 452
18 959
14 641
8 742
16 724
16 201
22 909
22 755
22 305
13 508
24 590
17 975
28 415
21 391
2 536
0 942
21 366
25 319
29 551
25 339
15 714
21 448
5 775
6 723
23 398
0 679
6 577
24 213
19 970
4 359
22 730
16 665
5 441
28 834
7 231
7 507
29 405
15 285
8 526
12 945
18 586
20 386
28 840
3 491
10 577
29 756
8 627
15 887
26 216
9 445
27 647
10 500
1 409
12 316
3 661
23 915
8 222
16 723
4 418
20 550
6 597
10 672
17 207
13 228
10 454
24 598
14 804
13 226
18 464
27 284
12 594
26 605
18 767
1 848
25 757
9 966
0 775
0 708
0 483
28 459
4 490
2 819
13 774
5 548
14 239
0 458
9 683
10 929
1 665
13 838
25 927
15 348
22 234
19 231
16 434
17 492
7 717
15 209
4 378
17 281
22 235
2 876
7 809
23 495
20 425
10 813
1 285
17 272
6 265
15 480
24 655
8 362
6 489
17 758
10 207
10 289
12 929
9 675
27 789
18 423
2 902
0 864
25 530
6 713
2 983
2 583
12 291
4 389
27 373
7 356
3 637
17 316
15 574
27 394
14 583
3 832
11 493
24 307
23 892
17 818
26 878
9 557
9 959
14 207
9 461
28 843
12 852
15 545
25 352
1 437
10 234
29 676
9 600
13 591
18 253
11 559
25 869
11 639
5 387
11 209
24 888
4 759
13 909
25 306
14 725
22 567
25 983
14 591
11 874
2 998
7 350
15 291
8 685
0 225
9 761
8 582
6 323
17 733
9 642
11 272
19 542
16 998
17 822
6 930
11 628
1 643
14 660
22 784
18 370
22 744
24 756
6 514
4 947
22 978
26 651
24 365
15 861
9 448
8 952
3 862
29 862
9 822
4 893
9 722
26 947
27 843
4 762
29 500
19 535
2 482
25 203
22 280
11 328
22 408
19 333
16 352
2 870
7 786
27 405
22 332
20 973
1 749
24 358
29 275
7 909
7 530
23 310
18 821
0 780
25 543
7 933
17 742
19 812
18 894
29 268
19 729
14 696
26 605
19 695
10 590
21 221
26 633
3 866
11 345
4 578
10 471
24 490
20 860
12 946
26 560
6 791
6 536
19 897
16 705
24 432
11 693
27 641
16 648
0 649
8 330
7 996
26 964
27 223
29 810
29 699
22 952
18 650
21 871
28 285
7 556
24 774
14 613
7 640
14 330
23 710
19 670
26 511
26 250
18 782
3 944
1 698
19 969
22 928
25 850
20 953
13 560
2 464
28 920
11 265
10 861
23 576
2 418
21 597
24 551
0 474
24 472
13 329
5 614
4 631
29 984
13 232
9 679
1 795
20 984
24 569
23 392
29 784
9 259
15 540
17 645
6 964
4 226
12 803
6 382
0 588
8 396
24 783
13 255
22 550
19 699
2 627
1 696
13 917
22 786
9 226
4 309
11 537
3 488
7 859
8 977
22 792
19 935
14 486
20 791
20 988
2 940
5 779
28 688
19 665
15 504
19 607
7 650
29 740
3 983
2 381
11 454
20 949
1 682
18 644
27 862
16 456
27 719
28 706
1 774
26 904
10 852
11 665
25 981
22 497
11 658
26 264
6 860
5 542
18 930
3 908
19 872
15 621
11 289
26 520
5 320
16 716
8 343
11 972
17 977
15 222
21 412
0 945
26 404
12 203
2 423
17 478
27 348
10 908
11 762
5 664
5 504
20 559
27 965
0 612
0 366
17 489
18 588
13 900
0 362
24 711
27 615
7 862
0 827
7 514
23 661
19 699
19 772
3 308
13 364
26 990
29 895
7 821
8 576
23 215
7 459
13 574
22 221
16 368
0 809
22 316
26 583
13 558
4 687
1 724
29 673
23 766
18 344
4 277
0 246
13 510
23 740
24 514
9 621
10 824
2 241
5 428
22 635
24 557
16 272
1 521
24 724
23 918
22 454
7 672
3 934
16 415
18 745
14 407
28 988
18 910
17 936
11 867
13 877
6 675
14 936
19 936
8 463
5 930
14 584
3 822
25 300
10 768
23 924
4 787
22 907
5 313
26 518
11 724
5 900
22 848
6 500
21 320
28 740
6 679
26 455
4 684
6 403
27 342
2 603
29 612
2 924
22 533
26 537
5 969
29 348
15 652
21 577
3 291
6 608
20 809
9 474
4 294
7 614
6 994
6 286
2 521
26 385
26 648
27 267
14 635
25 654
21 389
22 969
29 663
11 441
8 439
2 423
15 854
3 411
25 245
6 894
25 626
3 286
12 489
24 818
15 369
5 599
14 949
26 659
23 213
11 997
12 861
5 787
14 208
3 324
25 729
17 330
3 321
0 996
23 294
15 448
20 252
25 905
0 694
20 872
29 693
24 911
3 999
13 454
12 438
7 644
2 969
3 757
10 548
26 991
1 802
26 238
24 364
14 351
7 231
25 479
12 538
29 993
1 654
0 439
6 779
10 417
4 821
17 715
9 962
12 229
0 375
20 920
4 992
6 585
12 547
2 411
17 510
23 289
4 681
13 947
10 929
1 798
18 767
8 342
0 835
11 741
6 295
8 362
14 413
25 661
8 881
8 510
3 496
29 442
1 707
23 628
26 596
6 947
28 895
3 865
24 231
15 732
20 766
2 838
6 902
12 994
18 956
2 363
10 854
23 613
14 201
3 573
10 283
4 637
24 871
16 822
3 731
9 589
18 828
22 436
15 988
5 462
27 482
10 447
16 697
29 589
18 605
19 744
21 307
4 805
9 887
18 918
16 620
26 470
25 855
26 304
22 899
22 398
29 960
23 675
29 420
27 795
9 669
27 703
21 243
13 402
12 710
28 916
28 585
12 476
11 242
16 558
20 683
29 320
11 738
26 452
29 738
4 879
9 336
24 323
5 702
8 677
11 226
29 990
1 725
27 575
1 411
11 522
22 700
28 335
7 435
13 358
12 766
2 473
27 585
12 680
28 938
22 997
24 895
9 793
4 730
6 222
17 927
14 263
21 322
9 547
0 945
8 397
11 588
29 492
14 588
8 320
21 424
11 972
7 582
14 437
7 806
2 440
26 550
2 522
13 745
27 414
23 889
7 703
15 383
2 795
24 362
17 371
9 834
13 991
21 768
13 287
10 454
29 654
9 663
3 781
15 827
20 386
25 866
7 808
0 260
29 273
25 239
29 783
23 216
12 887
5 524
26 477
11 490
25 596
7 770
9 656
0 972
18 524
5 755
2 281
23 653
22 795
4 216
23 922
18 449
25 471
20 374
21 505
15 462
28 874
14 476
12 335
9 853
22 844
5 580
3 599
15 643
10 607
12 375
9 511
27 478
10 848
0 324
0 696
20 387
15 254
9 237
3 363
17 588
13 574
11 997
6 639
11 756
8 653
4 908
28 318
12 266
15 400
1 528
8 866
9 209
5 672
3 218
5 478
20 233
29 961
17 392
13 700
1 759
22 571
10 563
1 658
6 254
10 829
5 565
3 570
24 795
4 302
3 524
14 607
26 578
7 611
22 806
26 718
17 979
14 512
23 837
24 722
27 914
7 790
24 768
28 506
5 908
2 902
19 508
2 879
10 221
12 460
8 864
8 416
2 700
20 740
18 825
5 740
20 978
20 892
29 249
9 940
19 201
11 927
8 429
22 993
0 852
15 394
5 214
9 429
23 693
26 953
20 685
10 853
17 607
21 679
17 270
12 537
9 828
26 858
3 652
4 381
7 532
11 458
1 514
1 728
29 974
0 972
28 944
20 477
1 958
16 783
0 689
20 679
2 639
28 805
15 550
29 871
4 509
24 684
12 314
15 633
19 241
20 473
7 852
2 414
6 796
7 816
26 578
3 626
4 322
1 920
1 716
16 264
14 455
23 870
21 889
2 411
3 527
19 399
26 563
7 595
23 853
2 329
18 670
18 537
19 404
12 910
14 675
17 471
13 873
22 537
6 813
9 350
26 820
13 478
8 690
29 508
4 605
12 912
22 840
0 700
15 769
0 859
26 795
26 345
22 654
16 271
26 434
29 866
6 293
21 679
24 507
4 618
28 649
1 976
17 334
22 700
14 722
26 561
8 399
20 982
1 284
15 929
18 547
9 374
9 858
16 375
28 502
13 455
24 410
15 577
2 563
19 872
13 607
14 295
23 234
19 283
7 231
11 836
24 582
17 759
8 884
10 773
16 238
17 714
0 380
14 951
6 919
14 320
14 278
5 811
13 616
19 603
17 601
12 742
24 479
17 517
19 711
22 752
26 757
23 660
0 1000
27 494
12 741
7 928
24 205
17 593
5 904
21 509
8 946
22 902
21 649
7 882
3 997
21 582
29 999
29 377
15 947
18 977
1 388
0 440
19 989
3 299
14 940
0 267
1 351
15 266
5 752
21 997
28 719
17 323
4 391
7 890
19 252
1 535
21 498
14 202
16 775
22 629
23 499
27 368
17 322
12 772
15 941
11 367
9 358
19 207
29 984
5 283
9 935
5 338
2 989
0 253
23 983
29 712
0 449
14 962
19 396
1 375
0 306
26 669
7 428
10 468
14 695
22 683
24 492
20 827
14 714
9 923
8 328
25 337
12 216
19 272
10 681
5 511
0 767
19 975
13 653
11 1000
11 767
11 236
0 549
13 703
9 876
6 784
20 808
1 367
26 657
23 485
21 632
25 983
13 886
13 639
11 888
26 301
13 554
18 565
13 670
7 981
9 982
27 718
21 463
23 360
14 698
4 489
26 615
8 214
7 235
9 571
15 344
0 546
22 221
18 714
10 489
20 608
28 353
4 536
1 340
2 203
27 744
12 475
4 237
2 619
9 870
11 660
9 847
1 305
24 998
17 942
10 792
13 859
13 674
12 871
21 345
13 860
28 578
7 261
11 974
3 619
20 656
3 359
17 402
12 368
5 568
6 650
29 300
4 548
12 961
4 991
11 794
28 346
27 349
1 815
9 824
28 768
17 319
17 391
21 871
11 880
16 720
1 955
6 587
10 884
2 807
15 953
4 403
22 979
1 566
16 782
25 253
3 924
27 882
18 349
13 697
20 615
23 929
28 416
25 346
20 246
21 767
8 561
13 929
4 918
6 669
22 742
5 804
5 402
9 342
2 549
18 877
20 315
11 258
9 235
24 556
25 789
29 493
22 645
4 365
28 458
22 508
9 474
16 757
2 771
22 801
21 235
21 211
8 211
21 951
26 354
17 411
18 622
5 900
6 559
16 712
28 254
14 869
25 801
11 631
0 857
19 582
15 970
25 634
15 595
23 441
12 243
12 359
16 556
21 758
5 357
12 294
6 900
27 827
28 908
16 662
14 385
9 542
19 963
16 444
1 680
8 228
0 872
23 265
17 1000
29 680
7 565
19 593
5 413
19 794
16 608
21 388
21 540
4 230
28 731
2 605
2 797
27 677
3 632
11 290
23 732
23 422
5 539
25 227
15 957
23 525
27 277
4 847
21 658
3 587
14 532
25 684
3 281
24 591
26 939
28 296
3 558
11 974
9 617
11 433
11 636
20 913
9 501
20 275
25 970
22 514
27 608
8 519
29 484
24 941
13 637
20 654
0 908
8 874
22 295
3 549
10 854
18 814
8 672
28 390
15 263
28 977
22 944
3 869
9 252
13 662
29 246
11 517
23 730
13 527
29 645
18 841
15 895
6 446
21 345
9 355
16 493
5 627
5 981
1 351
22 543
12 417
27 967
13 956
22 368
26 351
22 841
2 496
11 520
15 734
22 315
15 404
25 639
20 343
21 699
5 581
13 502
14 533
1 647
15 617
24 563
29 786
19 364
14 774
9 386
7 346
23 753
19 917
3 896
8 867
25 386
4 642
17 865
17 572
15 571
0 697
11 236
25 527
28 434
0 694
16 692
19 291
8 391
15 462
13 492
19 397
29 792
10 609
21 933
19 574
28 991
5 333
27 550
27 398
20 362
19 669
15 856
22 277
23 781
3 560
22 337
