2000
28 540
25 269
19 338
20 919
20 660
3 573
14 296
8 732
23 981
16 647
19 217
26 591
20 546
22 593
17 488
18 763
12 396
18 693
25 375
13 319
11 572
28 661
25 270
8 270
28 868
2 926
6 597
3 823
2 926
25 204
0 455
15 503
1 692
23 798
7 776
10 975
12 632
28 377
27 556
2 524
26 883
25 478
25 520
23 478
1 606
22 668
3 424
16 783
9 634
27 743
3 937
24 481
17 486
6 821
10 524
15 660
24 755
20 227
23 984
18 997
14 551
24 413
12 557
27 641
3 668
24 748
8 607
26 644
6 604
9 863
2 932
15 762
10 284
6 580
16 836
24 400
1 288
5 839
28 789
17 337
9 753
13 300
21 548
23 354
26 712
18 480
3 696
17 965
7 592
14 362
15 550
7 518
6 711
21 972
10 959
28 834
21 839
22 635
18 214
17 925
10 564
11 670
0 887
12 571
6 453
9 585
5 517
4 469
23 486
27 658
5 744
10 740
12 758
16 269
16 562
20 314
25 944
28 717
29 595
15 353
27 721
15 554
4 631
12 769
28 586
14 270
3 928
19 355
8 948
20 637
4 856
20 386
16 782
28 942
11 844
7 850
21 372
11 936
6 819
22 670
3 473
18 220
23 471
3 662
5 319
18 209
24 330
6 926
17 949
28 317
9 993
29 716
3 255
17 603
21 851
25 790
1 543
27 728
0 915
8 642
19 216
10 324
21 782
26 567
14 905
3 961
20 272
15 475
18 429
25 696
5 329
1 886
22 509
11 277
7 781
1 796
7 714
14 929
26 541
15 776
3 303
25 857
7 528
29 948
26 821
29 548
24 696
21 876
12 757
6 808
28 785
16 225
20 789
27 572
13 782
28 704
3 269
13 290
21 444
29 262
12 844
19 724
25 848
0 487
15 390
2 957
20 626
3 840
13 950
3 828
11 293
14 774
23 214
27 243
7 744
27 863
6 285
5 945
15 786
24 650
1 316
22 210
8 330
22 817
7 919
14 255
10 785
13 654
23 816
18 710
12 501
0 651
3 875
3 266
9 936
8 830
9 641
16 581
29 754
8 634
1 717
18 754
28 778
9 691
3 946
22 743
27 924
19 836
26 768
15 433
16 944
0 791
5 883
1 918
12 574
22 667
2 720
28 337
14 442
29 486
11 936
28 776
3 291
17 368
24 214
13 838
27 935
26 368
1 854
19 864
9 438
15 661
2 344
27 855
4 723
5 893
27 896
13 622
28 606
16 869
16 938
10 885
6 816
9 285
18 252
27 579
23 808
22 764
0 989
14 357
12 970
4 633
16 1000
24 590
4 980
25 781
6 489
15 239
16 561
11 939
5 474
13 224
27 982
10 650
12 371
16 303
15 637
1 843
21 255
8 415
2 953
5 803
15 754
18 593
16 740
21 861
6 857
23 639
2 769
25 835
5 623
13 677
29 818
26 746
21 468
25 678
0 955
11 807
9 863
14 990
18 446
2 846
24 599
3 830
2 875
29 738
20 702
5 402
18 831
0 418
20 647
29 826
18 727
18 335
3 712
14 964
14 933
27 384
5 351
6 510
10 418
18 695
9 591
20 483
10 776
25 716
6 949
26 281
22 845
14 646
28 480
23 997
19 481
26 665
12 435
13 340
29 371
11 524
4 351
8 276
19 346
13 378
20 363
17 744
9 789
6 598
17 606
13 761
2 559
1 221
27 702
17 644
17 524
19 350
14 257
10 711
19 641
29 204
16 403
0 582
23 272
6 928
18 726
24 534
8 287
11 960
23 568
21 373
4 967
28 350
6 319
6 484
28 874
15 704
17 970
14 649
28 455
17 790
3 654
10 398
10 223
27 799
7 575
21 504
9 219
25 810
25 928
7 821
13 548
23 818
6 684
2 736
0 647
9 278
23 435
28 832
3 210
23 468
3 985
24 530
14 463
0 998
8 694
25 288
29 933
16 422
1 312
15 500
15 275
25 977
20 982
7 814
8 875
26 451
15 344
19 431
16 272
20 782
29 832
6 226
28 205
21 834
7 890
7 613
14 536
28 447
3 355
13 793
13 762
1 291
18 817
0 450
9 645
13 235
9 759
2 626
0 506
12 986
11 851
17 917
4 566
17 244
18 658
1 895
18 341
17 924
15 984
2 947
16 804
5 505
4 223
15 866
1 734
2 778
20 891
19 202
5 225
21 456
15 515
18 852
12 426
19 238
16 560
4 220
6 765
17 382
2 310
27 541
25 681
18 982
29 772
6 957
27 252
21 419
24 508
27 868
3 779
14 867
23 874
6 285
5 889
29 238
0 708
3 273
23 284
16 529
19 684
18 864
15 572
14 322
2 571
4 504
12 837
7 288
27 517
2 783
2 348
10 562
13 786
9 718
28 434
1 639
9 938
14 570
12 552
6 288
14 468
25 584
8 598
20 458
7 981
10 529
22 978
0 621
11 591
18 900
10 829
11 784
17 390
6 828
7 303
12 242
16 815
23 408
8 674
4 855
25 771
3 476
5 759
18 812
17 685
25 261
10 466
22 756
26 336
24 694
15 553
13 736
0 371
22 737
23 889
21 685
4 660
22 218
20 217
3 370
6 651
19 561
12 562
19 436
25 438
26 320
19 422
11 558
21 748
18 258
6 696
3 529
9 528
26 731
3 817
1 325
19 815
17 556
12 829
0 628
13 326
28 765
5 655
15 969
27 614
29 845
25 217
24 903
13 276
29 814
18 724
4 332
4 791
4 484
14 986
24 452
0 962
24 223
6 672
26 371
27 939
0 791
27 626
28 818
27 263
18 418
21 445
6 303
2 531
23 749
11 663
16 229
23 715
23 709
25 960
10 515
13 800
15 265
29 364
5 563
4 592
26 967
17 244
20 591
14 432
13 274
26 671
16 218
22 785
7 266
16 241
21 976
10 336
1 521
21 473
17 863
1 560
0 528
29 953
13 407
24 584
23 723
18 878
15 622
28 422
21 723
29 427
14 686
4 574
7 687
25 571
23 320
7 425
0 399
9 277
21 906
20 826
4 668
24 983
2 352
23 552
25 916
2 418
27 502
24 298
22 448
6 980
14 697
23 420
17 250
22 332
25 581
17 554
23 781
6 641
7 991
5 301
22 289
19 420
7 755
23 697
9 219
24 228
1 352
6 780
17 739
26 667
0 751
24 759
15 675
1 777
3 526
7 453
6 515
13 225
18 217
14 725
5 982
12 224
17 508
20 561
7 284
6 756
8 222
27 729
26 422
8 853
5 939
29 420
19 340
23 865
7 540
25 800
16 367
16 747
28 661
9 349
3 241
3 724
5 577
17 218
2 565
26 819
18 915
24 794
16 794
7 550
5 420
7 350
5 524
15 392
9 318
17 925
2 924
2 851
6 657
17 453
3 421
28 924
2 895
23 785
16 732
0 598
28 333
11 306
22 988
28 234
13 323
9 665
18 494
15 889
27 254
23 964
4 851
18 684
8 581
11 728
10 429
7 233
16 360
1 749
24 489
7 594
21 601
4 340
28 316
20 230
1 904
11 297
22 967
25 949
8 314
11 881
16 741
10 463
28 522
5 724
24 959
16 578
9 406
10 313
4 503
5 621
27 437
22 943
23 630
22 569
29 672
6 846
27 316
0 432
2 871
14 626
4 581
5 898
21 405
18 534
4 497
24 254
15 475
1 674
24 279
26 660
24 920
5 325
2 324
28 590
11 505
26 627
23 216
20 784
5 241
18 291
22 577
5 369
16 971
8 727
29 302
9 200
11 265
12 351
5 484
3 797
16 966
16 559
24 991
20 412
24 306
4 728
9 632
25 262
19 387
14 863
28 401
20 788
15 364
24 826
19 253
8 750
23 909
12 872
7 540
0 966
1 432
29 385
4 338
25 793
18 218
19 382
10 273
4 323
5 712
24 587
6 944
14 834
12 486
2 687
14 590
23 835
2 535
23 494
4 974
11 309
25 366
7 548
5 709
23 224
23 921
4 519
25 357
2 848
19 205
4 671
10 388
17 793
20 600
26 261
2 851
27 613
19 730
24 480
11 888
6 693
19 851
19 642
9 612
27 370
29 681
10 207
20 436
7 741
21 710
18 947
11 906
17 718
14 411
29 661
5 767
28 655
14 854
1 465
3 765
9 683
0 321
24 321
6 723
17 314
29 401
17 501
26 250
14 504
19 359
19 497
13 966
27 400
4 656
0 456
4 899
21 918
17 399
19 585
0 253
1 404
2 862
10 823
3 255
29 317
18 488
12 829
11 963
12 460
0 341
23 831
10 864
18 824
23 430
9 538
11 532
13 398
15 435
25 492
22 702
13 441
14 454
21 596
13 984
21 793
27 944
25 763
17 584
18 357
3 588
2 577
21 369
13 208
21 213
28 435
15 664
12 660
29 886
11 634
27 617
8 834
13 441
12 229
19 484
1 424
24 609
10 703
3 369
11 846
23 627
3 954
8 415
14 829
12 475
2 921
4 845
3 570
18 325
15 277
19 688
5 539
14 666
27 316
13 369
22 878
29 795
2 493
7 433
14 224
25 975
4 249
2 996
27 840
29 350
15 907
20 923
18 810
19 955
8 619
27 386
15 555
23 204
24 483
18 895
2 358
20 329
22 818
10 880
24 349
16 751
23 212
19 804
15 725
24 834
19 491
7 242
20 620
1 968
27 285
15 607
15 760
1 970
5 596
1 371
0 352
21 593
21 463
19 327
2 360
21 561
7 523
5 364
24 348
8 805
17 498
11 942
4 380
12 339
7 778
20 654
12 611
23 717
9 282
23 973
19 670
2 829
19 819
7 736
20 219
3 547
29 985
20 255
19 629
3 288
2 224
13 649
4 643
11 594
21 876
1 785
26 601
14 522
11 736
3 543
26 715
4 530
28 558
7 905
28 872
9 682
3 246
3 322
24 316
0 503
12 977
28 778
11 341
14 939
20 833
21 425
11 846
23 460
2 512
7 420
15 524
27 896
16 425
18 211
27 515
0 439
16 272
3 726
12 626
13 558
27 788
1 584
17 297
9 859
4 322
18 798
23 382
14 364
9 787
20 541
18 710
3 685
26 234
26 465
6 239
23 969
22 669
14 275
12 686
18 322
26 724
13 742
24 613
8 469
2 746
24 408
28 864
25 808
9 351
16 462
13 417
23 251
23 530
19 399
20 794
14 298
10 991
24 828
6 451
19 732
15 429
18 836
5 856
24 644
19 563
12 754
10 463
29 872
8 500
11 343
26 628
11 215
19 414
28 537
9 532
8 490
2 776
19 914
4 530
29 947
24 250
20 426
21 443
27 842
27 919
4 549
25 673
21 409
4 658
5 406
5 656
22 348
17 818
25 465
4 998
14 580
11 227
20 353
10 637
21 536
5 283
19 903
17 482
19 817
24 842
12 622
15 557
28 709
28 950
21 775
19 959
15 962
24 845
19 737
8 569
3 339
2 543
9 531
19 539
17 316
20 765
19 648
9 813
18 688
7 255
24 462
2 601
18 582
13 245
27 275
6 663
10 694
9 345
16 877
13 442
9 213
6 600
19 241
23 490
10 624
16 853
5 251
16 593
25 666
7 831
27 265
7 643
7 755
25 695
20 416
24 456
11 726
10 912
25 312
26 311
29 631
0 541
21 517
27 717
1 305
19 955
12 467
10 406
23 282
21 541
23 268
6 254
26 956
7 426
13 759
5 629
5 465
24 816
4 936
6 961
27 832
19 914
4 579
24 658
16 843
18 800
19 756
24 849
12 592
4 723
21 579
7 377
29 386
13 518
22 332
11 657
25 515
1 730
18 904
29 345
28 730
6 716
2 483
14 885
25 484
12 704
17 842
13 498
17 291
23 537
21 224
16 961
26 978
23 762
14 698
29 571
28 460
11 927
20 321
8 783
12 733
18 874
11 669
27 327
19 220
25 527
22 703
23 948
15 703
0 751
22 483
12 515
1 785
19 634
6 916
29 594
20 948
16 386
16 600
12 595
17 648
12 302
16 478
10 554
19 700
2 280
6 396
3 269
11 533
28 876
4 465
3 398
17 215
28 794
23 618
4 692
2 226
7 798
18 657
20 472
1 549
20 904
2 610
6 806
24 790
23 351
10 981
3 479
23 907
23 257
14 831
11 257
20 777
10 870
0 643
9 658
29 984
11 895
24 500
27 555
20 617
22 286
8 528
20 379
8 890
22 930
26 523
18 826
10 684
18 454
26 856
14 375
29 534
23 223
26 606
16 230
2 564
21 968
6 499
13 638
25 978
10 382
4 652
2 414
29 992
25 281
8 662
0 897
10 724
8 309
0 379
14 268
0 847
15 384
0 813
10 948
14 476
7 880
17 378
22 663
24 733
26 211
17 828
25 342
22 241
23 254
5 417
14 304
18 513
23 938
26 619
28 603
27 540
25 864
24 725
16 803
3 464
27 870
10 599
22 679
28 479
18 802
4 299
26 505
11 976
17 385
17 572
15 337
20 999
1 592
11 473
22 668
7 445
13 837
9 709
8 725
22 381
4 839
0 813
18 955
21 677
4 553
4 891
15 725
24 393
17 351
24 802
12 314
25 623
3 636
15 945
13 205
14 452
5 421
20 712
20 842
21 633
29 752
17 326
8 267
10 419
21 342
27 725
29 552
5 401
22 767
9 564
10 612
18 698
13 795
26 527
1 450
26 588
4 491
3 482
5 286
2 355
25 498
29 341
18 855
9 546
13 473
10 270
10 947
23 591
2 382
1 239
24 660
24 352
13 294
27 676
25 252
2 633
9 564
13 882
0 877
7 474
7 399
22 794
18 319
24 588
12 776
16 223
12 763
4 559
18 303
13 649
20 537
16 795
8 613
1 722
9 772
16 458
1 708
25 786
4 569
29 806
19 758
4 480
25 803
9 223
7 306
27 694
11 513
28 223
11 340
16 881
12 522
27 349
22 383
24 809
1 432
26 594
17 757
2 907
1 376
7 429
23 981
10 498
17 676
10 807
12 630
19 785
25 207
8 224
0 480
26 917
15 990
15 581
0 705
24 530
28 812
6 725
13 334
7 832
12 712
19 760
12 429
6 454
10 876
19 798
9 338
8 663
17 411
7 220
13 724
8 448
26 569
15 603
18 882
2 410
16 239
14 265
21 646
19 466
14 841
26 641
19 703
23 885
27 938
23 231
7 968
3 349
28 314
28 247
6 836
25 889
5 960
9 234
7 531
11 628
5 934
16 300
0 431
27 428
26 348
0 750
17 912
9 808
4 718
22 394
10 696
21 300
11 950
7 976
10 354
8 251
13 705
28 478
13 383
27 362
27 374
3 866
4 953
29 496
1 321
24 382
22 842
15 671
1 657
7 751
23 279
4 323
15 204
5 335
25 463
20 782
21 818
15 963
10 595
10 228
0 378
23 729
11 628
12 484
20 677
24 964
19 436
16 813
11 275
20 260
26 662
26 559
23 717
16 278
17 353
23 533
24 713
27 819
10 936
23 787
6 578
19 448
19 570
6 561
3 265
9 827
2 549
8 512
26 375
19 823
23 730
6 225
12 737
27 721
20 517
16 427
29 396
3 453
18 562
17 394
23 304
22 959
14 246
5 994
12 495
17 448
9 961
13 986
11 777
8 260
2 533
21 598
8 285
13 799
26 844
8 550
6 568
0 564
13 201
25 424
17 573
26 431
18 390
25 856
15 406
27 688
16 313
11 349
19 739
16 285
24 223
1 215
21 390
4 880
12 874
2 754
28 967
24 777
29 568
16 521
3 583
22 286
22 935
21 235
26 220
28 673
15 534
18 984
11 842
16 761
17 212
27 274
4 639
20 218
7 532
11 612
8 748
8 272
5 273
25 233
5 453
0 938
6 268
22 208
1 899
7 676
19 550
22 771
0 497
25 515
16 290
26 314
1 542
10 671
7 855
20 932
27 384
6 930
17 696
0 699
28 953
19 334
24 958
12 360
0 762
9 293
0 934
17 893
12 681
26 801
10 231
28 977
21 644
29 745
7 487
26 311
17 246
3 767
9 563
19 603
19 351
20 555
15 715
5 818
26 871
20 392
7 200
5 642
24 354
25 362
3 501
23 686
14 945
6 298
12 781
10 723
23 268
29 549
19 941
26 530
4 229
0 563
11 773
12 796
25 464
26 436
3 378
27 847
2 829
21 600
17 927
29 355
28 267
11 865
8 744
3 250
5 368
13 655
23 383
9 864
13 353
11 962
27 793
18 556
27 432
25 506
10 505
7 636
29 530
21 426
1 490
15 778
10 1000
27 314
16 590
8 915
20 524
11 403
1 439
16 742
1 325
29 920
4 640
10 833
16 343
12 208
21 802
1 598
16 585
16 590
4 825
6 241
23 638
26 401
1 361
19 857
24 529
17 262
20 699
23 805
25 339
4 551
1 491
7 572
9 333
8 641
11 963
0 331
29 835
15 571
11 673
9 989
14 853
3 577
15 581
9 663
10 902
7 1000
10 737
21 907
8 459
15 835
9 512
8 228
17 535
11 497
28 267
11 356
4 297
5 916
3 330
15 602
8 214
1 409
2 882
1 539
24 404
4 544
25 383
7 751
24 206
27 415
17 309
13 683
1 476
25 937
1 406
9 963
26 759
5 831
8 786
20 861
8 919
24 618
13 641
15 521
12 711
20 985
25 521
29 800
6 396
3 641
8 460
13 222
6 983
10 525
5 721
0 791
26 777
18 430
5 717
13 844
10 427
12 993
9 253
9 454
24 581
5 396
9 482
11 687
5 399
17 569
5 517
29 324
6 224
20 843
11 652
8 767
16 419
18 587
16 837
0 442
29 305
24 694
19 215
24 503
7 531
24 304
28 461
11 807
9 303
16 694
25 613
9 348
2 447
7 567
11 447
3 935
21 394
1 910
22 749
20 280
9 701
16 924
21 661
2 635
19 212
13 531
15 362
0 837
7 823
28 283
1 897
24 698
24 263
5 510
29 942
1 324
29 481
6 499
17 232
13 704
13 671
6 931
4 670
24 983
29 534
15 663
6 408
28 507
0 901
14 442
