2000
7 382
14 595
20 654
17 691
14 344
18 573
20 448
28 775
13 374
15 409
6 485
17 217
24 560
13 284
5 585
17 779
21 775
25 990
23 634
18 784
6 425
25 423
7 543
14 905
14 601
7 547
23 577
16 230
5 489
12 974
6 339
20 849
2 856
2 917
23 412
29 907
0 882
29 903
12 441
13 602
29 603
18 468
16 443
28 907
13 661
14 253
3 416
24 260
3 639
4 703
6 268
27 801
7 235
25 449
6 608
10 382
25 344
28 341
26 467
11 412
22 920
25 354
0 270
4 802
3 273
23 422
15 431
10 999
17 669
8 950
19 736
5 761
13 759
29 387
6 237
4 732
22 559
21 974
7 350
20 943
21 344
18 607
11 714
12 745
25 787
15 490
20 649
14 939
7 315
24 803
0 434
0 522
23 205
13 662
17 737
0 533
1 827
17 956
9 610
8 750
8 873
20 298
20 394
18 202
15 623
28 530
7 812
28 611
26 385
26 748
19 242
6 297
9 987
28 404
4 597
3 384
15 379
21 362
2 450
27 502
27 991
26 532
11 433
27 710
2 800
19 986
13 333
26 901
14 456
6 289
5 216
11 261
25 803
21 372
2 320
24 792
28 950
3 249
20 435
23 403
1 345
12 859
11 650
17 330
18 771
19 780
2 774
11 684
26 900
18 298
27 908
12 579
21 931
17 284
24 272
26 829
19 651
5 322
0 767
3 717
27 740
7 235
20 623
21 726
17 648
29 693
28 300
29 257
9 434
12 328
15 643
9 496
28 263
20 245
10 549
17 901
22 439
17 599
15 944
0 925
20 850
8 552
12 454
2 382
19 283
0 405
13 302
26 347
3 402
3 864
19 511
5 965
12 630
20 995
2 542
19 827
5 883
10 408
9 261
28 396
9 591
19 606
9 965
8 719
21 515
20 861
1 760
28 651
7 850
26 326
24 686
26 739
19 781
15 726
13 626
24 649
24 652
18 585
8 749
9 786
4 310
29 619
23 416
24 606
24 913
14 781
10 461
9 577
3 732
18 223
24 979
14 580
20 428
7 653
20 354
13 542
27 977
15 920
27 449
20 785
28 288
17 578
17 581
26 579
24 511
3 926
17 231
11 209
24 920
24 515
5 697
9 869
16 977
11 914
1 697
13 601
23 362
9 297
8 328
23 780
16 597
3 332
8 292
10 863
13 257
27 658
3 989
27 849
21 457
11 596
24 688
9 721
13 687
29 330
13 236
6 214
4 291
16 556
9 966
2 702
21 434
19 698
17 698
9 906
15 528
15 294
19 852
23 666
0 254
25 840
7 771
12 399
4 804
6 900
28 615
17 722
21 553
26 811
16 444
0 577
5 301
14 249
21 712
20 256
29 842
6 410
1 453
16 979
28 505
19 821
27 528
21 934
12 615
19 333
22 919
26 718
19 366
23 607
29 628
0 425
18 889
11 676
16 871
0 307
1 984
16 552
10 862
1 408
28 771
21 728
10 313
0 214
7 603
14 558
0 882
17 863
17 973
22 595
6 373
23 630
6 944
27 731
27 648
6 797
17 613
3 317
29 655
14 796
21 594
29 571
21 533
13 902
16 648
1 723
23 788
7 260
14 824
16 226
15 838
0 724
11 854
14 323
6 303
10 861
7 559
23 415
20 867
9 872
0 517
12 593
29 473
10 217
22 816
12 210
15 688
4 490
9 560
21 967
3 989
19 540
1 317
2 808
7 367
12 427
4 995
22 268
14 752
18 280
8 773
1 796
1 202
3 571
20 427
27 318
12 763
24 392
1 516
28 279
20 728
25 209
23 985
26 597
29 989
9 273
3 1000
0 709
18 430
4 906
7 654
7 431
2 961
18 682
24 580
23 951
15 821
29 486
16 318
20 857
9 660
11 387
14 594
5 843
2 966
12 890
13 697
26 809
15 879
11 351
10 328
28 605
21 718
0 545
1 591
11 691
1 552
2 216
13 399
21 536
0 715
15 605
4 619
23 1000
4 410
10 837
5 793
17 216
13 745
11 385
10 280
2 282
2 450
17 744
14 631
1 592
26 349
15 787
25 663
0 639
2 845
3 885
17 364
18 433
22 427
23 937
13 571
27 806
3 806
13 573
5 687
26 603
24 264
27 433
10 536
3 593
6 798
13 285
7 809
18 410
23 802
28 710
22 517
12 979
25 368
19 530
6 300
6 303
26 668
10 303
13 791
4 616
28 277
25 872
4 983
4 921
8 703
1 452
1 865
28 254
23 708
16 982
3 413
17 458
11 769
29 754
19 547
21 946
24 284
16 369
14 766
27 342
16 584
3 866
28 895
0 520
26 291
27 397
11 356
2 459
9 811
28 336
16 409
13 659
24 850
23 731
2 654
24 805
22 628
9 395
19 681
12 872
10 616
10 245
2 747
7 768
13 291
14 703
0 818
23 697
25 370
25 587
14 581
15 477
28 457
11 238
0 708
8 408
9 729
29 855
11 381
2 664
20 531
29 234
19 480
9 567
19 627
12 223
24 332
26 700
27 325
28 305
15 225
21 584
6 969
11 942
27 227
8 388
23 384
4 205
17 727
24 901
27 889
15 552
18 229
23 628
3 209
13 320
16 783
3 567
3 550
11 425
26 334
6 854
16 860
24 382
21 300
10 843
21 838
14 495
2 827
2 638
4 947
0 374
3 281
12 859
6 836
10 692
19 419
27 887
26 460
9 456
13 766
29 836
3 896
6 539
22 969
13 541
7 397
10 391
14 536
2 916
26 980
29 897
5 461
14 682
4 489
25 903
1 630
5 617
23 675
5 916
8 439
20 876
2 512
6 532
11 498
2 857
28 475
26 383
5 291
25 377
21 699
4 723
20 912
17 815
29 927
29 791
11 380
4 806
9 277
11 683
11 444
19 493
24 320
15 970
3 264
21 565
28 856
9 682
15 404
25 365
12 863
14 203
19 409
25 889
6 330
22 794
12 293
22 385
12 832
26 743
3 370
20 397
10 609
2 570
25 412
12 932
16 358
24 580
29 376
26 416
22 970
21 299
11 901
3 911
10 326
0 766
10 384
7 303
2 265
14 421
7 867
20 371
21 359
17 938
8 804
16 758
6 541
14 286
4 970
15 638
9 553
2 286
10 256
27 561
15 573
14 780
24 237
2 918
1 690
20 822
24 239
23 444
6 488
2 816
12 985
17 885
26 451
15 781
29 606
27 342
13 371
7 641
16 746
16 529
18 424
9 544
23 405
23 694
1 785
4 756
6 955
20 993
17 411
10 363
12 651
7 248
15 488
25 284
18 691
2 629
2 526
4 720
28 848
26 429
9 658
4 219
21 511
10 906
8 501
26 432
9 812
22 978
7 506
17 212
23 896
21 429
13 589
2 435
14 256
13 476
25 747
1 363
24 721
20 217
9 350
6 231
3 206
12 939
9 833
27 939
20 340
2 962
9 869
1 418
10 835
11 460
28 458
10 783
14 640
12 682
27 667
9 914
28 686
8 445
26 851
15 236
7 225
24 346
12 866
13 455
18 312
15 864
13 942
20 543
22 666
3 759
8 388
8 786
26 859
2 570
28 828
7 351
20 295
3 272
19 644
24 947
1 573
6 278
19 710
23 339
14 244
5 890
7 725
14 945
5 396
17 273
11 897
8 419
26 373
29 724
18 275
17 254
29 822
22 326
24 854
19 727
2 850
6 466
14 816
4 507
14 350
21 869
25 425
29 207
9 889
18 524
15 474
0 812
20 532
18 424
29 305
20 652
28 655
21 542
8 434
18 802
16 290
17 805
27 726
26 530
10 261
28 322
3 707
8 960
6 601
17 387
7 601
14 708
23 284
8 747
10 339
7 681
3 653
9 422
19 942
14 395
7 745
19 402
13 659
18 769
7 650
14 250
9 991
28 771
15 781
16 989
3 931
22 275
17 820
6 643
27 631
4 574
3 735
12 825
1 722
29 417
12 314
8 218
21 579
27 739
26 311
29 852
22 909
16 297
22 509
22 837
2 543
10 762
23 434
17 941
10 543
18 657
23 657
4 648
19 291
21 252
1 677
0 232
16 913
28 861
11 360
1 502
1 751
29 877
4 908
0 447
16 214
22 521
16 499
20 320
22 459
6 937
28 525
2 239
26 588
27 988
15 974
29 978
8 797
5 706
25 649
2 400
14 993
4 367
13 941
26 812
6 571
0 879
26 730
9 526
2 555
28 962
18 678
22 346
11 914
14 784
20 336
5 748
9 373
5 503
29 999
1 366
19 762
26 856
16 217
17 298
26 794
20 205
10 893
8 945
13 768
24 430
23 227
20 683
14 646
16 283
16 207
23 243
27 613
10 995
12 251
27 473
24 223
5 245
6 607
11 727
6 267
22 437
24 446
15 801
24 205
24 310
17 230
6 919
13 251
13 867
12 846
20 633
7 374
24 668
15 495
12 515
22 617
29 525
11 859
26 324
19 773
25 251
13 998
15 901
3 616
15 684
1 527
2 210
23 647
18 212
24 591
27 375
27 485
19 812
28 858
19 687
14 687
16 568
5 420
14 262
11 646
12 861
24 700
23 704
4 560
9 601
3 509
16 367
8 791
18 670
14 707
2 721
8 514
24 386
12 334
13 699
21 202
23 215
15 592
4 438
2 967
14 988
3 425
7 610
2 378
18 895
8 456
15 513
8 455
2 870
21 235
11 547
28 853
14 975
13 796
2 560
6 420
0 658
12 348
26 221
20 408
28 445
6 227
2 679
14 946
29 792
12 795
18 384
10 540
5 478
29 822
20 412
0 726
4 583
2 870
11 455
19 865
25 358
25 658
14 628
13 868
27 844
2 601
23 446
29 589
22 955
28 905
7 516
24 601
25 599
24 936
28 250
26 668
10 221
4 382
28 587
20 222
19 950
20 494
22 435
11 542
20 459
10 518
23 433
10 291
23 674
28 259
8 433
18 487
7 634
12 906
5 368
29 392
19 618
10 200
27 284
2 431
27 235
9 785
25 395
10 621
7 843
19 532
29 382
4 656
28 421
4 705
24 304
26 442
9 676
29 669
27 582
25 977
4 999
1 482
23 987
4 588
27 453
6 793
11 307
26 535
27 591
29 548
18 696
27 727
8 229
13 817
11 532
23 695
17 777
24 494
12 679
15 252
6 345
7 882
15 657
2 516
5 316
4 237
2 375
19 238
25 203
18 316
27 793
15 734
9 558
14 789
3 969
15 697
29 535
17 935
12 692
9 830
16 959
14 915
5 352
24 687
15 738
13 406
17 718
10 682
24 888
21 250
5 871
27 812
29 701
22 501
15 703
24 975
28 302
28 862
13 601
29 425
29 635
21 854
29 661
0 547
20 420
27 653
15 795
13 902
8 667
26 977
21 568
26 357
23 890
29 958
2 530
23 687
28 955
27 827
29 702
3 212
19 449
3 857
26 714
12 635
26 341
20 210
23 562
1 795
24 707
16 391
2 812
7 407
26 572
4 823
19 668
29 975
15 476
19 715
16 776
26 374
29 975
0 331
23 470
27 220
8 523
7 468
19 862
7 290
13 807
13 201
9 928
5 235
17 408
8 698
9 883
28 349
13 311
15 279
18 852
16 396
9 896
1 396
10 630
8 886
12 337
18 823
15 313
27 710
29 946
0 389
15 706
11 725
24 548
28 816
16 887
9 458
5 739
3 224
4 819
0 665
29 259
12 619
18 952
20 280
2 726
25 553
3 484
16 390
10 407
1 615
29 379
23 513
10 948
28 831
23 556
22 400
8 327
3 299
3 896
4 405
18 611
3 245
16 487
3 715
1 602
22 759
27 333
12 959
27 665
15 572
0 332
29 717
29 400
29 528
2 444
13 638
14 667
19 351
7 730
2 453
15 422
19 797
22 401
25 566
11 540
17 275
20 372
12 529
11 465
19 917
12 692
16 524
19 243
28 835
14 521
22 830
2 405
3 428
10 830
0 951
14 541
0 735
18 925
18 346
19 473
9 795
20 509
19 952
28 632
7 211
19 941
28 653
14 439
2 575
10 838
21 510
1 601
6 374
12 627
0 315
21 312
1 751
2 930
14 789
20 386
16 623
27 412
20 417
6 204
1 487
1 717
18 958
1 638
21 897
24 355
1 860
0 803
14 557
18 210
24 980
7 342
10 775
0 891
27 422
13 667
16 504
29 456
20 832
0 509
0 875
29 660
3 940
16 535
12 618
2 844
11 438
27 497
18 488
13 488
3 805
24 200
28 422
4 392
26 475
8 724
29 225
1 916
16 253
7 911
24 353
23 727
28 354
27 955
24 954
19 851
1 880
24 699
1 694
28 261
4 999
7 254
16 276
28 232
14 797
14 207
1 574
9 308
13 765
24 451
27 653
28 499
13 731
10 257
24 521
26 774
10 588
19 734
5 560
15 911
11 230
5 327
17 672
14 901
24 537
25 404
25 907
17 845
29 769
14 426
23 745
26 588
18 665
28 560
17 788
16 980
5 643
1 268
8 700
23 477
6 363
4 475
28 775
8 489
22 297
11 282
14 670
17 860
10 382
23 209
0 700
5 457
29 861
10 889
26 453
11 335
7 785
25 504
7 278
4 467
27 970
17 271
13 741
1 620
14 947
24 859
10 701
27 842
8 265
10 479
7 673
22 708
29 677
29 639
26 643
7 621
7 484
14 807
3 932
29 812
13 780
16 859
16 300
8 265
3 696
0 216
5 293
21 976
28 858
5 617
19 327
21 762
4 500
1 328
29 448
16 657
22 557
3 916
20 921
1 632
24 317
19 643
16 502
29 631
27 922
4 587
29 801
7 571
8 982
12 953
19 513
8 432
3 713
19 542
2 563
1 854
7 818
27 942
8 552
4 226
5 312
10 260
25 305
27 835
22 581
23 443
4 294
6 841
24 275
27 475
29 676
24 980
10 939
13 722
23 425
16 250
21 475
23 946
20 738
22 341
14 474
26 877
28 408
26 232
11 827
18 365
0 219
13 292
15 911
18 580
2 924
9 871
11 359
23 581
9 242
8 706
13 610
20 899
22 349
4 933
7 338
7 666
15 542
0 241
25 808
23 230
13 781
10 643
6 787
22 956
7 814
5 488
9 282
2 766
17 343
21 539
10 813
12 236
15 943
1 872
17 892
16 493
24 213
23 902
9 862
25 262
27 976
8 573
6 883
10 781
1 267
13 550
13 938
2 616
11 598
13 348
6 496
20 819
15 723
0 226
28 625
20 959
23 790
22 700
22 473
20 629
16 618
9 698
8 618
13 390
21 664
4 990
9 296
21 478
14 929
3 296
17 800
14 265
0 847
13 555
17 884
3 971
1 552
16 796
26 577
14 512
5 836
3 261
24 209
24 529
1 364
0 366
27 492
15 959
24 747
26 513
29 845
24 335
27 490
27 851
0 817
3 947
4 607
25 601
16 867
7 295
2 747
1 593
5 415
1 343
1 736
13 848
29 213
19 923
13 209
0 614
29 836
28 345
22 501
13 962
4 375
29 252
5 483
9 681
14 845
9 306
5 522
12 738
14 651
9 893
4 831
13 700
23 444
7 521
2 770
12 378
27 521
21 356
7 719
7 705
10 727
8 716
29 867
15 987
19 889
11 320
8 486
29 479
10 954
6 642
3 673
9 497
20 726
6 690
4 629
22 632
27 770
15 623
5 689
1 988
2 991
0 691
26 520
15 577
22 778
16 447
3 272
19 598
25 823
6 764
17 613
19 267
26 526
17 290
28 335
19 282
13 631
10 211
17 489
12 731
6 580
22 636
9 831
10 284
20 973
11 314
17 417
7 440
28 957
5 427
23 978
23 426
17 858
21 260
20 483
1 348
18 664
16 451
4 760
26 396
29 847
0 546
13 825
23 222
11 502
3 738
12 267
4 661
8 461
8 471
17 277
23 790
19 324
13 847
13 952
4 561
25 821
8 339
25 903
23 301
6 373
10 385
28 677
29 993
25 644
25 806
8 840
5 281
26 377
10 979
7 869
16 753
23 514
10 653
21 913
26 988
1 403
22 643
5 514
13 243
5 383
26 890
17 622
14 703
4 456
29 289
9 370
1 736
3 303
21 598
16 838
29 479
3 784
27 579
21 218
11 876
28 988
14 698
26 932
22 742
21 809
18 474
9 248
22 322
13 728
8 609
21 308
15 614
24 260
12 428
24 739
15 711
19 601
5 714
21 804
5 958
27 387
29 232
14 724
24 676
14 923
5 358
23 468
19 857
29 803
16 828
9 412
21 237
19 669
16 516
16 990
22 982
27 798
12 636
19 692
23 678
8 295
29 720
27 305
18 243
6 465
21 672
22 568
27 607
11 529
3 237
19 559
3 799
26 927
25 844
17 207
17 287
19 522
25 558
27 349
28 226
15 207
9 371
27 369
4 539
29 411
11 640
17 283
21 850
9 217
10 804
26 348
18 683
9 496
18 241
12 570
20 923
13 923
14 467
19 512
3 220
20 745
28 670
16 273
8 740
0 274
1 661
10 986
15 423
11 254
2 599
27 255
25 953
25 668
26 661
6 658
12 953
27 358
26 314
14 337
12 271
24 787
19 663
3 240
12 418
23 232
8 822
8 709
10 615
12 473
7 421
7 228
16 630
5 600
9 944
13 345
18 756
16 606
17 423
24 839
7 822
16 360
17 492
18 870
11 605
6 660
29 989
3 756
10 484
10 684
26 858
11 266
4 326
15 281
9 537
20 929
13 860
5 380
2 976
7 921
6 910
11 775
0 839
14 294
29 556
21 790
26 368
7 543
25 225
16 915
26 901
12 460
6 863
3 946
26 551
4 870
15 406
9 389
14 653
12 631
23 903
6 365
23 876
16 676
10 856
29 710
8 297
15 667
1 994
8 461
7 598
16 319
2 685
27 459
1 806
16 428
28 423
9 355
27 924
10 264
24 627
20 532
2 778
24 916
14 609
4 925
27 828
16 505
0 784
27 716
3 776
23 226
18 947
11 551
20 893
20 895
17 673
1 877
22 588
24 877
29 969
19 227
9 300
4 269
29 661
21 297
5 443
