2000
18 686
10 433
13 474
18 392
1 845
7 356
2 613
28 668
16 733
10 688
28 257
2 793
23 508
7 615
15 238
6 578
8 987
12 967
28 853
3 963
24 667
9 709
27 881
23 796
17 930
2 453
6 351
9 659
14 530
29 928
8 721
2 292
1 534
6 435
22 502
23 419
0 336
4 220
13 762
21 826
25 628
13 824
10 757
21 245
19 732
14 931
13 542
1 896
23 390
26 756
18 779
24 365
17 277
14 841
12 930
11 484
13 920
11 232
10 990
3 963
7 257
3 502
4 245
5 993
3 398
5 648
10 678
17 765
3 263
8 975
11 275
6 617
24 494
20 290
29 258
29 735
21 434
13 566
25 759
18 930
28 672
27 762
10 988
0 864
13 853
27 820
0 382
20 705
16 387
23 724
9 876
14 661
24 613
29 503
19 454
5 598
20 345
5 665
19 557
22 316
29 859
3 921
12 728
24 949
20 713
6 640
15 394
28 990
11 286
1 407
0 782
5 683
23 923
28 773
10 875
13 383
20 735
26 518
0 869
22 991
24 865
23 953
12 310
7 448
7 674
3 864
1 524
29 576
26 914
18 579
16 504
12 420
18 558
26 330
17 462
8 747
17 243
12 968
2 406
16 624
1 424
27 323
0 509
15 648
27 403
25 834
7 247
4 811
6 631
29 409
11 371
12 218
26 939
19 850
8 918
0 455
24 317
22 426
10 524
26 679
20 857
8 737
9 811
4 876
27 283
20 511
21 900
8 684
12 746
27 518
20 963
22 737
10 560
16 788
11 613
0 418
28 209
10 251
19 263
14 296
10 553
6 395
6 930
7 728
15 843
29 347
25 846
12 653
8 530
1 974
18 549
25 496
11 596
9 923
0 887
0 876
7 524
12 608
13 695
12 692
27 333
25 336
8 951
24 740
23 641
20 565
28 280
16 819
21 348
8 613
21 660
9 728
18 957
9 397
27 392
3 668
25 590
1 662
0 923
7 472
3 494
7 792
24 673
18 847
3 343
22 952
29 277
16 840
19 841
0 292
10 327
26 902
23 760
21 418
7 433
13 880
17 777
2 945
10 497
16 802
23 335
15 777
29 367
3 772
23 765
15 451
15 976
23 927
2 255
1 660
2 258
15 887
26 370
10 936
16 805
27 251
28 243
6 890
23 725
17 909
14 614
6 823
9 331
0 608
4 730
12 437
7 572
16 804
15 342
10 623
25 249
2 506
13 827
19 327
16 820
3 976
10 892
24 814
15 658
20 488
6 487
10 921
3 663
3 979
18 733
5 520
1 916
0 442
19 707
26 656
24 426
18 568
5 567
16 463
28 621
2 730
25 246
25 971
23 517
29 633
5 456
26 819
19 359
0 752
11 471
26 726
9 776
18 365
28 344
15 984
2 963
21 201
22 929
24 433
5 502
18 629
13 843
22 580
6 522
12 473
1 572
19 525
18 335
28 494
27 514
17 431
24 447
9 620
11 903
2 289
6 714
14 698
1 974
8 698
1 992
1 561
25 970
1 999
22 466
9 612
24 814
16 614
20 630
25 434
6 996
26 457
11 516
1 787
17 973
5 416
29 428
19 799
26 295
9 267
11 476
12 429
27 393
2 473
5 396
9 207
2 493
24 899
18 875
17 393
22 840
7 350
5 828
15 329
29 319
16 993
21 937
10 278
21 717
5 262
19 773
18 807
4 337
15 767
0 330
27 254
12 732
18 884
11 541
26 649
28 343
0 939
15 492
24 796
17 324
26 621
4 372
8 562
7 946
2 393
9 795
5 966
12 420
3 800
29 897
16 566
18 774
15 886
10 603
29 617
23 846
21 834
7 238
17 674
2 313
29 790
10 518
19 641
21 675
16 553
3 539
22 747
23 486
0 269
2 312
18 926
26 465
20 746
21 610
18 567
23 675
4 258
11 645
14 547
25 318
12 872
4 861
10 824
18 248
3 927
9 923
26 687
6 357
13 455
15 462
15 292
0 954
13 981
11 535
1 569
29 383
7 938
16 279
4 614
14 871
5 386
15 339
17 513
19 705
14 347
26 871
24 443
23 779
4 996
8 577
6 676
29 627
5 704
10 498
13 780
28 919
26 384
10 938
18 492
24 696
12 690
21 830
20 986
20 483
29 515
16 874
9 364
22 243
1 328
25 603
19 586
1 677
3 755
14 688
18 701
10 438
21 438
0 444
20 265
2 563
27 930
17 860
6 372
26 560
8 412
16 718
22 780
8 954
10 668
23 752
22 574
25 283
16 993
2 928
25 674
25 836
13 848
5 394
4 841
1 693
0 597
8 801
2 745
13 214
9 370
17 224
11 883
13 393
16 452
6 510
22 831
27 754
28 264
2 710
11 565
23 709
21 817
22 992
28 807
29 591
11 712
17 237
22 405
21 551
21 267
1 298
19 700
24 232
4 998
28 243
24 962
7 732
10 749
21 669
4 367
22 782
7 379
12 702
8 738
4 838
2 273
0 493
21 492
23 346
23 999
12 698
27 723
1 862
9 833
5 593
11 715
0 300
21 719
16 411
6 733
11 795
22 330
19 275
12 260
24 901
9 542
12 925
8 349
3 468
5 943
12 382
16 987
20 979
15 681
6 542
22 910
29 828
13 271
0 826
27 736
1 627
15 487
25 445
6 335
26 623
17 490
21 616
2 837
9 656
7 589
2 611
13 945
0 286
0 229
13 253
25 309
13 827
9 460
19 313
12 948
28 217
17 883
4 742
20 397
28 659
16 305
27 569
19 548
15 276
17 761
7 798
4 439
5 428
22 891
8 995
29 480
11 710
19 653
12 760
6 413
3 296
1 301
14 693
3 375
18 603
7 875
29 888
20 869
8 517
11 994
9 781
24 964
5 438
28 443
18 697
26 415
7 958
4 250
7 930
5 993
28 563
29 610
14 604
6 713
10 823
14 762
10 388
29 237
17 891
17 386
15 290
27 448
24 772
11 639
10 669
28 820
18 741
14 333
24 306
28 729
20 496
3 842
0 647
8 264
12 410
3 733
26 506
12 949
17 788
24 229
21 895
26 227
13 737
5 906
3 967
8 751
22 518
29 379
22 911
13 628
0 274
26 929
23 718
17 475
27 815
9 325
21 948
3 934
5 733
4 315
25 512
1 785
18 292
13 704
6 553
20 750
22 738
9 424
17 672
26 650
7 415
0 286
13 229
13 866
18 473
10 343
28 491
23 739
7 833
25 829
3 905
13 982
18 895
18 806
21 465
15 209
8 622
19 982
25 646
18 578
20 563
21 692
6 423
16 561
26 262
17 539
16 286
14 314
25 660
2 685
5 293
18 352
5 744
1 797
29 753
8 351
11 204
9 534
2 765
20 937
0 631
15 473
8 315
6 461
12 285
13 521
24 544
26 839
1 206
28 397
28 583
23 641
7 627
16 654
20 511
22 346
14 943
0 545
9 833
7 401
21 970
11 966
24 348
5 941
3 992
21 606
13 619
29 425
29 768
17 261
2 705
17 588
15 318
19 319
26 321
6 872
8 576
13 919
11 568
20 996
16 975
29 495
11 680
1 914
14 208
6 367
5 471
19 544
8 510
6 479
2 505
15 867
8 307
17 225
28 256
18 777
10 494
15 744
29 962
7 406
26 943
5 630
26 623
13 939
29 771
25 721
27 285
9 349
1 721
9 854
29 281
20 205
13 677
3 215
19 676
23 694
15 703
24 357
28 662
28 888
18 846
7 752
5 369
14 839
18 823
11 583
20 948
16 312
27 854
19 892
13 335
20 798
22 283
23 304
27 988
10 703
9 753
24 621
16 863
23 697
1 807
2 885
13 800
22 321
21 740
21 399
18 591
5 529
8 920
11 916
14 839
0 335
25 268
0 682
25 771
15 638
8 511
20 507
24 468
19 909
27 636
2 304
23 919
5 200
18 732
7 499
20 390
12 260
17 786
0 217
29 737
9 665
11 508
4 680
26 649
15 958
21 245
29 494
29 515
2 515
27 555
18 851
28 673
6 463
19 735
16 878
10 426
13 458
9 872
28 722
17 967
4 278
10 720
0 421
29 323
22 213
25 247
6 852
7 656
18 789
3 839
3 554
19 871
9 413
5 400
9 646
12 801
8 234
26 791
18 993
19 806
11 876
8 975
4 287
26 380
24 356
9 909
11 522
19 243
2 981
16 261
4 635
29 469
4 412
23 877
14 606
8 551
25 332
15 959
18 416
18 770
7 420
10 640
5 854
5 606
16 739
24 372
19 961
0 918
16 997
0 840
8 513
29 446
4 201
3 428
2 760
28 882
8 535
9 254
18 738
9 816
26 213
19 905
28 400
19 485
27 759
23 638
20 644
4 604
17 891
16 647
6 431
28 921
29 496
5 379
18 764
7 623
2 311
16 866
22 840
20 565
4 525
3 430
19 859
13 790
11 689
1 666
7 456
9 623
0 519
2 731
12 583
8 231
25 526
10 234
6 470
17 397
6 557
2 880
11 315
1 624
20 738
7 459
9 742
10 206
10 598
20 823
3 994
28 705
27 621
16 641
28 707
14 572
10 303
29 844
5 640
25 462
15 244
25 456
1 292
25 708
14 783
19 622
28 709
10 662
13 810
9 389
7 595
13 980
25 625
20 416
16 467
14 587
23 427
9 873
8 931
8 672
0 742
23 635
20 898
26 618
21 729
28 948
26 891
0 848
8 948
12 939
16 628
25 887
4 431
29 696
8 937
0 303
5 253
14 289
21 910
29 405
28 990
19 937
6 685
7 728
1 513
25 205
29 843
6 851
6 664
28 275
20 396
14 659
7 580
23 961
27 842
13 869
15 317
14 415
10 441
13 952
6 326
22 650
0 746
17 580
15 539
23 669
16 471
0 808
11 474
10 621
26 385
0 971
25 656
1 634
9 692
14 352
23 952
12 346
29 297
16 228
2 575
17 961
19 956
9 336
11 495
3 283
6 984
27 326
19 355
0 368
23 222
10 966
1 857
7 303
1 665
19 470
29 308
3 709
8 815
3 953
22 341
19 376
17 894
11 489
5 664
5 627
7 980
6 531
0 376
25 882
24 287
19 730
27 313
25 556
26 757
7 460
2 581
28 855
29 715
26 806
29 455
27 287
4 530
22 974
26 982
16 785
13 794
18 591
11 336
14 795
20 836
7 402
7 655
13 958
5 698
1 943
23 235
6 406
10 497
7 940
25 477
13 670
13 521
19 999
12 552
12 371
9 378
26 681
19 681
8 601
22 467
25 378
14 457
19 283
2 622
28 680
28 800
1 209
22 267
1 401
0 633
10 738
4 778
29 799
7 414
5 714
11 650
7 849
24 736
0 922
16 808
12 285
18 752
7 401
15 805
0 655
3 396
6 308
12 595
17 788
0 300
5 700
6 301
27 242
11 779
29 856
27 257
21 626
11 826
23 382
10 707
4 957
17 511
26 448
21 491
19 690
14 826
28 965
13 226
17 932
4 419
24 414
6 245
15 509
16 504
1 612
5 859
2 404
14 853
17 656
25 260
26 299
6 255
27 533
15 487
14 943
23 705
0 963
0 251
13 913
4 644
11 644
18 258
13 911
12 801
9 842
8 367
24 722
28 719
27 457
25 625
16 430
3 806
10 777
2 529
5 386
19 666
6 741
24 689
24 889
27 802
10 458
14 604
26 404
3 640
25 312
5 631
4 240
6 472
0 313
2 289
24 555
3 334
11 979
12 302
0 300
2 560
7 284
3 348
6 714
26 358
0 939
1 837
7 362
2 987
15 574
6 337
17 203
5 367
28 824
1 657
22 795
10 315
11 983
23 303
13 788
15 733
29 984
29 483
21 914
22 908
15 794
28 702
15 434
12 859
15 879
23 677
7 491
7 635
12 566
26 725
6 512
12 727
7 652
10 856
10 511
2 439
14 593
7 593
20 382
26 709
19 429
14 305
11 605
29 678
21 553
28 548
23 293
1 895
16 530
7 739
13 937
28 625
23 683
15 586
13 838
6 962
21 914
9 248
10 679
4 424
16 903
17 481
23 802
26 708
0 283
26 393
11 369
13 600
23 649
24 951
28 479
4 560
23 797
9 304
12 205
19 285
9 536
14 363
26 580
1 388
20 233
6 726
3 214
9 996
24 557
20 208
29 365
29 290
5 884
14 744
8 591
29 709
10 860
19 991
3 499
0 729
20 601
22 606
11 514
7 983
19 854
6 495
5 228
24 906
23 405
13 372
23 507
11 704
17 243
5 388
17 439
1 504
22 689
9 669
14 277
0 689
18 381
5 498
17 654
21 418
11 888
16 600
28 233
9 501
27 766
2 615
14 673
12 351
0 553
13 243
29 373
10 348
11 251
5 902
24 255
18 996
11 599
28 462
8 795
22 280
7 583
16 887
25 843
6 696
1 882
25 369
27 516
11 335
18 521
27 557
16 440
14 249
0 293
18 419
16 972
24 912
27 752
1 691
10 226
24 562
29 742
18 296
12 850
7 986
25 730
20 581
9 214
26 873
19 288
11 370
5 745
25 550
22 740
23 504
24 385
24 504
18 551
7 968
0 724
26 354
5 617
22 423
18 965
3 576
10 971
28 227
22 386
4 303
15 836
15 485
21 318
27 910
14 544
21 468
11 526
17 228
12 915
19 793
13 449
4 992
26 689
11 208
12 586
4 554
13 482
13 843
1 735
10 691
11 710
2 318
22 786
22 203
23 384
25 852
20 387
26 784
0 931
2 968
11 255
18 419
24 956
0 520
15 536
2 987
24 205
14 486
4 902
9 706
26 233
6 897
28 931
20 553
28 821
0 760
21 847
29 912
18 802
26 856
2 714
23 774
4 344
19 505
26 960
26 942
8 844
6 623
13 783
19 359
23 494
23 412
23 646
18 582
2 871
2 904
24 693
12 512
12 751
3 692
2 915
24 997
11 676
17 878
1 775
22 430
11 900
10 373
23 870
20 823
29 411
18 254
14 200
25 707
8 929
20 611
0 282
8 384
9 510
9 880
5 979
29 719
14 930
11 734
10 399
17 988
19 902
20 458
8 202
5 375
26 270
18 559
23 540
26 799
14 752
8 699
11 597
12 884
16 503
28 808
24 931
6 558
5 738
9 219
20 730
18 481
13 745
2 536
19 450
6 544
28 836
0 938
7 472
8 378
24 211
29 779
26 466
2 985
11 610
23 702
1 558
3 340
27 460
3 286
1 657
13 494
13 275
8 248
29 975
29 729
12 900
18 308
13 522
14 917
7 661
4 561
26 747
20 235
12 476
21 374
4 519
8 222
6 263
9 582
20 507
3 611
3 775
2 851
3 409
14 925
10 761
16 951
13 579
1 414
18 308
5 604
22 910
27 470
14 265
4 210
13 352
23 498
8 718
26 446
0 545
26 701
15 599
12 493
4 409
6 830
25 306
11 285
27 401
4 701
27 835
25 826
11 736
10 777
17 850
22 824
25 648
29 604
14 998
16 470
25 255
8 358
0 869
6 599
19 701
11 649
12 363
17 376
3 411
14 485
1 669
21 407
3 858
11 991
27 461
4 888
15 527
7 616
27 958
19 872
3 647
15 472
26 876
28 523
19 246
28 923
27 314
1 583
24 754
13 663
3 966
22 980
2 581
9 601
10 552
23 564
17 554
25 955
14 202
22 377
12 762
17 958
19 945
29 233
27 412
6 662
7 341
6 764
24 978
18 998
12 847
27 625
17 942
6 692
29 924
21 534
18 661
22 221
19 704
3 999
7 429
17 970
20 668
24 742
23 547
19 256
4 828
12 751
15 273
19 407
12 518
16 571
14 318
0 725
1 637
21 655
26 533
18 741
8 748
6 256
1 559
19 309
9 505
26 841
11 976
15 265
21 352
1 717
24 948
3 203
29 449
6 712
27 536
21 876
16 924
11 797
9 823
12 529
7 260
10 867
26 767
18 955
21 298
26 289
9 375
28 986
29 335
25 580
23 566
27 516
27 376
27 750
28 459
25 391
24 849
14 587
3 665
1 947
29 554
8 485
27 668
13 458
29 685
26 591
4 627
21 344
26 935
9 423
15 967
21 696
5 980
8 707
12 910
12 311
20 406
12 601
24 862
15 991
14 850
14 849
16 408
9 574
6 732
27 920
19 765
20 562
14 930
26 243
21 425
20 213
6 765
28 609
12 301
6 866
2 344
27 866
9 572
26 768
5 392
6 569
6 302
3 901
1 635
27 321
3 673
18 827
27 215
13 976
12 559
13 581
1 533
7 613
1 254
2 866
7 277
21 563
29 907
25 201
16 357
19 651
15 372
28 330
18 850
23 509
10 937
8 690
5 886
11 923
13 897
26 225
1 334
28 850
10 945
24 861
20 325
2 882
21 503
16 375
9 924
20 850
18 245
26 930
2 936
20 415
5 200
18 495
19 559
7 817
4 397
11 827
19 295
7 842
27 770
24 205
14 743
29 536
28 506
7 733
21 370
19 730
2 614
3 799
14 859
16 961
7 566
21 776
0 437
16 801
2 374
8 321
11 620
18 230
6 519
21 484
20 203
28 290
16 722
10 434
21 385
29 867
22 398
1 466
24 469
8 439
9 351
17 583
11 920
2 835
0 679
10 780
26 321
9 854
0 295
2 900
14 253
22 513
29 614
28 692
6 489
16 312
2 355
22 268
4 557
25 749
18 311
24 726
14 685
25 201
27 376
12 663
8 684
16 400
25 878
7 870
28 889
13 720
25 706
19 795
24 705
1 724
11 615
3 331
15 903
19 582
14 806
15 915
11 328
9 458
28 709
24 635
20 489
15 212
27 651
14 684
8 791
17 864
6 769
20 454
2 706
19 807
15 783
9 709
1 600
0 616
0 436
13 266
29 703
20 613
29 263
2 480
1 447
23 297
23 634
24 591
4 668
29 725
2 726
0 203
6 994
28 468
26 855
25 733
16 843
17 747
13 672
16 253
17 645
24 226
3 890
10 307
4 973
27 464
27 749
7 306
0 936
5 530
7 951
7 634
8 739
7 262
9 286
27 678
20 561
15 980
16 929
0 972
