2000
29 536
8 758
23 859
13 576
11 713
13 897
18 777
8 713
9 778
9 503
10 682
4 364
5 205
13 334
6 676
3 311
5 895
1 700
29 533
14 748
8 949
14 251
25 497
17 460
15 753
21 637
20 980
27 516
12 458
8 359
4 615
3 321
29 782
17 913
8 850
28 439
12 292
22 360
9 904
20 432
15 537
20 241
22 420
1 475
14 819
29 388
5 346
4 330
6 830
20 393
24 849
23 548
15 418
19 479
18 327
25 340
14 974
1 475
9 854
21 774
13 652
7 731
6 677
3 417
28 513
7 408
26 523
21 331
16 835
5 695
14 788
1 603
24 915
22 483
26 202
14 795
3 314
29 964
16 795
19 589
18 842
0 900
2 441
3 583
2 513
17 687
6 512
17 846
16 554
10 564
16 346
28 760
1 238
17 390
16 213
21 660
13 324
21 971
12 945
3 215
24 354
16 502
3 445
22 649
3 626
9 897
16 687
23 491
2 399
24 924
1 817
23 791
3 937
26 900
3 603
3 821
19 310
25 565
4 256
11 399
29 919
14 732
9 732
7 632
27 617
4 601
20 900
9 465
12 463
16 622
22 545
10 422
28 777
22 800
26 512
9 805
28 972
24 846
25 579
5 473
25 878
29 436
5 472
14 401
29 333
28 220
25 654
0 536
23 493
14 857
15 684
12 677
23 925
4 263
16 992
4 405
10 808
16 523
28 473
16 627
19 543
15 398
11 838
21 979
3 214
18 693
18 430
3 473
6 905
19 522
6 894
16 202
29 322
6 725
11 462
2 707
22 571
25 717
24 675
22 241
12 788
17 397
19 976
3 547
2 873
29 639
19 691
12 776
23 460
17 738
21 775
17 921
5 830
2 517
0 770
16 530
7 365
6 587
6 796
6 788
1 817
29 856
15 930
19 872
4 761
10 371
22 570
27 590
11 306
17 529
16 532
15 749
23 819
20 342
21 944
3 580
11 487
14 784
21 810
19 566
16 664
9 635
26 847
0 504
15 748
12 775
22 284
3 428
20 218
8 898
18 337
2 732
16 796
1 598
12 616
9 730
20 421
21 202
8 426
14 482
0 788
20 635
29 219
4 415
0 610
26 926
6 641
23 659
11 468
16 912
18 460
5 271
1 216
13 329
1 469
8 907
15 633
0 990
5 424
19 610
19 419
19 650
25 415
28 757
10 596
6 957
21 261
11 595
15 992
3 202
4 890
13 603
6 877
21 413
16 262
1 607
22 342
23 478
8 384
22 858
29 953
21 762
9 236
29 203
11 550
29 892
11 869
19 866
27 317
29 634
9 929
20 809
23 476
19 335
12 237
21 738
9 724
0 573
27 667
9 361
11 577
23 886
11 373
10 243
16 415
9 572
5 435
27 406
23 938
12 443
22 777
22 379
29 478
27 213
13 667
4 749
3 625
24 515
14 946
24 482
10 543
11 915
5 562
3 234
22 667
16 550
14 454
12 969
19 323
1 642
13 247
18 806
14 552
12 902
22 790
17 464
29 638
27 1000
14 639
15 341
25 813
10 201
4 431
26 218
25 383
25 256
15 777
7 257
11 299
0 525
6 469
6 617
7 377
12 409
8 815
5 548
21 227
11 204
17 643
8 691
8 206
13 699
10 258
0 425
5 463
22 718
1 582
3 724
6 756
29 795
22 438
11 267
9 544
24 871
18 814
1 590
3 609
16 780
13 846
4 392
29 708
1 523
18 783
4 902
9 845
13 259
12 359
16 816
28 671
1 259
26 201
5 979
14 251
18 745
13 454
7 974
23 601
24 306
5 364
6 975
10 308
16 230
22 344
18 259
6 571
19 399
17 288
29 474
14 548
6 839
29 703
8 971
18 602
18 389
10 977
23 573
5 587
5 1000
21 775
12 243
24 261
5 575
14 291
22 557
9 617
20 503
0 642
27 936
7 512
13 375
10 348
12 788
7 396
20 379
20 950
13 806
2 699
14 845
7 508
19 689
14 561
10 802
2 769
9 752
17 478
13 681
12 692
17 646
17 537
1 840
24 422
25 785
3 915
1 953
26 651
11 648
29 241
9 205
10 371
27 283
5 839
10 737
15 298
6 389
21 496
12 557
10 508
28 228
17 337
14 760
2 664
3 438
7 699
25 769
11 359
29 643
0 697
1 355
6 446
12 486
17 769
6 666
7 800
11 520
22 562
17 680
2 313
5 312
24 444
29 993
10 434
27 998
15 298
15 251
18 360
27 967
15 685
16 539
8 395
20 395
25 215
29 652
29 647
13 351
25 707
4 306
27 957
6 367
23 224
14 899
19 768
28 506
25 282
28 909
16 682
8 802
2 800
7 385
4 214
22 365
15 343
9 712
5 337
0 735
22 742
17 219
23 543
13 301
27 917
19 364
16 259
14 528
23 720
15 684
29 577
3 961
27 935
4 885
8 601
26 439
9 256
28 720
13 318
4 315
29 572
16 345
20 555
18 593
15 269
16 369
8 931
23 200
6 750
1 484
25 720
27 591
14 341
11 445
21 719
7 296
21 282
23 254
10 856
21 450
3 210
1 328
0 981
3 854
1 638
0 833
5 856
18 253
23 353
10 678
1 257
13 426
13 867
25 807
1 1000
11 633
25 243
15 780
27 253
9 706
5 968
8 202
28 565
10 549
9 908
0 703
28 964
18 595
4 327
19 858
13 233
10 456
29 545
26 231
25 881
24 410
28 561
21 347
9 478
20 710
5 627
16 671
25 279
13 967
12 873
22 457
20 366
6 899
17 895
4 877
13 982
10 213
29 335
12 503
2 261
20 472
8 845
27 584
15 269
11 411
21 788
21 936
21 797
11 415
24 582
15 893
2 799
2 651
12 714
26 754
15 514
8 784
13 474
4 419
1 712
7 873
4 967
29 932
12 931
13 238
24 388
8 594
26 567
7 791
7 406
16 936
27 267
1 583
6 988
17 871
9 810
18 860
4 661
16 702
17 626
15 731
28 268
9 990
21 656
12 839
28 212
24 290
13 994
25 773
24 604
7 322
23 656
10 213
2 618
19 273
25 638
15 645
1 798
9 918
18 837
28 684
5 315
24 345
11 802
12 981
22 262
25 889
23 216
0 958
2 392
5 821
5 439
24 380
15 237
22 343
15 416
27 923
26 461
22 210
25 613
5 680
1 652
14 298
28 952
6 380
14 622
13 372
1 493
19 335
9 823
27 974
2 259
18 634
16 930
7 242
6 884
10 748
24 507
24 964
10 615
27 872
3 583
16 239
15 657
17 246
23 381
24 679
0 325
1 373
14 454
25 618
19 933
3 609
27 966
8 866
2 811
23 757
21 793
1 454
8 376
27 750
6 572
8 615
6 668
22 947
20 616
22 283
24 356
8 777
21 910
20 967
16 584
29 984
26 589
16 252
27 985
2 959
25 375
13 334
26 613
11 259
5 218
12 206
8 803
12 456
25 444
17 243
22 884
11 253
23 482
19 717
14 324
7 538
24 562
14 373
2 462
22 557
6 251
23 523
27 571
8 610
1 901
14 728
14 660
1 970
28 601
7 517
7 373
11 943
8 292
12 476
3 213
5 244
21 497
0 664
17 580
0 632
7 799
6 253
11 680
3 465
6 932
17 998
4 561
25 285
15 636
5 589
5 797
29 824
1 694
5 951
25 429
21 242
20 242
27 447
18 255
22 793
25 265
13 921
28 914
26 374
25 690
9 278
3 670
27 218
11 829
0 729
12 274
3 346
9 428
11 835
10 566
2 373
26 411
4 377
11 790
14 908
8 847
12 851
14 281
22 603
25 553
22 845
24 614
13 318
26 769
5 218
14 491
19 722
23 641
18 242
27 905
9 868
19 300
18 232
19 691
18 209
19 590
29 820
0 671
6 866
6 551
6 381
22 472
27 454
24 912
0 631
18 544
12 575
15 765
10 919
9 708
13 972
3 528
0 570
7 776
1 452
4 219
22 402
2 638
22 905
9 983
12 937
23 829
23 713
9 844
29 413
16 694
20 681
5 638
27 829
15 270
1 930
5 549
28 764
14 588
13 977
13 593
2 570
11 390
25 849
8 308
12 464
18 297
5 258
10 638
18 787
25 705
25 424
15 643
0 573
9 845
15 437
16 828
7 489
28 569
18 283
0 458
25 473
22 978
5 673
13 919
6 805
17 750
21 864
29 771
18 343
29 643
15 499
0 274
2 546
5 673
19 798
3 250
22 204
26 242
28 406
14 747
14 784
20 449
12 526
12 220
25 490
29 537
7 406
20 685
9 780
26 359
2 704
11 770
27 209
25 505
11 200
9 895
22 768
13 879
19 404
11 855
4 566
10 648
24 847
8 220
17 686
2 280
26 981
26 334
20 803
29 416
15 674
19 633
15 995
13 846
8 304
8 437
25 379
6 918
6 577
25 884
27 571
9 569
24 828
29 423
21 755
28 763
4 512
20 971
28 896
20 499
5 606
15 711
9 831
18 928
17 725
27 469
4 893
11 538
25 932
9 654
26 405
9 380
15 911
9 466
15 595
12 909
2 887
26 702
7 907
16 770
25 386
27 627
18 538
23 235
8 853
13 812
14 882
27 724
16 269
24 908
25 204
5 532
20 356
24 994
1 873
14 295
15 382
12 505
18 923
12 912
17 517
20 285
13 323
19 702
13 503
28 823
23 967
24 282
9 367
4 855
3 686
26 520
6 604
1 249
23 654
4 634
2 962
0 764
26 216
12 990
4 394
26 628
27 575
4 438
20 672
4 275
10 644
16 377
20 953
25 483
11 965
6 823
13 514
2 256
29 934
2 943
18 419
6 698
0 891
22 806
2 907
17 208
22 252
7 682
1 395
4 466
27 682
5 416
16 782
12 322
8 382
23 521
10 444
8 792
16 967
11 239
8 419
13 843
16 989
0 361
16 429
3 860
14 950
15 487
25 374
10 984
0 219
5 684
23 386
24 692
6 373
5 274
9 482
29 363
23 401
13 463
1 827
21 392
2 987
4 552
10 992
9 523
28 646
0 368
10 840
14 503
4 523
23 308
26 959
10 482
9 519
1 833
8 786
0 957
14 358
5 343
8 860
6 711
24 419
29 226
20 929
6 455
12 817
28 830
11 797
23 738
22 679
29 782
21 938
1 909
19 760
20 291
27 904
24 801
0 911
11 227
25 883
23 230
11 256
2 844
14 640
2 770
25 796
2 650
16 527
24 976
10 315
29 447
9 652
4 966
4 835
1 411
3 831
15 602
22 235
6 443
26 452
20 271
21 585
2 958
17 516
18 832
12 689
6 241
0 512
9 920
17 653
11 788
9 695
3 591
28 938
14 417
28 639
26 875
9 297
15 423
29 289
14 617
18 449
6 948
6 445
12 928
23 669
4 860
3 203
17 562
25 301
4 622
4 915
21 860
6 335
0 668
14 596
3 458
18 462
24 385
9 568
6 382
24 527
24 414
9 538
15 499
16 407
22 833
20 814
17 304
16 759
13 552
13 819
7 819
25 725
7 544
23 319
26 979
20 391
28 683
18 753
6 383
0 466
4 645
4 865
26 521
3 392
6 694
22 320
21 262
0 974
13 672
2 692
19 917
2 920
13 745
10 777
14 869
2 590
27 942
19 719
17 439
1 910
23 965
26 719
18 423
5 255
2 473
26 597
9 481
20 786
5 636
16 478
21 256
10 810
22 993
26 693
5 456
27 940
7 363
25 723
1 953
18 887
20 228
28 555
7 804
26 500
23 582
2 694
9 302
21 270
28 955
28 370
19 859
12 737
0 485
0 603
23 416
8 219
5 736
10 893
7 721
12 284
23 823
20 273
15 963
7 517
14 302
17 555
23 972
3 388
4 580
1 372
15 318
0 280
2 665
10 832
3 268
9 507
9 593
12 969
26 955
11 980
10 803
6 965
9 241
20 584
6 995
23 669
14 447
10 932
10 683
11 239
12 220
27 492
2 543
11 770
22 835
14 801
1 985
28 370
8 473
2 756
28 246
1 868
13 211
11 372
13 422
0 262
12 703
2 202
28 737
9 745
24 448
2 762
5 735
16 727
20 406
21 588
15 240
13 570
12 959
29 543
10 710
22 510
11 968
2 694
24 843
28 229
20 201
1 512
22 802
14 852
9 811
19 585
7 969
29 899
16 213
13 703
22 908
28 291
1 656
8 759
12 495
1 322
9 987
24 553
29 739
18 203
22 901
3 598
7 261
13 536
0 628
27 493
17 416
5 891
27 899
5 417
9 592
4 282
9 613
10 729
27 385
20 773
6 444
20 978
6 898
20 964
2 532
28 630
5 726
10 593
7 978
28 829
15 889
20 435
28 994
19 343
6 748
26 574
11 508
8 768
6 667
22 899
25 327
12 397
4 821
13 710
18 988
21 707
18 959
14 310
29 739
6 239
14 499
25 206
25 379
11 579
13 246
22 276
19 626
0 733
29 933
16 695
24 909
17 535
2 344
4 568
13 815
21 580
15 225
13 339
14 701
5 959
11 301
1 337
4 508
24 247
28 562
23 895
9 722
9 870
11 441
25 387
17 942
23 419
27 770
9 278
21 257
1 337
2 549
26 758
7 819
29 481
18 588
24 308
13 904
3 380
2 360
19 505
8 351
15 955
2 992
7 517
7 311
17 985
0 226
21 335
26 923
17 965
3 806
26 418
26 204
11 325
5 514
23 338
17 865
16 999
12 276
29 449
29 429
12 596
28 569
8 533
20 817
15 463
23 267
15 836
5 594
0 399
18 974
10 387
1 915
27 566
6 957
28 464
20 223
23 228
20 987
9 858
25 402
6 871
19 905
25 689
28 318
6 934
21 556
20 638
21 487
6 991
28 748
15 495
19 540
21 357
28 721
29 930
23 491
21 430
27 924
15 973
6 674
22 651
23 800
8 820
3 622
3 715
14 679
4 981
7 264
11 642
15 475
14 851
24 608
15 572
20 840
26 237
4 899
24 246
29 620
26 327
16 390
29 995
20 543
17 469
4 716
16 450
26 949
2 955
19 986
5 910
6 251
27 217
0 943
22 633
11 1000
28 352
2 976
28 225
9 756
20 266
20 471
2 555
22 474
1 277
6 305
10 860
6 883
17 880
11 680
24 228
29 361
14 385
19 474
3 405
19 789
5 828
14 255
27 401
6 212
18 989
13 898
19 283
24 658
3 631
21 772
1 225
25 836
10 639
28 970
27 793
23 995
25 455
19 796
2 776
6 598
7 918
28 724
9 269
20 316
20 274
23 939
1 811
26 849
10 908
7 340
27 621
20 655
27 578
7 857
22 499
19 625
9 496
13 910
23 968
3 363
3 719
25 320
2 613
24 729
0 947
8 750
7 527
3 795
25 263
16 846
12 970
15 236
26 997
16 200
4 931
6 635
14 1000
5 900
28 582
25 603
28 742
27 681
0 391
27 976
21 643
20 555
13 990
25 817
26 811
24 766
18 937
24 731
7 764
15 564
22 811
18 778
9 857
10 820
11 915
28 449
1 326
15 924
20 919
6 847
4 212
3 879
10 482
12 754
17 638
21 266
14 206
6 914
10 615
23 294
7 789
10 823
8 523
16 800
3 381
27 572
27 517
3 251
20 514
16 582
3 378
3 661
13 267
16 543
10 449
18 213
9 707
16 740
11 232
23 951
12 997
29 771
5 922
15 830
8 529
4 365
14 201
25 454
15 656
8 930
25 696
4 503
29 248
15 339
15 964
14 616
24 808
2 601
15 672
15 647
16 661
2 945
7 911
5 593
6 698
3 940
3 420
14 293
5 533
4 586
18 272
6 290
2 897
28 972
3 291
4 603
28 399
24 532
26 942
18 511
20 435
2 823
15 928
24 836
20 764
8 986
27 447
28 924
1 442
15 524
19 751
24 457
13 907
18 574
23 468
9 940
20 201
5 723
26 835
8 559
2 738
9 750
29 238
24 446
9 630
24 826
5 853
27 270
1 953
19 503
14 917
8 280
15 600
19 984
1 341
2 559
19 289
29 909
27 571
29 273
16 259
19 235
25 498
11 444
23 855
0 312
2 312
12 286
19 473
20 308
7 899
18 769
7 570
0 279
7 559
16 657
3 806
5 706
0 423
15 949
11 521
14 261
27 226
2 765
14 453
19 729
16 740
10 636
18 620
6 861
19 828
20 305
20 679
26 904
0 345
27 352
1 302
8 740
7 280
8 365
7 952
15 200
3 711
8 911
28 511
25 818
10 695
20 529
12 219
0 540
17 417
7 887
18 435
5 302
17 208
21 739
3 887
22 633
12 660
20 204
23 725
9 598
20 692
29 552
21 711
17 642
5 428
13 949
29 808
24 772
23 251
19 516
6 666
8 531
15 539
21 353
10 223
2 274
12 462
23 247
28 342
29 641
11 598
7 563
14 847
17 490
12 535
22 818
23 582
15 799
17 442
5 385
20 315
16 560
19 839
29 437
13 924
10 234
25 904
16 779
18 477
18 716
26 991
16 695
17 990
17 326
1 730
19 343
9 351
19 384
20 576
18 467
20 742
8 480
15 478
3 560
10 935
14 873
11 704
10 640
3 598
16 229
23 384
5 841
24 821
6 805
21 580
17 807
5 971
23 947
23 203
18 825
11 733
12 735
0 819
4 842
29 427
2 959
20 465
10 436
2 656
10 450
23 687
6 351
2 872
1 926
5 593
19 902
2 212
22 565
6 635
22 651
1 304
8 252
28 707
20 550
2 670
5 681
15 921
2 693
28 827
27 760
15 271
6 718
12 259
7 516
15 856
19 221
9 607
3 883
4 501
7 733
3 794
13 495
18 936
23 785
11 676
22 858
9 667
22 309
3 302
6 509
4 970
15 946
26 648
19 277
8 463
5 710
29 620
24 226
26 652
4 926
16 369
13 742
29 323
16 243
0 482
24 336
29 416
15 701
1 626
5 814
13 832
23 775
27 942
11 433
5 862
9 739
2 254
9 546
12 234
19 855
3 333
12 976
1 489
20 291
13 560
5 915
27 700
27 478
17 556
6 217
16 384
9 759
13 390
15 344
4 608
