2000
24 345
20 233
29 377
6 309
15 685
15 728
8 209
22 790
6 640
14 958
29 556
11 825
21 817
15 361
0 819
7 292
1 947
24 616
8 706
1 379
7 705
27 947
28 308
24 994
13 699
20 523
1 252
20 795
14 890
28 371
26 713
21 860
7 836
25 563
17 520
12 784
13 217
26 737
23 553
25 778
26 986
7 280
29 253
8 543
10 741
4 607
2 326
3 291
21 204
19 407
24 839
21 703
13 268
7 396
19 973
4 473
19 241
0 663
27 562
21 747
12 655
18 875
21 363
24 961
8 635
27 692
27 721
23 506
19 638
16 636
17 247
4 247
15 554
13 708
13 894
2 822
29 968
18 228
2 738
4 252
12 555
13 584
28 220
25 359
3 416
18 366
20 898
17 357
14 326
18 837
3 587
15 766
2 453
6 987
26 657
5 889
23 906
1 619
5 940
21 733
18 449
0 631
5 644
11 797
4 279
9 818
1 927
8 583
25 634
24 786
22 284
27 271
26 226
12 880
29 554
9 345
5 236
28 845
8 619
25 821
14 369
21 561
20 526
16 474
23 882
15 591
5 503
5 203
13 342
16 317
4 220
1 223
23 542
4 562
0 216
11 463
12 511
28 379
14 638
27 789
14 473
12 403
21 283
2 671
8 887
16 523
9 433
9 391
25 298
28 689
26 620
8 313
18 518
6 529
1 823
15 242
17 798
17 234
9 869
20 327
20 643
11 471
26 456
12 273
1 201
9 947
27 878
14 430
8 322
15 471
18 850
15 767
11 988
3 987
12 699
20 733
18 752
22 329
29 798
18 867
8 832
16 528
3 742
28 389
6 531
15 767
4 266
10 767
4 973
7 657
0 635
17 532
23 598
3 614
18 972
25 386
23 998
28 821
22 823
12 214
11 431
11 521
20 226
25 824
18 840
5 257
12 424
0 453
4 312
0 768
8 227
13 219
11 838
15 511
8 999
18 475
15 783
4 754
6 567
8 974
19 234
4 642
22 915
24 960
24 702
27 371
15 543
3 518
16 522
26 276
16 743
4 874
14 936
20 434
17 938
12 504
2 850
13 614
16 887
18 458
23 660
27 822
13 604
15 790
15 677
15 630
26 881
17 763
24 935
4 201
19 631
6 798
9 999
2 384
4 556
14 650
0 438
3 786
16 391
25 766
17 574
2 655
23 871
28 986
22 578
16 471
2 998
6 464
1 944
2 906
27 401
14 246
21 262
25 747
15 692
9 379
10 782
14 263
20 260
7 405
18 487
23 826
14 493
11 382
20 695
11 714
24 832
3 761
22 466
23 465
12 457
12 583
13 267
25 360
2 755
19 711
28 236
17 364
0 301
27 326
29 428
6 998
8 378
24 845
15 908
8 533
24 722
14 991
19 422
16 430
24 920
21 438
20 393
27 997
18 904
0 299
26 720
12 875
18 777
9 819
2 974
4 301
9 579
2 905
7 588
5 927
3 233
29 222
27 668
20 675
0 734
18 263
29 676
14 668
8 963
26 660
11 770
20 907
13 354
1 618
2 240
8 564
5 480
15 946
7 779
18 374
5 604
13 700
3 889
10 518
14 843
20 939
13 241
10 835
9 328
27 285
1 293
10 854
2 502
25 964
24 950
11 926
29 890
10 542
5 304
23 329
6 743
14 272
8 818
13 387
29 863
12 442
1 404
6 693
4 386
21 780
1 744
11 425
18 565
1 526
28 855
13 906
1 770
18 505
10 670
0 650
20 436
2 278
17 285
24 428
9 977
28 386
4 450
19 414
20 955
16 688
0 427
12 715
12 872
6 294
3 616
3 948
7 867
4 858
24 348
26 954
2 645
0 279
14 736
14 850
5 350
27 771
1 846
0 451
3 820
2 653
8 486
21 767
20 497
25 793
19 416
2 870
24 253
16 407
17 641
0 519
11 419
24 676
12 323
25 805
3 250
5 563
19 544
26 375
23 555
29 256
3 749
8 725
2 666
12 633
9 845
25 751
13 276
12 496
25 715
14 266
15 335
9 380
14 205
28 609
27 643
3 980
0 807
17 995
4 326
24 283
4 515
9 395
24 284
1 437
29 835
0 963
25 233
16 834
24 202
11 748
26 666
29 262
28 585
14 917
21 932
5 917
13 790
10 378
20 495
9 474
4 224
20 677
25 916
25 288
0 951
25 829
14 882
11 508
3 358
0 898
14 764
4 775
17 694
6 662
15 432
1 911
22 711
0 603
28 906
16 644
23 276
7 554
8 577
17 571
16 683
12 418
14 547
23 556
2 375
0 974
18 857
0 801
24 655
14 755
7 446
9 809
21 530
5 962
13 867
20 532
23 708
1 990
17 346
14 202
25 338
15 533
13 724
28 505
4 262
6 580
3 397
25 463
12 602
27 429
18 920
24 955
8 442
12 481
15 723
19 540
13 965
6 555
17 916
23 337
25 690
6 325
5 679
1 267
5 493
26 897
29 703
10 545
14 209
28 673
8 760
18 843
0 493
23 512
22 999
23 487
25 345
7 534
18 299
16 756
29 429
18 650
19 272
23 947
1 458
23 876
27 638
18 803
14 596
14 768
21 972
16 935
25 590
4 912
25 463
5 489
23 501
14 509
13 925
10 675
0 231
1 447
7 386
17 969
18 232
19 470
19 854
17 629
27 804
1 914
22 628
15 683
23 513
28 250
24 559
28 545
4 425
14 965
15 929
26 610
25 800
4 954
25 329
18 844
26 254
4 733
0 987
15 864
24 776
14 575
16 556
10 611
13 941
9 891
27 627
10 604
21 836
10 209
1 461
23 336
26 993
10 491
3 696
29 820
21 959
23 327
10 873
1 345
22 925
13 613
19 902
21 264
15 978
22 970
13 265
2 710
20 887
10 760
3 318
18 951
21 872
7 438
7 432
19 467
15 806
17 433
23 327
19 891
7 353
5 885
4 488
23 752
29 293
23 913
14 755
11 572
18 699
6 898
20 365
21 560
23 580
15 286
16 679
22 334
24 250
8 239
15 901
11 832
28 479
28 982
20 954
9 359
9 596
4 217
3 415
0 931
22 966
4 495
19 753
6 924
25 554
22 408
21 776
16 509
6 279
5 890
24 229
5 626
7 929
19 686
17 369
14 219
0 493
10 341
28 565
3 313
4 786
27 833
12 569
28 681
25 462
23 993
14 762
5 549
27 557
14 950
29 665
15 310
12 552
7 993
4 898
12 287
28 703
7 943
10 864
13 977
8 842
16 751
28 693
16 364
14 268
19 544
27 615
8 429
21 786
9 599
17 381
9 898
21 966
19 542
24 593
22 344
20 514
13 646
22 349
24 693
29 780
16 961
4 611
4 824
29 996
28 399
18 861
14 333
23 657
21 926
10 480
27 409
19 884
2 209
20 473
21 812
27 496
20 852
15 675
28 422
11 416
25 240
6 971
19 649
16 455
9 938
19 394
4 317
0 645
15 346
6 438
7 681
27 643
18 758
25 395
23 590
11 785
23 360
15 751
23 545
5 722
20 290
3 503
4 611
18 862
28 307
1 826
5 370
18 775
7 510
16 953
19 563
4 601
9 982
9 657
16 975
4 343
10 607
13 988
18 699
1 431
16 719
0 838
18 410
5 471
25 625
20 460
4 648
11 819
22 806
5 289
27 723
7 494
16 961
5 472
24 879
19 455
0 669
14 657
10 792
13 745
10 912
26 841
15 630
2 426
0 987
26 964
1 910
10 844
27 273
19 851
15 704
6 316
3 974
3 241
25 286
28 743
11 783
13 694
15 832
12 792
13 300
26 799
12 484
28 402
20 751
1 430
11 507
5 245
5 443
3 961
13 653
23 969
9 569
18 534
21 629
2 674
16 895
18 598
12 812
26 368
0 475
22 405
1 522
1 441
2 671
20 847
18 412
18 299
4 919
26 889
2 924
17 809
22 408
28 829
4 740
21 352
5 513
5 951
2 257
10 353
9 894
8 539
22 461
0 479
29 766
25 742
16 992
15 308
18 743
28 351
25 497
24 640
17 389
13 248
1 639
18 966
10 905
12 322
24 499
3 215
12 627
17 457
25 907
18 564
4 327
8 469
7 918
1 998
16 265
7 707
25 254
8 626
27 674
27 623
7 269
1 381
27 436
24 550
13 489
0 492
5 941
15 267
8 867
29 614
27 276
1 695
13 881
7 806
13 533
5 747
18 339
18 602
4 486
5 1000
19 409
14 622
29 618
24 999
14 644
28 348
3 457
25 203
26 787
11 593
25 670
4 666
29 800
18 378
6 394
19 639
26 884
14 363
13 712
0 297
7 564
9 893
7 532
24 888
25 305
1 285
5 707
14 847
8 564
2 763
17 574
11 721
27 866
6 338
6 349
6 887
2 281
5 659
21 835
8 834
1 984
25 920
0 907
27 371
26 482
13 360
26 948
20 750
24 614
8 519
4 462
12 623
18 655
20 428
6 476
14 750
1 775
11 473
28 536
26 585
22 957
5 643
5 696
6 248
16 619
3 631
17 276
22 547
2 679
15 494
26 482
0 397
6 786
9 338
20 510
17 580
20 524
11 330
22 465
23 267
12 509
7 261
19 436
18 621
22 968
13 434
18 205
16 429
8 741
9 459
29 491
2 321
6 700
9 734
0 401
18 954
0 927
21 280
19 524
5 872
4 233
9 358
19 608
15 912
11 434
28 767
14 665
0 631
8 686
1 314
20 335
29 665
3 612
12 411
12 418
18 750
26 234
5 488
15 631
15 691
26 508
1 658
24 338
4 537
16 877
9 665
23 455
5 601
13 935
12 320
28 886
13 285
22 828
10 539
17 941
4 611
29 823
5 532
9 643
19 795
2 772
6 894
22 309
27 378
21 801
10 267
0 815
5 222
9 896
26 335
22 847
5 212
27 837
28 285
5 531
28 587
23 767
16 856
17 527
15 803
17 596
29 643
17 519
2 726
13 450
27 801
15 893
25 893
16 807
5 378
19 893
16 308
24 467
25 490
22 915
9 944
18 773
6 738
22 540
15 383
26 870
15 631
15 527
11 962
4 967
27 603
23 822
28 219
27 645
20 733
15 721
19 321
8 882
11 978
7 615
19 584
6 551
14 681
24 676
25 712
24 897
14 379
20 995
24 549
0 927
9 760
6 915
4 222
18 206
25 829
0 237
8 683
2 845
17 872
29 859
14 993
15 651
24 651
23 693
0 334
28 777
18 808
18 388
20 291
1 318
22 923
20 550
9 922
19 707
12 797
5 892
8 962
23 538
28 614
27 482
7 572
6 212
11 684
21 226
27 924
24 492
7 789
5 386
28 421
6 445
27 309
2 960
15 581
3 661
12 498
4 252
1 614
16 377
9 731
16 797
20 614
0 671
8 778
19 719
15 892
13 659
25 942
8 639
16 496
24 367
19 935
22 924
5 513
20 666
11 445
28 905
7 946
29 416
28 528
1 524
20 746
12 430
21 707
4 696
14 815
8 528
1 241
22 282
3 239
14 544
14 544
28 837
1 596
11 492
2 464
26 284
21 936
11 765
28 409
26 209
16 577
3 613
15 604
5 598
25 561
24 807
24 600
12 534
13 841
0 582
24 632
1 414
0 215
20 898
5 277
25 653
13 905
1 929
21 445
16 775
4 788
22 663
11 444
3 732
3 512
3 363
13 822
25 291
25 764
11 278
20 362
4 947
7 689
13 724
25 976
18 600
11 394
16 573
20 719
5 538
12 268
20 656
17 639
5 423
26 975
12 986
18 217
29 977
8 267
20 334
9 207
13 677
24 346
16 711
2 917
3 321
18 247
23 656
9 434
0 561
28 777
23 257
27 849
17 427
28 640
14 245
23 666
8 676
27 498
1 516
2 457
11 921
6 283
5 455
0 303
9 876
24 720
18 883
12 529
12 486
1 823
19 634
14 913
17 419
17 572
5 846
2 527
27 744
2 577
9 628
27 578
15 509
3 342
12 851
8 600
4 554
9 786
10 918
21 608
28 597
6 891
26 732
7 403
29 271
11 459
23 951
3 620
15 594
16 564
2 747
15 276
22 314
16 412
20 228
8 876
26 981
20 637
24 655
4 500
26 613
0 555
14 988
12 682
8 598
18 874
10 712
8 840
29 894
8 646
22 938
8 793
25 686
26 493
23 279
28 315
19 966
17 688
19 562
16 370
3 520
28 680
25 440
26 961
26 975
26 224
18 916
25 341
13 335
20 998
14 215
0 298
22 684
21 300
12 786
13 645
27 875
21 869
28 441
18 725
3 676
18 805
10 228
16 200
12 809
19 699
14 598
9 985
28 430
10 426
17 924
13 450
19 676
24 606
28 586
6 469
29 515
21 802
23 260
5 592
21 524
1 511
18 999
0 416
17 860
9 444
19 912
17 821
13 453
19 747
15 958
8 966
1 787
2 900
10 654
29 935
19 847
10 226
13 778
11 661
27 464
26 881
25 566
17 712
21 602
18 697
21 577
27 205
10 852
5 932
22 733
2 998
16 248
9 656
11 584
13 318
9 465
10 953
29 474
29 610
28 576
11 451
8 640
23 585
22 899
2 804
29 827
2 357
20 972
0 925
15 527
6 441
18 412
12 968
20 583
23 691
8 692
7 730
15 471
11 519
12 815
7 512
11 955
1 528
27 428
0 255
29 873
1 907
10 492
26 458
4 617
2 537
28 924
2 767
28 800
11 523
8 836
3 314
21 543
0 429
10 333
11 543
21 760
18 948
4 849
4 369
23 266
5 536
11 660
20 817
0 662
28 751
27 684
19 502
25 913
23 628
22 855
8 533
25 767
27 913
10 897
16 874
27 656
2 929
22 622
2 890
8 446
15 722
16 377
21 942
29 495
14 837
4 744
16 983
13 317
18 241
26 201
3 879
7 267
5 718
17 748
17 862
23 582
25 731
18 343
2 238
23 774
8 716
24 715
24 232
21 933
1 438
14 691
23 302
26 250
17 631
22 563
21 678
0 809
5 851
26 467
3 450
0 320
27 315
29 300
1 724
24 838
22 739
26 976
8 908
11 683
8 717
14 556
7 708
10 488
14 792
8 502
20 699
22 795
28 983
28 462
17 893
5 472
27 250
4 240
15 664
9 321
16 389
2 811
1 506
24 677
2 337
10 656
5 480
8 992
24 632
17 841
16 503
4 317
13 707
23 672
10 254
18 873
4 908
13 365
3 684
17 295
16 644
4 858
2 415
1 872
25 610
28 851
1 222
17 826
16 459
9 838
29 410
5 943
20 440
5 808
11 214
23 620
5 694
25 451
15 989
23 963
2 686
2 519
6 886
8 619
17 460
1 750
15 423
22 800
3 385
26 860
9 820
12 440
28 272
17 913
27 273
21 313
23 868
19 894
20 815
9 434
2 848
2 302
0 761
26 696
13 840
10 533
24 517
15 734
14 290
2 619
9 203
17 710
20 832
4 324
9 235
28 710
21 368
20 953
18 397
24 615
26 421
9 725
9 590
10 977
1 479
9 787
9 521
26 817
26 948
26 586
26 468
19 297
7 266
19 879
28 556
29 740
19 613
18 818
19 958
29 634
14 772
11 880
5 458
7 956
2 699
7 660
27 482
9 433
11 489
6 825
4 687
5 811
24 966
15 283
22 985
18 321
16 595
9 542
1 516
6 530
29 482
1 599
21 255
5 581
8 711
12 848
8 984
20 740
17 708
22 552
4 572
28 957
5 768
17 798
27 668
19 246
6 544
10 201
22 276
5 252
26 722
1 460
27 832
6 925
1 609
8 401
23 403
24 482
16 568
25 466
14 908
27 941
22 327
3 556
23 685
29 716
8 255
20 517
8 891
27 672
14 207
11 750
6 704
23 681
27 454
9 754
8 769
23 615
24 412
24 360
25 826
10 386
6 885
7 423
1 377
9 769
18 863
22 563
6 590
18 799
13 918
16 964
2 860
26 520
28 587
17 526
11 208
0 729
29 806
1 339
0 718
26 243
21 576
19 810
20 233
5 514
16 217
7 907
17 389
10 520
29 776
2 356
6 930
20 857
0 704
13 409
5 410
8 509
18 299
21 960
14 898
7 354
8 510
9 922
24 300
4 697
27 582
17 632
9 751
16 911
7 442
0 482
24 898
17 766
29 218
29 769
16 540
8 554
7 749
15 613
18 364
28 790
9 866
26 261
11 859
3 305
10 718
12 733
19 826
11 267
21 755
26 271
29 234
1 602
1 481
22 870
6 236
6 828
15 797
6 914
13 496
16 634
29 487
16 632
27 938
21 976
10 513
8 327
0 689
9 578
17 528
1 286
26 717
22 797
26 555
10 803
0 499
23 980
9 693
6 640
21 562
21 572
19 217
26 653
8 785
15 290
25 430
11 466
0 534
13 400
21 724
19 531
20 964
24 431
2 466
6 726
13 318
4 567
28 950
23 399
29 365
11 491
19 338
9 459
14 239
22 880
29 569
1 266
29 631
28 430
26 653
6 631
11 645
13 836
14 843
14 940
0 509
20 799
6 413
7 546
0 867
16 645
0 289
29 504
23 440
7 680
3 325
23 679
2 225
12 721
12 913
23 427
23 507
11 491
9 523
15 562
5 366
5 907
0 702
6 808
22 728
3 749
10 790
23 295
16 242
1 792
20 935
11 588
12 944
22 902
9 796
18 924
23 331
14 406
20 906
4 265
24 223
24 222
22 542
25 947
1 884
15 790
12 408
26 430
7 748
23 836
14 594
16 400
2 447
0 893
3 324
18 744
25 235
28 889
23 349
10 922
17 996
3 526
27 696
22 545
24 879
19 851
26 319
26 534
16 740
20 369
24 482
4 821
0 764
8 200
8 374
1 390
21 402
10 379
27 905
3 970
16 614
22 844
13 814
29 332
16 527
12 299
10 726
24 783
12 771
23 975
5 367
26 786
4 775
21 347
16 950
0 311
3 912
17 369
12 659
26 574
0 545
15 404
13 627
10 321
29 253
1 918
24 997
17 938
20 576
15 910
12 316
3 611
28 819
14 261
21 220
20 307
19 820
24 257
22 871
10 265
9 550
12 647
