2000
4 207
14 569
27 569
1 535
23 619
28 265
13 594
16 428
6 828
24 759
2 800
1 304
23 513
11 267
25 272
14 886
8 704
19 924
18 586
11 700
23 594
22 928
26 675
6 627
26 300
9 753
28 219
13 999
2 851
4 437
25 689
11 463
13 768
12 804
12 591
14 808
9 856
25 479
15 212
18 513
29 509
10 761
0 489
22 691
25 512
8 501
14 235
23 290
14 312
5 710
18 912
6 429
29 941
8 867
5 409
27 225
2 214
16 372
2 827
8 907
15 467
13 320
28 875
1 718
18 541
15 209
17 752
16 526
19 974
23 849
8 317
8 977
3 661
15 505
27 607
9 751
17 906
27 245
4 989
17 467
27 790
11 642
21 971
12 934
23 306
4 408
23 899
5 553
24 589
17 837
27 775
11 393
5 752
13 837
19 984
24 543
13 784
26 995
11 504
27 372
3 971
6 958
16 378
5 645
6 436
16 485
28 660
21 814
28 860
9 325
21 432
25 681
6 696
17 257
23 657
3 270
11 302
16 760
12 478
25 447
8 739
26 519
18 719
16 825
14 459
2 991
14 349
3 282
8 462
19 839
0 909
27 644
13 257
5 237
14 482
12 480
29 508
3 217
16 284
13 351
4 225
26 353
1 884
3 929
21 573
6 649
3 205
27 627
25 662
0 255
24 287
18 897
21 367
19 842
28 644
10 689
1 557
6 562
23 734
17 948
9 715
26 860
9 632
28 297
2 810
5 522
28 440
17 976
16 815
16 454
2 339
27 753
21 336
6 568
17 531
18 727
13 428
19 225
7 832
0 874
12 844
0 791
0 976
19 334
19 512
23 437
7 822
10 215
28 215
17 799
28 307
2 894
11 905
17 599
13 997
5 292
26 657
26 804
19 403
2 736
1 676
17 966
3 947
29 588
9 600
21 370
12 894
22 984
11 854
24 995
4 978
29 536
20 395
5 903
1 784
11 771
2 526
21 916
22 220
21 302
4 227
26 251
20 754
2 563
5 531
19 908
29 326
12 473
14 636
9 549
20 244
15 777
8 338
13 429
1 609
12 804
25 300
13 304
26 700
1 522
14 286
21 474
6 906
28 567
17 642
8 354
3 763
4 612
4 651
20 231
26 687
24 887
0 461
29 700
23 717
7 308
3 438
2 773
2 715
5 368
15 600
1 747
28 844
27 819
14 430
11 797
4 259
29 576
27 703
14 377
21 481
8 821
27 978
21 939
19 284
20 352
29 688
15 386
9 835
15 202
26 760
19 644
7 967
27 806
10 956
24 647
15 456
19 700
23 285
16 421
21 797
21 949
1 850
28 838
19 764
7 710
14 564
5 216
13 645
20 656
21 865
13 833
11 726
0 389
12 490
15 599
15 643
25 615
7 372
6 838
12 783
11 370
13 745
5 550
25 860
28 359
17 385
10 379
7 764
15 522
8 804
5 742
18 395
26 626
4 348
25 317
17 877
26 929
2 739
22 246
29 602
28 399
21 376
1 908
0 372
1 844
18 292
24 992
1 998
1 398
28 804
28 931
24 614
26 755
23 968
13 748
0 241
2 767
13 836
27 760
15 724
25 318
25 995
12 730
14 255
29 464
20 485
0 718
20 405
16 924
28 760
25 989
14 511
27 918
4 293
4 740
16 417
12 739
11 300
12 928
19 391
13 599
16 464
0 247
5 303
13 849
6 256
0 683
24 790
5 539
26 228
15 395
8 909
23 828
15 764
23 758
10 319
24 544
28 553
3 782
1 444
24 598
7 471
9 815
18 289
17 907
23 606
5 322
8 837
7 991
23 604
27 433
0 328
4 332
6 647
12 900
11 212
15 724
20 507
18 658
10 461
12 762
23 784
16 844
20 411
27 881
24 903
5 304
23 259
8 841
4 891
16 964
3 336
21 643
24 982
10 716
20 924
4 984
28 917
23 915
20 729
3 370
14 807
1 712
24 337
23 882
0 390
28 944
6 595
24 214
9 814
9 756
26 444
3 731
20 716
22 478
23 679
4 587
2 680
26 827
4 262
9 413
24 339
26 573
13 879
3 204
10 512
12 256
19 348
22 539
26 805
27 984
11 757
18 293
3 462
18 591
15 760
9 937
25 277
13 371
1 320
19 384
17 855
23 641
5 649
11 886
11 204
13 583
12 998
9 365
3 572
11 232
23 293
1 482
4 655
6 907
0 761
24 650
14 837
24 383
9 939
18 338
10 534
1 457
11 375
11 729
15 421
0 551
11 516
13 753
8 613
6 393
1 243
2 541
0 417
14 823
7 421
22 490
29 497
25 701
23 431
1 469
27 555
23 357
25 372
26 716
15 771
26 984
20 975
9 810
21 971
21 367
24 720
8 418
13 449
10 387
24 458
7 607
21 718
9 482
6 976
25 643
6 269
21 649
2 839
27 510
18 935
18 358
5 324
19 651
29 277
17 343
29 855
26 846
9 949
2 406
23 609
21 964
13 429
10 509
14 590
25 950
10 504
10 724
20 702
6 893
27 901
13 978
4 781
6 366
0 474
20 720
14 901
24 983
21 539
13 720
6 299
3 815
22 658
26 959
15 358
25 529
26 383
18 584
10 825
6 570
2 758
7 269
9 380
27 339
23 337
20 912
19 903
1 369
15 594
26 291
29 915
16 261
6 770
24 792
15 458
21 315
13 721
0 253
10 201
19 765
6 638
6 691
13 201
15 704
23 386
15 735
18 633
10 914
3 579
25 661
8 699
18 481
8 679
6 575
25 276
0 916
22 566
8 829
6 548
12 896
21 267
23 605
17 709
23 369
14 900
21 683
6 876
14 776
4 750
11 685
18 279
1 706
22 535
27 952
29 587
18 816
21 247
28 976
10 674
4 347
22 955
8 273
22 894
16 967
21 497
13 476
13 903
29 827
5 240
11 948
3 475
0 422
14 622
24 513
0 709
16 536
18 955
13 433
3 708
2 959
10 870
15 584
22 512
29 630
20 861
17 615
11 234
1 946
11 556
1 760
5 884
11 314
28 741
5 636
22 949
6 240
13 633
23 928
23 430
17 482
20 346
7 254
9 651
1 398
9 591
17 694
25 861
16 918
19 234
8 425
8 278
1 214
2 716
14 817
12 424
15 701
26 262
7 793
16 788
20 627
3 304
10 782
13 681
22 921
2 313
12 483
1 533
3 923
7 584
21 412
7 472
14 211
21 269
29 567
24 718
19 764
11 654
8 766
19 517
25 248
14 528
14 212
4 723
9 384
16 995
21 723
21 203
17 267
3 937
27 228
27 961
23 983
0 878
28 903
10 757
24 965
23 848
8 551
3 776
16 657
11 887
15 525
23 589
22 708
27 889
28 657
16 351
13 790
11 546
19 538
6 767
17 932
4 380
3 396
3 291
6 791
7 852
1 617
20 657
2 222
19 626
18 293
16 253
3 406
3 394
14 998
24 741
18 896
2 675
13 527
17 990
17 615
3 532
2 914
12 596
1 421
4 523
4 859
26 439
13 550
11 723
28 567
5 912
23 815
13 594
3 824
25 243
27 265
29 756
26 239
3 434
13 709
17 925
4 434
8 498
21 466
0 253
13 356
5 789
18 384
29 629
28 696
22 833
9 516
14 793
15 672
4 566
20 469
6 510
29 244
0 572
3 397
16 651
5 619
11 472
13 972
18 518
14 294
21 875
21 357
7 706
13 412
18 338
9 946
6 707
2 475
13 523
17 330
21 425
4 267
14 482
3 526
26 250
20 802
10 420
16 624
22 748
4 753
2 214
20 761
10 448
6 757
1 766
24 868
1 937
18 411
29 671
15 545
21 350
22 418
10 631
23 330
24 514
5 802
5 965
14 618
27 561
29 601
17 677
0 471
13 304
5 243
16 354
25 275
18 644
17 722
10 908
21 442
10 803
19 621
2 766
24 481
5 842
1 672
16 655
6 792
5 653
26 750
17 245
21 224
12 664
14 899
16 714
7 746
22 970
23 644
23 805
5 556
4 641
10 711
1 263
28 800
10 212
16 430
29 999
8 248
25 981
16 847
12 325
0 270
1 788
20 909
15 219
25 827
13 290
6 503
19 680
18 590
11 497
21 917
5 541
24 584
7 591
19 828
23 699
16 302
25 250
6 490
4 281
26 677
11 343
22 243
18 508
1 760
0 584
9 973
7 397
14 816
11 906
23 277
4 459
11 352
5 326
13 762
28 583
28 774
6 251
9 626
21 216
18 765
2 782
13 350
20 555
29 578
21 756
14 704
11 703
27 282
6 826
5 541
18 900
17 888
11 788
19 964
1 326
29 681
5 294
22 286
9 995
14 516
20 219
21 955
17 774
9 310
13 328
1 385
25 203
9 293
28 989
0 740
8 496
14 860
9 669
12 599
26 715
21 690
19 590
20 500
18 427
10 596
9 790
9 231
17 671
15 296
13 625
26 714
27 592
5 552
13 963
22 554
18 706
21 230
9 899
14 920
25 953
2 246
15 467
10 676
14 772
27 728
19 616
9 945
26 561
14 959
24 343
27 895
16 965
7 434
16 794
13 816
0 295
20 483
5 817
13 705
12 690
14 626
17 321
12 274
10 424
5 494
17 877
17 587
13 726
27 325
21 498
25 855
29 506
27 615
18 866
2 231
14 370
24 216
1 434
21 420
22 682
27 730
12 653
18 408
19 615
1 683
26 259
27 985
12 229
5 900
17 855
7 707
12 651
23 723
18 619
26 943
16 378
5 270
14 354
24 891
21 545
20 216
5 402
24 886
1 842
23 968
23 707
11 824
18 810
4 415
29 881
18 401
4 305
26 899
18 589
21 833
0 828
28 859
29 298
18 221
28 652
5 901
13 887
7 550
14 221
14 226
7 947
6 264
6 358
5 486
6 288
28 882
5 815
15 506
11 825
23 328
17 299
8 700
7 713
0 615
2 922
28 912
3 291
19 634
16 303
28 693
16 370
21 706
25 771
3 743
9 801
27 761
11 773
27 645
4 349
5 829
0 847
9 739
3 398
4 992
7 535
10 748
29 771
8 837
6 928
19 348
9 741
29 767
22 318
18 641
9 356
7 536
25 739
3 372
23 541
26 332
22 663
7 834
14 388
6 215
11 697
2 999
23 310
21 631
26 512
9 262
18 925
11 576
13 348
10 983
21 436
9 441
22 543
0 828
10 307
11 274
17 300
27 750
17 871
19 278
9 851
22 647
13 314
2 840
16 269
19 421
15 675
16 808
11 489
25 714
19 597
5 654
7 842
29 444
2 658
12 753
23 632
3 292
18 224
24 249
10 555
15 809
10 556
5 639
22 952
4 457
7 977
12 601
20 245
18 283
12 506
12 408
5 938
15 328
6 999
3 612
2 262
16 431
24 813
3 598
8 709
2 490
9 971
21 339
10 212
9 460
23 648
21 966
9 344
11 930
18 587
28 870
20 437
6 800
8 562
2 631
10 869
10 500
23 699
13 610
9 342
4 505
5 374
16 961
6 353
19 748
25 439
14 700
27 790
0 949
16 257
22 345
20 836
13 206
18 286
16 376
15 212
2 254
26 839
10 879
0 415
25 689
0 958
6 554
15 970
22 971
18 767
16 548
9 691
26 390
21 948
24 493
24 581
17 793
17 726
27 710
11 724
13 652
4 551
12 981
18 972
22 512
23 411
26 666
27 309
28 736
10 437
26 740
13 830
17 764
7 228
15 418
15 490
7 564
24 215
18 948
6 933
0 238
25 577
0 902
14 586
0 856
4 253
4 524
26 335
29 772
24 544
24 730
12 826
26 772
1 952
27 728
18 304
26 562
26 651
17 245
28 468
28 593
25 905
18 509
15 854
22 839
27 641
1 790
17 743
17 677
7 769
23 245
9 279
2 200
1 826
16 650
24 749
10 742
13 231
22 910
18 363
11 650
16 532
6 672
27 683
16 766
4 427
11 392
0 475
28 789
6 929
2 909
26 494
23 406
3 996
29 270
28 250
8 997
24 708
14 868
18 768
11 234
7 712
22 557
18 994
15 854
26 313
23 646
16 226
9 914
10 238
14 248
17 861
15 449
26 666
10 502
5 421
12 765
5 861
19 372
24 397
8 896
15 758
3 316
0 500
28 857
17 503
25 299
21 963
2 552
26 800
9 956
12 612
22 281
27 580
4 224
5 267
11 955
13 503
8 334
17 542
1 721
18 625
15 705
26 391
0 881
13 531
2 529
9 387
26 956
10 921
27 304
13 498
16 249
10 972
16 579
5 483
26 696
10 353
8 567
29 741
20 482
5 203
16 378
25 948
28 755
27 216
16 510
25 587
14 436
8 981
7 277
1 434
3 324
10 546
2 799
9 961
14 424
26 711
22 861
25 727
11 432
4 680
10 214
27 291
16 943
18 887
6 272
18 854
1 393
17 772
5 607
0 506
13 398
5 434
28 544
4 657
12 760
13 202
8 268
21 724
5 867
29 416
17 477
22 843
6 552
14 780
11 240
29 574
9 407
26 330
26 362
9 872
28 706
2 807
4 803
12 256
24 723
20 804
23 537
8 528
24 611
20 525
21 661
29 765
15 338
26 742
24 754
29 482
24 993
0 427
15 486
16 905
9 211
11 847
22 355
28 674
14 815
3 278
25 708
28 405
23 278
12 606
5 537
13 236
0 704
24 872
8 729
8 884
25 724
10 868
4 451
28 583
22 851
24 943
10 221
12 604
13 868
11 952
25 751
0 897
29 532
20 315
3 933
28 537
7 586
8 573
17 256
22 288
29 922
3 693
4 570
10 395
17 495
1 533
11 586
20 957
16 984
23 871
10 780
12 203
29 443
2 555
10 821
5 813
7 646
27 448
16 923
12 549
13 830
13 918
24 610
0 875
29 1000
9 252
0 712
2 230
19 499
22 865
4 916
5 894
7 354
3 807
17 850
24 354
7 923
23 795
13 350
21 679
14 672
5 336
0 921
21 402
29 489
4 786
27 421
23 615
29 598
19 576
4 309
23 657
4 615
26 753
15 990
21 353
13 409
1 938
27 785
14 324
5 664
10 519
14 830
6 758
29 285
7 903
22 276
0 538
2 824
24 913
3 459
10 388
1 927
5 445
24 220
27 693
4 254
2 827
10 863
22 368
18 964
24 549
28 973
20 816
28 706
26 825
16 512
19 994
3 406
26 674
6 239
24 247
7 954
8 752
10 523
9 900
29 867
16 895
12 301
25 823
10 336
22 611
27 596
14 551
4 775
4 730
14 654
25 701
19 552
5 407
29 712
28 213
23 413
7 665
8 224
13 884
1 419
1 448
7 926
14 647
1 725
28 964
28 444
29 670
13 740
12 608
6 757
12 951
1 308
14 489
2 418
26 571
6 898
18 964
8 705
0 695
19 637
9 481
12 468
6 578
9 688
27 783
18 952
1 717
29 554
22 714
12 304
16 224
9 357
19 288
16 725
0 414
13 641
23 797
10 502
27 427
23 441
16 838
29 425
26 879
21 653
21 883
5 413
4 375
16 514
26 945
11 444
13 506
15 829
23 365
13 469
18 891
0 909
11 616
28 817
17 240
8 276
20 520
16 852
18 458
23 298
0 994
17 620
22 984
26 884
19 290
13 495
20 381
8 621
8 589
7 992
7 375
19 940
13 896
12 744
3 840
19 596
12 236
25 971
14 652
4 629
7 481
9 803
25 335
24 353
28 343
20 447
18 947
29 578
8 378
24 966
7 1000
2 850
8 275
5 405
27 579
26 643
20 433
13 213
5 403
13 687
16 472
27 662
10 914
2 230
25 926
28 330
2 807
22 955
11 469
10 201
16 933
21 350
5 684
27 234
16 563
19 483
22 617
5 851
2 420
1 922
24 955
12 738
12 491
28 773
27 786
5 972
15 653
17 761
4 826
14 984
2 643
12 263
19 665
11 390
25 772
20 698
4 933
15 869
9 264
12 683
27 468
16 508
19 891
13 638
1 874
26 229
16 785
4 525
26 292
27 421
3 592
2 683
0 344
2 636
0 733
2 964
18 606
16 450
19 521
26 547
20 846
6 749
4 646
0 907
11 555
25 713
18 205
2 208
11 484
3 821
6 635
9 759
1 970
23 345
21 471
23 934
12 262
21 375
6 859
20 502
18 815
26 950
14 961
18 893
19 929
0 515
28 676
9 932
14 560
21 349
6 912
2 350
20 845
19 902
17 895
28 566
6 709
19 310
23 283
29 761
7 341
3 636
28 494
1 609
5 516
7 551
4 889
19 337
1 221
4 259
12 397
13 928
28 509
4 695
0 271
19 975
29 582
21 908
17 630
19 746
3 822
13 390
13 859
15 855
26 977
29 569
4 617
13 289
20 780
24 304
23 593
17 250
4 276
15 240
10 424
0 526
28 945
9 237
12 943
2 807
18 256
19 766
13 464
27 448
19 839
22 976
21 730
22 604
7 893
9 360
11 241
24 376
5 538
17 451
21 516
9 389
8 237
0 632
29 531
9 251
10 941
14 370
23 363
11 305
20 265
4 948
16 858
13 520
12 577
2 800
26 972
3 414
21 396
6 561
16 404
22 267
2 387
4 887
16 977
29 215
18 445
0 390
3 292
10 971
10 284
26 688
14 298
7 688
6 384
0 383
24 355
17 921
11 818
5 730
11 422
9 861
15 356
3 230
4 982
15 447
17 817
4 222
23 333
9 634
23 384
21 518
10 266
12 615
5 397
29 414
2 320
2 539
16 827
6 650
3 376
3 414
9 754
6 342
9 553
17 349
27 665
9 301
14 809
15 311
29 798
14 452
29 510
3 804
19 319
17 222
22 898
27 939
18 631
24 433
9 881
22 375
7 528
19 580
1 925
21 920
15 486
29 502
0 349
14 404
18 958
11 316
27 605
7 205
28 803
17 931
8 257
5 258
24 975
12 201
8 256
13 608
4 234
3 329
0 698
14 281
8 830
27 867
12 766
16 748
28 517
19 402
8 967
21 351
10 606
12 681
25 689
20 775
6 702
21 920
1 486
18 983
26 895
10 438
7 779
3 521
14 497
14 709
15 327
18 290
