2000
18 360
26 306
23 815
3 370
12 429
17 961
16 707
29 355
14 227
2 563
8 878
14 656
11 537
0 835
4 357
21 550
4 459
6 693
25 222
8 909
20 860
27 390
5 599
9 620
15 877
19 973
13 526
2 590
25 468
17 384
13 376
21 266
15 572
9 741
2 829
26 955
2 353
29 864
26 495
27 827
3 817
14 720
19 614
13 328
21 445
9 367
26 205
19 855
20 488
16 751
21 795
19 842
22 664
16 559
18 626
3 696
18 422
13 821
12 851
13 213
19 203
21 431
11 834
11 670
2 364
26 517
25 868
21 235
25 236
10 247
7 760
3 639
26 379
13 399
14 949
18 203
12 426
2 807
17 617
20 587
12 293
16 673
6 553
3 403
24 286
27 934
17 606
18 527
9 888
11 397
24 453
3 267
1 560
14 434
6 572
14 460
14 908
12 430
20 224
3 220
18 706
19 541
2 318
17 582
11 534
28 276
17 548
4 281
14 588
17 914
15 711
18 365
9 668
8 620
12 661
4 387
4 334
13 549
21 279
27 200
17 794
0 987
10 445
20 279
17 944
26 280
3 804
29 403
29 491
27 268
22 655
10 526
5 585
4 251
3 963
9 324
26 639
4 755
13 946
26 538
29 470
12 579
29 758
3 673
11 824
16 353
15 886
11 638
12 962
13 362
5 880
2 393
7 567
23 833
16 431
21 694
1 766
8 574
22 266
17 448
16 845
16 503
10 780
12 238
0 753
18 279
0 431
2 950
6 681
26 972
12 200
18 364
7 618
4 553
26 323
22 298
22 731
6 284
28 915
9 242
15 881
19 624
27 933
22 465
5 763
15 806
28 948
17 710
18 698
29 429
12 241
18 353
15 552
1 223
22 266
11 454
3 503
4 893
29 810
28 248
27 970
6 393
8 755
26 912
8 590
13 423
3 847
18 852
24 463
13 796
5 849
0 382
18 311
14 409
9 464
29 264
13 637
14 740
14 766
6 653
4 344
2 213
16 514
1 721
2 685
17 407
5 949
8 866
27 757
15 770
8 842
1 948
0 492
25 551
20 257
6 738
8 556
9 205
16 754
11 822
21 976
14 714
20 741
0 925
13 868
6 531
3 555
3 715
13 911
8 483
14 861
4 275
3 906
2 467
11 622
11 847
9 276
1 324
24 405
11 624
11 493
22 958
9 875
26 377
9 549
10 233
20 864
8 745
7 943
26 878
22 753
28 831
29 939
29 936
24 765
28 655
2 372
14 838
6 813
24 689
15 335
29 403
17 791
15 209
1 692
21 901
24 491
20 678
22 253
23 252
9 764
1 981
4 387
1 957
13 927
9 503
8 992
10 621
28 937
11 370
27 700
0 740
0 421
17 224
15 492
8 223
22 962
9 387
5 768
18 463
0 391
7 503
27 301
14 218
3 845
12 220
11 686
19 756
7 574
29 368
5 436
29 553
1 398
28 290
25 318
8 421
6 376
1 703
12 822
2 554
5 737
17 643
5 985
25 902
1 988
3 590
24 915
6 558
14 750
5 463
20 712
12 909
5 983
26 675
18 909
20 636
14 337
18 363
7 563
11 221
15 546
0 460
20 246
24 992
23 240
11 926
28 947
1 838
27 257
0 480
0 557
8 591
22 278
11 213
9 570
13 647
11 774
27 830
16 695
23 949
10 895
5 237
26 212
2 619
18 477
26 407
10 930
29 246
22 536
6 819
6 598
28 251
29 738
6 792
20 720
4 745
21 919
21 640
16 972
25 226
1 804
5 838
5 889
15 215
1 577
1 951
4 972
10 518
17 295
17 956
24 516
22 879
18 607
21 354
16 569
4 999
18 591
17 721
8 381
20 658
11 235
10 752
17 369
15 252
14 448
4 458
11 629
24 664
10 256
22 637
20 551
21 521
3 235
3 539
4 839
14 915
14 507
24 983
12 736
24 735
17 666
29 456
19 275
27 884
24 949
23 720
29 332
27 315
24 831
24 833
6 581
13 746
17 252
18 845
14 672
17 845
14 976
8 533
14 521
23 233
14 557
14 676
18 838
28 570
8 274
3 602
17 944
10 968
19 354
0 736
12 954
11 413
12 290
14 914
5 786
28 662
16 847
25 562
6 846
6 526
8 215
29 804
13 880
29 829
25 989
20 840
5 990
26 958
11 406
9 949
15 282
2 954
13 671
2 263
21 585
13 914
14 380
7 241
9 462
20 876
26 254
17 933
10 714
1 646
1 353
14 373
28 659
12 652
6 603
15 324
24 607
4 311
7 592
0 676
16 380
19 811
17 318
5 459
19 219
16 276
19 669
21 226
10 667
15 725
14 990
3 531
6 492
20 831
9 991
1 404
16 240
16 381
16 745
16 376
7 920
15 312
29 235
0 773
29 973
13 406
18 581
20 576
8 645
14 632
7 395
24 388
13 863
1 522
15 891
18 281
11 450
5 949
1 866
16 641
1 614
1 462
25 612
18 225
6 538
26 586
13 665
28 961
14 363
8 677
0 636
10 651
17 633
9 981
28 814
22 693
26 366
25 360
29 828
17 494
17 950
13 792
1 258
12 247
28 801
10 244
27 352
3 641
10 955
15 558
23 757
10 375
4 624
27 983
20 708
27 662
11 494
8 472
26 284
4 558
5 647
1 340
8 845
20 210
24 248
17 977
16 783
2 950
0 528
12 1000
10 499
6 482
10 956
13 970
0 432
13 352
24 292
6 629
6 812
19 512
14 247
28 589
9 733
10 582
3 890
29 731
6 608
1 867
29 844
14 971
15 910
1 717
21 372
24 838
8 766
15 359
13 840
5 292
7 694
0 607
27 355
26 731
10 790
5 985
25 405
6 922
25 738
23 949
3 791
4 356
6 899
11 347
29 441
26 648
29 867
7 650
8 421
21 397
3 725
9 871
6 259
8 758
10 336
14 819
8 655
10 928
26 649
16 426
11 880
1 207
2 694
6 809
20 374
11 476
26 480
17 903
17 378
25 359
22 618
9 300
4 411
8 805
28 620
3 801
22 543
19 902
20 434
0 256
21 808
12 579
29 782
19 698
25 967
20 353
28 697
12 587
13 501
12 281
28 686
4 304
11 493
6 785
4 366
11 987
7 924
7 553
10 852
26 329
5 825
12 480
19 677
12 951
18 367
29 728
27 344
6 480
19 633
23 795
2 391
16 756
12 608
6 352
27 971
0 926
2 454
7 403
19 212
1 743
0 753
20 395
19 423
10 514
21 244
28 967
27 817
19 556
4 669
25 416
4 884
13 576
24 907
9 302
15 990
8 803
15 983
2 624
9 446
5 348
0 260
19 849
1 738
19 771
4 903
22 528
3 692
23 393
15 420
0 561
0 566
13 700
19 434
24 243
28 275
11 387
3 478
14 358
16 924
10 207
7 210
1 888
4 912
20 782
2 957
21 689
26 939
5 729
0 401
10 315
15 967
0 457
5 611
27 685
23 552
17 992
0 412
29 863
3 536
6 771
12 427
7 526
23 646
26 295
10 811
12 638
16 493
21 393
3 975
23 895
19 285
29 658
6 764
26 945
5 828
5 739
22 445
17 760
13 605
4 699
8 487
16 528
28 608
5 288
26 982
5 656
25 932
6 519
20 851
18 778
5 271
0 462
20 504
0 411
1 334
7 886
1 388
13 381
3 749
22 551
14 801
16 783
27 789
19 584
4 429
20 409
29 527
18 215
5 620
0 568
9 566
28 460
10 742
22 403
1 536
5 703
23 936
2 434
6 749
19 947
13 590
10 935
1 542
24 249
18 252
4 805
16 649
22 926
0 556
27 576
2 920
11 616
24 579
28 324
8 875
5 373
26 442
16 369
2 450
15 996
8 554
6 334
24 926
15 225
28 623
17 795
17 516
24 639
11 698
13 644
8 756
1 889
3 571
28 458
10 293
13 746
25 422
15 742
18 498
29 685
9 845
8 324
24 302
25 933
3 296
26 637
16 454
10 995
8 618
14 998
4 634
18 290
8 989
23 914
18 755
9 597
1 243
1 292
22 624
24 292
29 967
21 798
6 347
19 685
7 481
27 628
17 360
22 931
21 902
5 217
20 989
17 492
13 449
21 961
2 959
22 306
14 707
21 268
6 675
26 860
10 783
28 405
9 600
20 487
25 539
11 942
17 463
0 755
25 601
14 500
9 507
3 374
16 635
10 949
25 855
9 352
25 909
7 657
18 420
27 662
3 242
28 743
18 499
19 416
12 355
26 654
19 821
8 531
17 358
27 246
3 407
0 618
20 320
14 584
28 897
2 774
7 668
10 365
26 414
5 264
21 222
3 464
12 431
21 450
5 674
24 651
0 570
1 356
11 571
3 945
25 414
16 282
13 591
0 703
15 464
29 448
8 247
10 347
17 522
15 686
0 472
6 730
3 655
21 733
13 517
12 289
7 483
5 596
23 993
8 533
2 429
12 521
22 235
8 710
7 741
13 937
17 933
20 744
12 200
14 265
26 239
3 422
29 378
8 818
21 240
12 955
26 423
26 729
27 792
7 538
20 750
24 507
15 597
25 248
21 840
22 423
5 452
7 810
24 340
6 664
25 848
11 287
23 260
5 886
23 947
6 578
28 446
11 988
24 849
9 331
29 510
22 762
2 937
26 596
16 797
12 985
25 908
8 859
27 462
4 676
16 596
4 744
14 947
12 974
1 940
16 205
3 819
9 682
21 335
7 660
24 666
29 761
5 684
27 663
12 589
6 286
16 461
17 983
13 998
9 756
0 819
11 547
29 654
17 982
22 654
19 705
28 873
5 657
0 703
3 255
2 627
11 299
4 208
20 811
20 644
13 268
25 915
24 456
25 258
9 398
28 788
14 652
9 395
29 484
2 969
29 437
6 711
5 641
12 478
21 439
0 899
15 878
27 591
5 942
7 320
17 733
5 398
2 447
18 406
18 408
16 736
28 789
2 320
25 349
0 258
6 664
2 440
8 413
8 464
21 694
9 431
7 668
19 549
26 873
19 623
5 331
26 257
28 205
21 953
12 730
22 270
8 235
8 703
21 214
24 656
1 217
20 788
3 285
4 900
12 331
19 760
23 901
23 902
27 942
10 943
1 561
28 414
7 299
29 212
18 210
19 482
22 484
16 744
18 972
6 213
3 596
5 482
5 988
10 600
16 974
7 370
1 244
26 786
14 241
29 713
3 308
20 865
11 816
18 807
20 542
13 668
1 304
18 306
4 336
26 903
14 584
6 622
5 702
27 993
6 299
10 389
16 685
19 917
7 677
1 421
3 783
8 840
28 374
10 973
25 330
26 840
9 202
26 879
3 848
28 443
11 478
0 638
13 967
17 291
17 558
16 619
21 848
17 275
23 232
0 356
6 294
18 242
17 488
7 384
25 538
5 581
13 980
24 335
10 864
12 890
22 214
0 379
15 648
29 955
21 448
18 930
15 558
5 439
22 957
14 328
17 766
12 406
27 629
20 891
6 913
21 811
2 533
19 439
19 743
23 840
22 278
10 602
17 599
3 505
23 583
27 469
3 660
9 1000
10 775
23 344
27 526
16 919
20 937
2 913
15 543
18 408
28 790
13 789
15 348
22 853
10 568
6 813
13 981
17 840
0 441
5 804
9 574
13 358
22 624
12 391
29 814
28 701
9 227
28 467
24 974
14 374
12 556
13 880
6 714
23 966
7 808
0 764
12 737
29 206
25 937
14 776
20 993
1 709
11 955
3 345
29 367
15 254
2 901
15 566
0 651
26 479
17 556
18 595
13 835
22 808
20 892
3 759
24 566
18 443
28 752
17 881
13 874
24 770
21 539
1 908
7 736
20 912
13 376
14 994
7 632
14 482
19 549
6 871
24 891
29 475
2 693
8 803
14 493
15 598
8 470
10 283
16 838
0 227
29 579
0 605
5 629
13 668
17 605
17 800
21 495
18 390
3 703
5 678
13 495
16 660
0 608
8 594
20 506
20 875
10 567
10 356
12 878
29 720
1 652
0 995
10 599
14 782
29 586
24 996
29 768
0 970
20 802
11 656
6 311
14 852
25 252
24 552
10 856
19 223
25 937
18 870
17 959
16 279
8 208
2 589
16 755
18 374
24 492
25 345
3 229
16 958
21 206
29 760
0 967
12 423
9 949
0 289
9 355
4 485
27 768
18 480
0 906
16 833
28 795
19 762
16 953
7 260
7 720
18 823
27 267
11 311
12 886
27 902
11 681
17 905
4 292
23 454
7 991
20 411
14 559
21 999
8 212
15 758
13 563
27 554
3 533
1 455
19 330
13 294
15 676
9 512
11 300
4 217
20 869
20 374
24 548
2 308
8 423
8 925
0 378
21 743
15 738
24 892
17 706
9 395
7 284
23 583
13 504
7 455
20 554
2 909
2 523
2 741
23 632
28 672
16 790
23 905
9 971
16 577
23 612
19 934
1 918
11 321
29 380
19 685
14 408
15 769
15 881
17 348
7 673
12 540
29 771
3 554
28 385
1 213
21 481
23 873
22 620
14 846
3 726
12 426
19 893
20 613
12 294
20 539
27 544
28 638
17 965
3 686
24 240
3 772
25 998
27 349
2 389
13 973
25 813
21 999
5 425
3 396
29 873
14 346
18 686
11 692
22 482
6 438
9 992
14 934
5 957
8 833
0 906
4 251
16 641
23 729
19 669
0 897
18 713
26 279
15 357
29 999
16 899
19 615
15 952
15 338
12 599
26 949
28 531
21 881
26 712
17 298
17 374
22 549
28 438
28 521
24 948
15 481
26 388
19 399
8 710
19 859
5 528
23 577
11 904
2 426
17 668
15 573
27 919
21 621
0 854
18 398
10 758
0 544
0 410
13 832
11 768
28 751
19 268
20 544
21 920
13 665
24 950
17 610
0 501
13 943
2 741
15 685
8 705
25 881
28 952
29 780
10 366
0 223
6 983
9 266
27 960
1 809
19 820
24 400
28 657
27 481
16 593
29 615
27 931
14 936
29 230
28 811
11 290
2 554
1 401
18 789
0 367
20 576
15 228
29 435
1 361
10 916
10 627
29 703
11 545
6 632
0 976
7 839
15 633
18 743
18 294
6 295
14 655
7 462
28 868
7 713
24 890
17 379
25 481
12 667
28 962
23 585
27 839
28 251
1 850
20 715
24 692
2 261
17 514
5 710
24 957
7 999
12 260
15 502
23 890
18 530
24 593
15 539
3 466
2 379
12 852
21 948
17 689
8 527
12 232
20 489
2 303
24 420
6 309
11 612
8 233
20 795
21 915
19 361
17 310
17 816
19 855
11 552
17 335
11 630
24 857
25 825
4 669
11 826
23 568
23 286
23 246
17 967
2 635
13 632
15 527
13 793
26 684
0 562
16 558
4 818
16 542
20 815
5 886
23 413
14 458
6 265
25 619
20 658
15 256
14 289
9 432
29 203
15 492
16 818
2 285
28 947
15 744
14 209
17 833
7 813
12 912
9 216
14 881
12 708
19 430
5 317
12 525
25 265
19 530
21 948
16 858
25 367
2 470
26 925
22 679
1 1000
19 232
20 271
3 395
7 258
18 751
25 597
23 472
21 932
0 232
6 387
21 1000
15 445
6 950
22 452
23 555
28 436
12 926
20 310
13 346
17 379
2 963
10 734
29 305
7 510
15 519
11 569
28 274
19 960
17 260
4 684
21 302
0 515
27 330
17 290
11 636
20 657
24 447
5 235
21 936
6 944
6 202
29 239
13 868
23 545
25 572
23 237
12 771
22 304
1 746
16 586
2 678
10 961
19 781
7 777
14 552
25 891
5 908
20 986
14 795
22 220
6 676
15 842
13 574
7 751
15 960
28 435
4 370
26 313
18 359
0 296
18 612
2 537
25 755
11 870
14 306
28 441
6 904
14 415
28 210
21 619
22 381
28 576
20 601
15 738
25 641
23 966
15 937
8 660
0 529
22 491
4 757
29 420
29 638
27 371
26 510
14 591
1 752
23 270
28 201
4 951
23 808
9 743
12 544
11 328
27 722
14 761
27 654
9 830
27 649
28 345
28 675
19 731
1 215
5 348
1 330
18 485
1 629
4 732
13 436
5 203
11 515
20 687
24 936
15 528
7 650
17 746
28 902
9 511
5 371
0 331
1 751
12 435
1 832
1 982
9 476
12 841
10 797
20 491
5 949
6 450
7 540
11 721
16 320
24 767
16 288
5 549
21 226
7 436
14 414
5 951
17 435
5 416
6 425
5 857
22 397
24 878
28 558
8 213
25 520
14 791
23 693
6 518
28 214
28 603
21 697
23 534
20 211
13 227
26 788
5 834
16 480
26 383
25 392
4 348
20 758
5 227
25 408
25 845
2 917
25 425
18 687
8 547
28 532
5 828
17 890
17 977
3 724
14 319
22 877
17 399
11 792
13 868
12 482
1 557
11 941
2 964
25 734
9 224
14 497
23 680
10 526
9 903
25 819
27 487
29 418
19 982
28 754
26 303
14 203
6 661
2 358
2 866
2 436
27 977
13 769
13 486
28 878
28 390
1 356
25 780
18 375
7 960
14 407
15 318
21 520
5 854
18 842
19 711
0 201
23 873
25 958
10 627
23 918
25 368
18 525
0 471
9 704
23 607
12 754
28 877
28 246
27 512
23 236
21 766
16 528
13 651
16 579
29 743
27 374
24 618
5 664
12 495
24 212
1 245
4 882
7 557
19 641
7 541
29 522
15 707
23 532
25 538
13 315
24 674
3 232
28 771
1 549
2 972
21 241
13 498
15 790
2 203
7 810
12 555
8 294
22 739
2 426
26 907
16 863
22 815
21 672
23 362
2 808
12 685
16 419
16 212
25 949
14 724
10 894
24 992
9 669
23 558
7 513
5 918
10 603
3 769
7 307
8 756
20 620
2 278
23 528
23 480
4 378
19 208
21 838
16 392
8 494
28 593
22 811
20 819
2 810
6 500
8 353
4 201
27 902
2 620
19 801
5 551
1 415
24 558
13 419
29 446
10 967
19 482
6 808
10 591
13 290
9 373
2 591
10 843
6 991
26 779
29 760
