2000
24 566
1 939
24 445
25 413
14 230
1 416
29 714
6 474
9 785
25 595
8 483
15 892
11 388
16 443
18 924
15 905
20 784
18 946
13 608
19 499
8 415
15 756
22 513
27 806
15 750
6 812
2 254
2 291
0 933
8 884
20 214
13 203
16 467
25 801
28 800
8 243
4 771
22 801
16 895
24 803
12 977
2 756
15 455
6 213
7 751
1 937
26 276
0 446
21 448
17 748
24 247
10 766
26 667
20 680
6 530
16 890
3 315
5 767
4 312
2 699
29 886
6 614
1 936
16 423
23 821
6 286
22 368
13 803
13 937
8 656
1 328
17 624
18 971
24 472
26 970
19 321
29 363
5 505
13 489
18 250
24 744
22 510
15 582
17 676
9 450
12 835
22 790
17 312
9 494
10 843
24 455
29 915
15 407
28 529
15 572
23 299
8 402
0 459
20 220
29 534
23 681
19 337
14 481
2 585
23 237
20 596
1 645
21 742
23 472
13 731
28 359
4 759
8 758
17 501
11 960
29 683
13 640
20 481
5 293
16 591
29 718
26 706
25 598
12 363
2 945
11 558
28 360
11 585
27 820
25 544
28 588
0 386
6 849
6 406
26 942
11 448
12 969
0 776
0 401
29 873
4 226
25 268
21 693
23 471
1 590
25 715
25 213
25 949
29 451
29 485
27 351
23 543
17 406
2 259
8 749
11 486
29 393
16 589
14 254
12 684
15 223
18 255
2 474
10 348
7 987
17 809
13 449
19 213
16 255
22 380
17 685
25 904
16 311
25 341
10 899
26 757
9 894
6 654
5 736
6 302
2 633
3 694
16 755
18 365
14 536
28 988
12 256
12 471
13 836
15 544
2 951
9 973
12 301
7 357
4 982
6 604
5 657
6 609
25 636
21 984
14 618
22 397
26 588
14 976
28 638
17 924
4 972
17 627
20 785
18 687
7 382
15 309
11 921
12 780
7 371
20 424
13 327
29 399
21 462
10 514
8 606
19 422
10 838
21 367
1 387
0 572
19 396
16 302
10 458
3 476
14 248
6 685
22 453
11 218
15 258
27 943
11 407
4 867
18 887
12 557
8 713
3 782
5 370
1 510
20 408
13 201
11 583
22 289
1 292
24 541
13 669
9 937
6 267
24 418
7 232
24 622
10 217
1 278
28 775
13 224
3 241
25 584
23 723
16 737
19 568
16 559
28 781
18 333
16 963
7 742
2 801
23 985
4 657
23 949
21 306
22 446
11 206
13 876
7 392
23 731
3 255
15 653
3 360
6 740
16 429
21 288
27 712
0 822
16 658
11 457
23 917
28 387
21 755
2 659
18 379
1 241
10 865
10 806
22 325
19 832
7 769
18 293
1 519
4 914
6 789
28 773
12 815
22 651
24 501
0 952
20 948
24 957
21 421
4 923
25 984
2 871
21 441
26 717
0 949
1 607
14 247
20 840
17 639
25 556
1 879
0 599
7 502
12 488
8 328
1 527
3 415
9 258
27 269
20 648
12 943
22 553
7 709
5 587
10 357
0 964
7 695
4 446
23 907
25 290
1 536
20 267
19 913
9 789
2 513
1 939
25 530
20 270
1 535
2 936
2 599
18 921
4 772
20 298
11 224
9 994
16 862
6 852
18 758
16 982
10 417
12 688
26 817
9 481
25 353
9 323
20 722
10 446
6 850
14 286
19 415
6 826
29 756
17 749
4 858
1 507
19 930
9 595
18 690
28 727
10 766
21 589
28 656
7 535
2 841
16 733
16 413
2 451
11 314
14 566
13 780
26 688
27 497
21 866
27 655
10 316
21 209
23 208
7 919
5 759
12 964
9 451
14 985
5 725
23 435
18 260
9 283
14 289
20 865
17 875
28 947
20 693
26 559
13 274
25 580
7 421
11 866
18 686
1 364
25 446
4 939
20 965
29 299
27 609
18 793
3 318
6 576
17 592
10 953
20 372
20 383
23 229
0 567
27 661
0 975
29 329
18 349
1 270
27 284
0 363
18 427
26 359
18 843
18 299
26 618
14 608
21 695
11 358
5 264
16 492
24 596
15 919
14 839
25 984
5 687
27 715
1 750
25 411
15 316
13 846
1 833
4 987
17 693
4 328
2 482
18 527
16 527
28 699
29 686
19 211
3 723
24 259
23 792
28 222
21 296
29 660
28 477
9 839
19 728
1 517
4 640
18 263
21 347
22 502
24 540
1 726
4 458
2 504
6 757
28 743
18 658
4 650
4 251
2 364
22 984
17 382
27 952
1 603
26 619
9 336
9 609
13 995
10 855
10 376
15 359
8 353
25 670
18 402
0 764
1 370
29 504
20 696
18 281
22 954
21 586
11 819
15 838
10 777
19 765
15 417
2 275
26 386
26 236
2 639
7 392
7 950
4 310
18 211
24 722
19 881
0 375
19 873
10 942
2 234
25 989
23 930
4 997
6 574
9 426
11 206
9 538
5 505
29 980
0 560
8 992
7 525
1 526
11 900
29 895
14 552
4 292
27 392
7 743
29 420
25 545
8 692
13 475
25 542
9 576
1 497
3 984
29 285
9 426
12 256
10 432
7 306
15 328
21 230
20 291
28 381
2 825
10 762
27 372
25 344
19 311
6 515
19 982
16 501
6 210
15 304
5 305
19 709
10 357
17 547
5 991
7 847
11 906
24 796
10 469
22 392
28 721
8 939
24 647
24 857
13 428
8 505
27 755
28 812
10 296
24 931
13 389
21 483
9 894
25 389
22 836
7 213
27 756
25 716
6 649
12 824
25 487
16 810
18 896
25 685
6 619
5 801
9 876
17 884
20 913
16 730
27 943
18 419
28 866
3 716
13 443
29 983
6 998
26 773
25 528
12 691
12 671
14 560
1 390
6 840
3 713
18 434
3 223
6 359
5 276
20 344
7 413
9 719
23 689
14 858
12 254
22 813
6 974
21 983
8 388
11 359
25 591
2 678
8 888
11 908
19 972
10 518
24 819
9 264
9 753
12 445
4 286
12 696
20 811
14 811
10 835
18 493
5 639
11 345
28 823
22 703
17 646
27 220
15 607
28 457
20 969
26 537
15 908
18 769
1 312
24 290
6 523
18 870
24 246
3 361
18 995
17 446
28 258
26 962
1 804
22 706
2 830
9 950
6 863
5 303
13 619
3 918
12 811
1 238
3 222
2 746
0 762
6 220
25 290
26 821
6 377
9 367
10 442
23 295
1 440
29 911
16 851
14 747
23 932
20 815
2 894
13 640
0 676
10 815
7 498
24 290
2 402
21 303
29 529
29 370
27 351
15 568
4 879
16 998
12 982
25 320
3 304
4 566
13 431
11 412
29 238
6 954
10 276
25 897
19 900
23 205
24 882
25 439
7 377
9 420
14 534
27 708
28 889
6 572
21 672
7 930
1 312
5 935
12 815
8 861
6 306
18 740
15 517
17 531
18 260
26 271
8 850
29 923
28 582
14 418
2 413
26 251
6 555
4 859
16 444
11 834
19 730
12 884
0 488
10 802
1 940
23 247
16 632
19 633
0 249
21 534
4 473
29 740
9 599
25 741
28 510
5 574
23 759
11 887
25 544
18 352
7 499
0 621
10 989
24 941
2 951
21 696
27 977
13 942
18 302
28 731
10 232
29 798
27 558
24 321
8 411
13 430
9 357
28 617
6 255
2 922
22 359
17 488
0 383
9 619
6 882
8 392
3 604
4 676
3 242
0 427
1 719
24 946
9 502
14 440
2 502
6 983
16 656
11 256
21 941
4 980
10 971
17 771
20 366
24 360
7 504
11 625
22 958
3 925
24 386
27 811
20 833
7 396
27 360
26 404
2 986
8 869
10 443
0 298
6 601
13 739
21 935
0 241
8 438
17 598
1 665
17 901
29 434
20 814
9 988
13 996
20 864
7 572
25 538
26 723
8 490
22 546
16 781
27 878
28 307
23 589
21 362
8 915
25 406
9 979
19 520
12 812
0 746
9 391
6 550
22 967
11 642
21 750
19 888
3 618
9 301
7 261
10 624
28 261
3 441
4 901
25 506
18 572
2 244
20 947
27 613
5 442
23 835
20 568
7 995
2 274
28 701
21 726
1 627
28 406
14 801
6 685
22 473
26 785
27 924
19 529
27 436
8 428
3 243
25 419
0 226
26 335
21 216
2 332
1 584
4 522
13 356
23 922
26 677
11 445
22 925
21 474
16 378
21 700
25 471
0 589
20 399
6 770
14 273
4 343
18 554
5 794
28 679
24 243
6 944
1 217
14 757
15 233
27 437
26 398
5 812
17 311
9 763
7 880
10 595
27 507
25 663
8 503
0 981
25 895
10 301
23 569
29 655
18 534
29 549
2 790
14 832
1 779
7 927
10 823
26 997
5 323
11 581
26 923
23 279
29 263
11 494
16 745
0 441
29 767
27 598
4 756
12 521
24 592
16 891
3 383
4 628
25 201
20 370
13 216
15 447
3 624
16 514
6 398
9 865
21 349
9 872
22 660
27 415
20 269
21 694
1 682
10 623
20 231
2 382
14 284
16 742
2 599
12 761
27 926
13 770
29 800
22 878
21 819
11 668
2 965
27 672
22 361
19 678
7 679
24 344
27 956
23 704
10 345
20 543
13 355
1 680
23 706
29 437
5 534
21 220
29 759
26 673
20 237
5 829
15 309
25 434
5 839
23 574
8 563
24 483
29 968
19 804
0 771
15 856
13 643
17 545
1 418
27 787
11 406
12 638
20 996
19 265
2 616
20 207
16 867
14 802
17 264
0 855
1 996
12 471
18 314
23 435
19 644
3 341
21 659
18 900
0 918
29 271
11 593
2 489
6 913
22 929
16 443
15 936
20 535
16 966
9 708
27 803
0 377
6 687
15 962
4 405
14 452
11 260
17 592
25 845
2 701
9 763
16 861
24 466
13 601
19 461
11 898
5 492
27 842
4 725
4 778
10 842
6 816
8 353
12 939
20 329
13 563
6 692
7 667
14 283
24 357
2 685
4 969
0 965
23 351
4 877
24 897
28 662
15 800
20 286
0 208
21 385
28 760
1 993
23 740
14 495
6 936
12 627
1 315
13 365
2 935
15 913
17 891
22 250
24 309
4 485
17 455
16 510
25 355
27 390
8 340
9 704
23 900
1 988
10 309
4 318
3 712
10 514
11 782
10 260
9 302
3 365
5 820
20 980
24 555
26 388
21 326
14 666
14 658
3 519
19 452
1 622
5 728
29 846
6 946
8 862
3 255
12 431
9 408
8 861
28 483
10 585
9 952
17 638
3 809
6 920
2 273
5 971
18 975
1 671
10 793
20 689
10 454
21 321
7 944
28 629
24 388
26 971
22 828
5 301
2 782
22 413
4 663
26 876
0 253
1 596
19 930
19 932
5 598
2 560
7 489
25 781
9 701
2 759
5 609
25 853
27 338
20 898
10 673
3 519
13 456
24 235
16 244
29 706
8 991
2 465
20 904
6 463
21 449
7 334
10 917
16 824
11 494
14 613
17 248
7 517
16 450
4 366
12 391
0 938
9 702
29 525
29 878
22 677
29 990
20 962
28 646
21 509
21 649
12 618
1 228
19 985
5 488
27 757
25 611
14 956
14 331
17 808
2 736
1 650
25 499
4 645
14 495
22 214
29 241
17 450
2 430
1 716
7 788
2 218
26 776
13 787
20 797
17 798
9 494
0 842
14 554
10 832
29 719
24 453
16 852
23 878
4 877
12 562
4 416
2 246
29 405
0 675
5 353
29 741
23 275
3 921
13 685
26 718
16 554
19 955
11 579
10 503
21 443
11 425
20 406
4 246
25 517
15 435
12 943
8 930
14 616
9 957
4 806
16 414
22 835
7 350
15 918
12 354
26 299
18 518
25 261
3 856
10 487
29 723
9 724
13 716
14 701
7 890
20 524
27 681
9 227
5 525
5 238
11 671
18 471
4 226
2 381
29 993
11 230
26 977
9 835
17 796
15 616
17 347
3 817
14 893
9 508
22 521
29 993
0 862
19 428
5 561
28 834
2 391
2 784
6 341
5 746
22 443
19 322
12 955
8 473
4 873
9 565
21 534
4 354
24 439
24 534
2 734
12 215
0 371
11 297
28 937
16 403
13 855
18 754
12 860
19 277
28 406
8 685
16 667
26 829
19 397
8 630
0 312
2 427
27 376
29 324
6 849
13 548
21 775
28 362
0 424
8 652
27 211
0 736
8 730
3 702
24 249
28 453
5 719
8 346
17 655
18 391
21 715
17 416
5 738
3 287
26 683
21 869
6 748
11 480
20 833
23 819
21 639
11 293
13 577
22 996
10 588
9 348
22 969
16 813
26 533
10 531
1 327
15 276
22 255
8 229
17 574
23 712
1 319
16 922
15 629
27 238
6 480
17 986
25 976
9 972
28 592
19 963
22 368
26 420
3 426
14 609
15 841
27 605
27 835
26 650
2 428
10 846
19 248
8 856
1 736
28 532
0 516
9 664
23 921
2 237
25 315
4 600
13 842
13 423
7 437
13 356
2 489
8 432
2 641
18 546
20 935
27 635
15 332
8 291
2 989
3 440
20 699
20 335
5 870
25 982
12 522
25 534
1 779
27 450
25 611
4 311
20 901
10 801
9 706
11 203
9 924
1 262
10 574
3 240
20 830
16 863
15 441
18 356
20 376
17 403
15 298
1 234
23 934
11 335
18 381
8 542
11 635
21 283
18 284
7 586
24 891
17 807
16 375
27 277
3 322
24 555
10 967
21 353
19 958
20 412
23 522
6 682
14 843
15 821
4 467
18 635
17 893
0 300
13 916
10 350
11 373
6 336
14 873
15 290
9 544
28 798
13 491
3 758
18 855
8 591
29 405
11 959
21 997
18 572
11 619
18 535
28 570
28 253
18 574
21 828
15 713
5 304
16 858
28 596
23 388
25 889
9 743
15 736
19 946
28 430
27 922
0 300
13 387
15 620
14 738
1 671
5 586
14 982
20 972
17 229
14 650
3 299
28 779
6 450
12 282
4 783
11 778
0 383
10 366
14 469
8 820
6 222
24 881
7 291
26 493
29 948
12 710
18 501
9 903
29 901
4 347
27 271
2 658
21 736
11 885
18 399
4 377
21 342
2 812
16 231
11 478
2 610
16 351
10 768
23 350
4 213
23 479
7 991
2 980
27 316
27 828
1 752
1 842
2 444
22 780
11 365
21 514
17 285
7 543
3 956
1 802
18 452
28 722
16 721
4 677
11 594
3 642
21 208
0 589
16 315
23 504
17 213
5 505
11 805
21 367
2 272
23 517
18 590
4 835
22 934
16 979
25 245
5 384
1 505
29 822
20 922
21 840
6 593
25 502
29 282
28 660
9 678
6 228
15 921
7 384
10 913
22 537
6 964
8 252
11 312
22 831
18 710
11 641
10 260
15 497
15 888
16 628
1 271
23 844
21 314
24 894
0 441
24 870
28 584
11 659
17 606
3 888
28 841
26 998
28 269
12 517
22 408
21 523
15 780
0 488
5 691
15 514
7 807
6 697
7 441
23 340
27 620
25 511
12 922
24 557
20 554
28 985
3 727
27 905
16 999
1 964
7 424
10 325
27 990
9 927
14 673
0 879
3 610
22 312
18 604
9 766
15 894
12 556
18 258
14 658
20 616
21 855
16 534
5 468
15 669
17 349
12 546
5 848
17 920
15 599
0 321
20 353
18 765
22 828
25 753
11 839
29 809
5 848
5 915
23 990
10 756
5 376
1 694
27 744
6 577
14 322
6 457
11 454
8 230
15 901
9 936
22 279
0 666
24 754
11 603
4 572
8 841
1 916
18 748
29 445
20 377
7 957
23 585
7 522
13 421
29 685
17 482
10 580
13 561
26 597
13 661
4 493
21 638
27 713
8 971
24 405
20 669
22 365
15 960
2 809
16 757
24 615
9 536
29 269
3 921
28 880
29 997
2 884
4 838
28 455
25 958
0 475
13 890
26 854
24 904
1 563
1 200
9 934
25 695
1 253
8 902
25 921
5 407
6 427
7 245
10 866
4 842
27 253
19 684
27 452
26 373
24 779
10 502
22 712
13 909
5 759
9 872
4 308
0 422
6 540
29 310
29 725
5 663
17 425
10 953
13 820
24 237
0 329
11 561
29 283
21 805
13 582
28 425
3 247
15 248
22 231
23 935
1 956
9 756
5 237
14 291
15 481
15 642
13 937
11 587
4 941
17 834
24 526
0 928
7 644
15 969
24 848
14 366
13 899
19 891
16 908
13 285
24 341
19 320
25 862
4 973
29 993
24 580
14 387
29 942
18 946
3 902
29 235
23 407
1 928
18 227
2 759
5 478
11 547
3 980
17 734
13 465
25 658
4 379
18 292
5 336
4 909
12 266
19 389
9 783
17 563
15 325
27 623
3 357
26 924
9 695
24 746
6 346
20 706
25 761
20 636
8 453
14 587
12 574
8 627
23 835
16 826
24 328
0 313
23 569
8 722
8 549
1 524
26 570
21 865
21 916
10 287
13 1000
17 962
29 928
14 602
0 441
23 739
3 480
17 735
29 463
1 332
18 990
15 372
25 617
0 496
27 966
20 251
7 588
4 951
6 671
27 991
3 385
16 786
10 635
12 345
0 958
28 769
23 705
17 576
23 880
7 965
17 915
20 311
9 469
20 392
21 981
3 504
3 548
0 689
16 784
3 346
26 938
8 900
0 763
14 711
15 873
22 776
23 397
20 258
18 296
18 520
17 247
12 541
18 813
2 404
8 415
25 551
11 263
17 986
4 211
22 353
21 674
27 848
22 280
29 514
6 993
11 210
0 483
8 740
11 964
29 836
20 212
20 665
27 936
14 270
21 812
14 994
8 447
2 709
25 561
8 208
8 305
6 503
0 685
27 514
10 438
22 1000
16 595
7 691
20 724
12 242
24 995
14 603
28 203
28 728
24 642
6 340
29 564
14 778
12 809
19 499
22 910
0 458
15 389
17 542
25 962
14 565
1 312
4 768
24 538
20 259
5 250
18 648
6 494
8 412
15 274
