2000
27 733
20 810
23 881
18 685
5 722
9 432
20 202
3 895
24 376
8 228
9 727
23 504
7 676
26 819
8 390
1 666
8 808
21 340
0 660
16 798
6 403
22 913
14 628
21 685
25 793
22 734
29 789
8 884
17 699
11 719
11 563
15 357
16 642
9 606
10 533
21 618
1 322
22 833
19 802
5 418
29 443
7 601
9 606
0 577
28 210
4 704
15 526
11 617
11 333
24 230
16 991
4 622
8 591
13 979
9 853
6 851
11 891
7 350
9 593
17 994
19 334
10 363
3 662
22 898
2 713
18 453
7 961
3 591
26 812
9 882
21 635
18 361
8 477
28 708
1 711
25 640
15 354
6 355
28 660
15 673
20 623
29 237
1 552
18 300
29 856
27 426
20 887
8 817
16 623
11 240
27 293
13 728
5 578
13 946
28 436
29 764
19 278
11 535
4 683
21 902
20 530
10 232
14 270
16 666
28 411
25 625
26 440
17 522
18 453
23 335
19 638
9 538
3 585
26 545
20 284
20 508
22 846
29 416
13 735
27 595
1 764
4 456
6 736
1 678
7 340
25 755
27 949
15 982
10 418
5 889
15 449
0 259
3 835
6 988
28 315
22 452
18 658
16 671
9 408
25 734
16 901
4 973
13 637
20 440
19 619
20 973
2 776
19 956
22 209
29 989
9 917
3 579
20 674
10 897
10 265
1 558
14 990
7 448
9 217
22 784
4 341
23 858
0 783
3 573
22 952
10 563
14 403
8 773
4 259
21 275
17 639
25 630
19 779
23 997
18 509
9 945
1 522
26 985
21 993
6 530
22 808
12 565
1 464
24 369
26 381
8 664
18 376
29 391
28 656
15 424
22 358
1 524
25 638
8 986
28 1000
29 566
25 831
28 723
1 280
19 328
5 548
6 711
23 887
7 229
2 235
29 368
27 465
21 418
27 826
19 544
0 448
16 549
13 417
4 469
28 660
19 255
22 277
6 785
29 298
27 961
19 756
9 538
13 311
5 489
1 609
22 896
9 920
12 586
18 723
22 999
4 423
9 542
9 209
18 522
6 466
17 398
22 853
22 925
25 360
6 631
17 329
5 264
14 733
3 509
2 431
10 595
1 244
6 483
24 371
10 380
16 510
10 994
15 542
12 344
19 387
0 662
13 555
9 586
26 472
26 571
28 634
6 550
11 948
13 992
18 492
18 464
20 405
9 542
2 738
27 873
13 618
21 331
19 920
1 482
20 244
4 599
26 887
19 241
5 499
8 509
29 787
20 743
0 474
21 992
22 393
6 525
3 875
13 685
9 961
15 915
24 271
16 323
29 394
24 305
29 488
4 298
4 486
22 511
8 392
12 274
28 744
8 451
15 777
7 231
25 781
17 979
26 624
10 305
14 577
27 306
10 960
13 742
13 229
23 377
4 774
1 353
22 887
16 578
17 586
10 921
4 453
25 378
3 855
25 350
26 830
13 787
26 923
9 971
26 200
13 716
10 549
12 220
4 383
17 900
0 230
0 268
24 889
6 269
2 281
7 530
13 321
8 885
0 367
13 751
5 690
23 323
12 271
17 827
19 375
2 276
19 406
17 681
2 333
1 256
19 452
12 304
13 212
7 257
18 840
19 791
7 388
13 277
13 756
26 242
2 955
18 872
19 813
13 339
1 749
26 696
28 611
19 668
10 213
16 904
13 737
10 742
1 326
6 272
14 632
8 492
26 469
10 555
23 464
1 873
11 998
11 652
15 963
10 985
9 887
16 722
28 597
0 358
22 923
6 723
13 819
17 360
18 400
1 911
8 917
20 863
27 690
4 328
1 963
21 568
27 553
7 407
26 262
3 811
21 525
10 720
14 754
7 302
24 694
26 858
22 412
27 291
2 247
20 921
29 670
4 445
25 724
2 467
29 682
15 704
22 947
29 243
23 496
20 567
24 970
0 957
10 787
9 240
11 772
26 548
13 476
24 353
16 452
18 360
3 409
22 514
6 310
24 472
24 379
21 684
20 738
5 756
15 288
18 960
7 306
13 810
26 657
14 277
5 486
6 630
17 395
4 226
20 602
13 471
21 995
14 300
8 528
5 534
3 251
22 624
27 233
22 514
23 831
20 883
25 591
17 755
4 261
17 425
22 263
15 800
12 767
9 612
5 944
4 580
16 554
18 608
17 800
22 438
26 548
14 504
10 579
23 856
7 809
27 200
18 325
4 358
20 275
1 628
28 229
7 240
13 698
12 587
13 822
28 699
14 355
18 593
13 946
22 764
22 412
16 552
23 767
3 527
28 528
10 730
7 202
24 690
12 602
0 935
11 781
4 436
25 561
7 211
29 868
3 527
0 390
11 585
16 313
28 545
15 420
15 986
0 800
20 692
2 274
11 680
22 757
21 958
11 817
26 823
20 688
12 750
27 541
28 218
21 806
3 965
25 229
8 398
18 298
23 645
7 898
17 763
9 608
23 291
21 676
9 532
5 208
9 923
0 254
8 729
15 919
10 913
8 452
3 863
21 605
9 499
22 701
22 683
0 510
6 204
15 659
10 809
9 884
20 602
0 273
20 845
2 984
5 724
23 566
5 806
25 500
29 780
20 265
28 777
29 678
4 430
3 203
11 460
25 279
5 682
19 333
2 605
13 389
1 648
29 233
17 605
11 417
8 457
25 710
3 475
0 448
16 971
7 771
21 861
1 942
9 529
24 563
10 638
16 652
0 988
4 791
18 227
19 518
7 470
23 849
20 221
0 250
7 408
22 327
24 981
16 256
22 881
26 437
24 943
21 607
20 675
15 512
29 574
21 513
8 790
25 989
2 721
0 512
6 230
24 309
29 370
26 908
28 806
18 613
7 571
3 567
2 956
2 258
25 607
16 987
21 940
27 434
14 241
22 432
18 583
20 803
25 616
8 394
1 417
23 471
3 526
21 869
21 845
23 286
2 361
5 256
7 756
25 870
23 680
6 414
0 707
28 852
16 261
9 844
21 532
10 317
7 298
19 549
12 615
17 629
13 828
29 294
26 923
2 528
22 343
21 462
1 283
16 569
21 751
22 679
18 430
1 496
24 861
21 884
20 947
25 764
3 409
26 424
18 947
26 612
27 970
28 445
6 467
21 490
15 227
13 818
9 943
9 618
24 297
18 799
28 479
27 786
19 866
14 439
10 527
6 434
5 892
9 899
26 822
16 569
19 806
14 469
5 401
19 887
7 726
3 420
19 803
9 579
29 564
5 998
16 490
15 822
10 695
16 506
27 475
19 671
3 456
7 473
17 372
8 667
6 762
27 886
29 758
24 458
17 218
12 484
29 292
18 542
5 242
12 424
25 487
2 929
29 677
9 524
22 711
21 691
10 697
15 844
14 747
11 570
4 878
8 340
18 374
28 919
11 680
23 548
17 241
25 341
18 936
27 750
17 908
17 721
28 299
6 383
15 911
19 853
22 951
4 633
9 986
21 221
29 331
1 606
8 977
23 994
22 246
28 592
22 550
22 689
16 451
15 955
15 617
9 678
19 249
15 619
4 633
8 332
15 383
21 791
25 576
22 789
10 532
5 925
29 967
28 697
16 713
0 266
6 447
6 431
14 380
25 611
1 764
24 310
10 877
11 970
19 659
18 558
3 458
24 447
12 696
2 930
1 329
18 924
0 924
2 470
19 424
6 202
15 929
16 807
12 832
22 975
20 643
24 465
29 968
7 913
27 725
4 937
15 348
11 257
9 951
15 816
0 418
9 655
22 544
27 731
28 801
12 497
8 648
17 920
10 358
9 403
12 903
24 929
19 431
15 297
12 898
12 906
0 868
27 267
4 770
2 216
25 367
28 523
6 316
17 794
21 983
19 210
21 852
4 923
6 870
5 731
21 266
7 589
6 497
19 827
19 941
2 465
19 369
20 264
14 839
2 369
4 456
22 990
13 277
3 990
3 729
12 683
15 251
27 828
25 397
24 512
9 278
29 247
11 910
3 307
2 874
21 958
2 657
19 885
23 444
27 376
13 882
7 709
8 633
11 673
10 980
2 204
8 695
21 296
26 768
12 569
19 737
19 889
5 584
1 891
11 752
20 399
29 461
2 556
12 478
9 818
21 635
14 848
26 320
19 991
13 276
22 593
24 258
4 627
8 808
21 234
4 895
23 624
9 246
9 485
13 340
21 376
24 457
1 524
12 790
20 944
4 938
24 791
26 390
7 979
22 446
17 306
24 906
27 394
18 644
20 268
10 756
5 340
25 200
21 360
10 586
29 426
20 304
26 742
23 819
11 716
5 656
23 500
10 652
28 919
14 605
29 913
28 809
28 517
12 579
16 512
11 801
29 487
11 395
22 535
21 388
21 750
22 907
13 918
21 668
28 253
29 204
5 455
18 256
13 590
13 489
1 262
11 333
7 693
29 398
25 990
26 439
23 240
3 307
12 787
19 446
24 261
9 822
29 447
3 462
8 717
22 774
25 800
21 953
3 979
24 387
2 473
2 806
4 877
29 811
0 299
18 681
25 990
29 417
1 310
18 225
22 708
12 974
19 571
24 811
15 859
26 835
18 783
28 396
11 962
3 664
8 830
7 815
8 890
21 939
11 389
2 440
21 982
4 987
0 260
6 360
11 971
16 664
3 942
7 407
4 621
6 319
8 336
2 760
0 894
18 524
17 605
21 561
8 534
7 293
22 829
26 226
0 913
21 541
4 977
8 434
17 770
5 981
17 715
9 961
12 456
25 363
18 750
8 561
5 935
28 442
25 285
3 791
0 611
28 516
5 757
12 768
6 531
13 538
29 773
13 394
5 729
24 684
7 377
20 519
28 521
22 645
13 300
5 242
5 663
0 205
22 736
12 967
14 496
15 242
24 754
15 602
26 375
2 789
20 755
13 938
3 559
3 592
17 967
17 743
7 491
9 799
10 359
28 477
7 263
27 376
7 442
8 473
10 719
2 251
6 558
19 215
23 841
3 837
1 862
0 334
5 775
12 829
17 316
0 294
5 664
9 288
22 900
25 375
25 880
1 848
19 952
3 218
18 710
21 434
4 768
6 869
26 777
2 471
8 915
13 968
8 505
10 989
10 917
24 318
19 307
1 349
1 686
12 434
29 907
23 355
10 907
22 764
29 508
27 460
2 494
18 217
17 817
28 901
7 620
23 996
23 757
29 527
29 805
16 645
7 254
11 212
6 610
5 437
28 528
25 858
14 542
17 431
20 838
23 749
2 858
18 684
15 915
14 653
15 419
25 678
0 829
29 698
22 443
16 950
12 239
23 292
6 545
7 478
11 229
13 714
23 897
24 823
13 301
13 760
8 557
2 338
1 604
28 591
26 432
27 219
11 259
6 960
0 692
10 333
21 696
23 641
9 834
17 942
7 242
3 849
17 783
27 566
24 417
15 398
21 434
13 356
4 242
25 790
29 216
26 265
19 581
23 253
27 480
21 371
25 204
18 891
27 797
19 887
24 760
5 584
24 726
0 879
13 660
17 953
24 800
24 902
14 857
25 292
7 592
27 421
12 976
29 457
1 231
15 876
25 495
16 492
19 501
27 389
6 929
3 944
21 238
14 809
5 551
9 697
25 340
26 452
26 580
26 507
0 811
22 482
10 203
0 926
19 944
0 234
22 588
19 451
15 987
29 748
5 697
24 300
23 815
14 759
1 256
25 819
20 442
28 907
23 947
28 844
9 483
13 645
18 318
17 558
22 953
26 348
3 768
19 388
1 342
29 380
10 868
15 495
3 366
5 215
25 288
26 403
26 296
24 789
26 896
13 241
7 669
13 776
15 935
7 470
27 851
24 999
11 999
18 793
11 740
13 962
18 687
22 788
26 481
3 619
4 549
4 590
27 813
22 412
0 542
0 492
0 337
4 270
20 673
1 347
24 982
16 355
9 890
18 283
9 219
17 662
19 623
8 384
9 501
2 362
26 616
15 679
20 396
11 506
10 343
16 339
2 868
23 309
4 787
1 712
18 605
20 572
0 988
5 516
5 457
5 855
25 645
16 234
6 649
15 478
7 640
2 296
25 606
14 936
26 498
6 816
9 993
26 427
4 433
3 557
4 413
4 777
14 849
7 275
16 926
7 431
11 312
4 211
13 793
22 951
16 392
26 833
10 668
5 582
29 763
7 998
7 641
8 356
9 970
18 449
15 654
18 634
4 966
23 206
25 356
8 644
9 662
7 679
17 599
12 713
12 949
4 506
29 472
17 747
28 373
6 968
28 801
7 917
18 853
22 545
2 435
16 912
11 742
23 274
21 525
6 873
23 354
12 732
6 297
27 578
20 207
5 976
24 211
6 321
8 946
7 900
19 407
29 919
4 937
11 405
8 483
25 414
4 424
7 561
10 595
22 523
6 413
25 245
28 563
21 436
10 825
22 894
11 649
3 622
17 415
12 833
29 678
4 974
14 692
3 918
1 458
4 671
6 363
7 284
16 637
17 995
4 536
14 801
4 620
25 292
10 302
15 969
20 256
16 205
26 488
26 228
19 794
14 459
7 223
29 985
9 418
17 615
29 514
17 875
12 625
3 863
22 314
2 996
2 792
24 737
12 911
23 325
8 876
1 562
4 770
13 717
15 440
18 318
12 556
5 466
4 509
29 703
23 602
13 499
6 211
16 563
22 358
19 694
11 525
29 979
15 889
29 365
19 328
16 680
14 578
19 861
13 682
28 852
16 923
9 677
8 579
16 349
10 566
17 463
29 304
1 706
12 520
24 901
18 858
10 565
13 485
13 742
12 312
17 725
26 847
13 364
28 489
9 912
23 293
10 642
21 550
25 292
29 911
16 475
7 870
14 414
20 508
0 818
18 512
19 344
11 353
0 893
3 405
3 348
21 463
23 699
25 704
15 495
28 421
10 254
25 723
11 261
20 921
21 856
9 814
2 294
25 392
21 284
9 999
27 971
16 462
16 990
8 437
29 854
18 272
13 820
24 487
22 730
12 341
2 445
25 728
12 712
6 982
10 566
28 942
18 546
27 618
13 431
27 999
24 833
5 974
8 277
14 528
2 994
5 744
3 572
4 807
0 242
27 520
24 250
13 308
20 327
18 776
20 545
11 508
24 245
19 900
9 209
8 998
18 602
0 795
17 752
3 641
16 293
15 455
6 574
28 978
29 342
19 801
8 851
18 474
23 502
1 386
15 247
17 235
19 391
12 331
17 737
11 971
21 852
6 483
19 738
17 223
19 829
8 492
0 628
1 453
13 959
8 485
25 407
7 345
2 878
26 200
12 729
7 863
3 294
26 513
22 674
12 404
7 560
25 711
23 220
5 644
17 734
23 742
25 238
13 923
16 608
16 633
10 243
7 458
11 633
17 880
9 367
16 269
2 850
2 695
4 881
17 570
28 890
10 814
10 775
26 420
21 449
12 617
24 878
12 712
6 741
15 894
28 201
16 830
11 821
11 904
10 665
8 566
1 330
29 475
10 991
19 536
21 359
21 917
10 832
11 628
12 539
8 971
22 630
29 345
23 950
11 727
22 506
8 702
28 426
0 661
2 490
8 517
0 427
2 247
7 973
28 929
24 657
27 349
21 636
10 266
23 696
17 711
26 985
24 736
13 223
15 224
10 469
0 508
4 343
14 337
23 415
20 672
19 327
15 660
11 526
5 254
20 654
6 413
10 755
16 582
12 839
6 918
6 515
11 272
5 942
1 318
26 533
14 543
23 325
16 248
28 463
15 779
0 494
12 875
4 816
28 275
15 607
27 676
13 518
18 744
19 913
27 505
0 813
0 321
6 258
8 290
25 809
17 559
29 885
6 903
26 820
0 452
6 301
3 222
15 669
17 371
8 862
16 940
19 665
27 248
17 494
5 591
9 910
20 688
9 845
9 994
14 424
0 524
25 878
5 990
18 803
14 241
29 500
15 601
10 263
14 833
23 875
17 783
19 469
27 245
17 682
21 785
12 896
8 899
7 517
17 706
7 769
2 535
26 932
25 453
7 370
6 877
2 549
29 760
26 312
18 962
6 233
2 202
13 744
23 206
29 640
11 226
28 406
11 762
17 625
2 490
25 901
17 351
5 865
8 899
12 818
17 563
29 475
20 630
25 310
6 543
17 350
21 919
28 552
27 513
18 816
1 426
9 297
9 554
17 887
7 936
29 868
12 397
0 355
12 771
11 587
6 408
5 979
20 845
16 546
15 687
21 389
13 231
7 833
18 926
0 680
17 237
5 450
11 656
19 890
26 759
23 850
12 329
2 501
24 832
11 861
11 230
7 456
26 756
3 807
19 552
5 696
20 282
29 406
27 873
29 936
13 830
4 236
27 572
9 913
17 222
22 751
7 911
4 611
27 357
17 830
11 827
4 735
2 893
2 745
25 811
1 927
21 581
5 526
26 554
1 870
25 277
8 991
23 522
26 680
25 469
2 366
20 281
19 955
1 214
5 997
20 908
13 651
12 772
26 357
9 798
22 835
7 577
22 744
13 720
28 787
23 753
15 767
14 903
3 463
19 221
19 711
15 804
9 846
12 795
11 310
2 601
0 588
15 780
22 861
26 970
7 850
24 478
2 398
6 304
16 203
20 294
12 778
27 418
7 838
6 376
7 947
0 909
11 958
22 975
28 972
13 881
25 851
20 539
10 866
22 964
16 472
3 574
26 267
26 750
2 890
15 423
0 525
28 545
28 702
5 504
22 592
15 586
4 989
7 664
23 620
16 536
10 502
3 428
2 605
10 259
2 607
22 443
18 840
29 220
23 597
29 691
16 201
11 464
12 906
27 752
25 403
3 252
15 953
27 611
20 876
23 706
17 330
1 348
16 294
14 899
8 379
2 936
3 557
11 946
8 557
4 965
20 457
0 290
27 799
2 643
12 313
25 566
2 354
0 964
0 679
3 787
5 245
19 360
8 947
25 493
24 770
10 276
11 350
3 976
29 525
1 334
8 961
25 656
11 382
3 942
14 478
1 792
23 462
25 410
24 241
0 808
14 729
10 398
28 936
13 247
8 261
4 460
22 450
8 545
1 278
4 621
3 845
