2000
7 914
0 715
17 974
26 273
21 540
2 798
2 824
17 296
15 796
21 455
4 200
8 632
28 302
4 488
8 297
25 346
25 818
21 402
18 873
12 549
7 686
3 826
7 309
27 614
6 876
23 273
26 963
26 402
26 453
7 684
11 352
6 693
10 418
2 830
20 317
29 653
18 205
4 723
26 481
18 546
23 737
26 417
5 500
29 934
26 461
16 290
29 210
4 954
9 865
0 480
4 617
1 710
16 967
16 835
12 652
16 590
18 826
23 861
26 458
20 645
1 899
11 913
24 498
27 740
29 527
0 921
15 670
14 667
3 348
29 541
1 215
14 680
23 776
25 871
21 345
5 605
21 813
0 430
12 708
19 744
28 963
18 207
14 859
11 861
19 231
11 661
18 410
23 641
3 337
5 248
7 462
4 841
16 259
28 622
19 663
21 844
2 231
8 286
28 758
22 495
19 952
5 224
15 653
24 650
6 499
1 405
18 300
8 477
25 382
23 883
21 825
8 919
10 460
24 840
8 942
3 896
14 619
26 715
1 338
19 662
15 953
12 649
27 730
19 647
29 490
24 928
3 315
14 849
26 858
20 917
24 711
21 958
8 859
3 772
29 266
21 246
3 837
25 928
8 265
2 810
15 607
14 350
19 600
8 835
20 495
8 399
20 377
26 464
9 497
12 337
21 876
25 863
17 307
20 853
24 790
17 748
3 652
24 416
16 896
6 515
9 755
8 596
5 562
26 709
0 436
17 536
22 993
27 622
6 464
22 679
14 219
3 483
25 232
13 999
15 875
9 411
18 355
23 864
20 756
6 538
22 983
16 415
22 399
5 212
6 223
10 946
11 323
26 359
15 889
26 955
12 462
12 420
16 619
15 312
5 406
13 775
28 741
29 509
0 400
11 217
11 282
8 333
19 519
18 200
16 364
9 495
0 987
28 242
8 519
8 606
0 234
23 620
11 717
3 875
24 817
8 968
29 760
4 924
11 767
10 920
6 958
7 377
26 356
25 447
23 456
4 647
5 948
9 956
11 531
29 989
25 241
26 277
29 824
15 414
6 668
9 267
3 690
5 406
26 329
0 871
23 230
17 634
3 500
22 461
16 952
24 838
24 385
22 388
13 866
18 797
24 633
6 296
9 229
4 207
1 330
14 857
28 837
2 357
4 579
16 669
3 498
22 630
27 965
15 367
22 359
1 685
9 808
5 610
21 722
6 755
0 926
26 826
6 315
12 539
16 924
18 207
7 583
11 338
8 803
16 229
8 563
18 959
7 296
23 886
26 483
10 435
3 962
8 880
18 643
16 611
0 523
14 518
18 543
22 785
18 220
8 200
23 398
19 274
3 438
2 997
6 623
23 279
13 748
7 619
16 928
5 665
0 373
18 284
16 310
20 692
17 826
23 914
4 204
7 297
28 532
11 802
7 370
9 702
22 381
10 554
28 639
25 371
10 228
11 704
28 219
16 219
24 988
11 370
21 431
7 303
14 876
17 932
15 214
19 301
12 881
17 506
10 972
7 756
9 557
6 632
26 633
15 607
9 228
17 724
29 408
28 859
29 271
11 272
25 465
6 528
18 425
7 871
9 865
14 582
8 630
24 947
22 207
20 300
23 703
11 502
2 718
27 890
19 976
10 971
15 836
9 289
28 609
20 306
11 739
20 312
1 676
20 743
15 921
22 610
15 616
7 727
14 425
6 953
23 541
7 732
4 592
2 505
28 497
18 355
16 719
1 695
0 424
2 270
10 727
25 374
14 840
0 871
24 345
4 229
29 378
12 263
21 369
14 426
26 235
23 251
7 708
14 434
25 823
2 546
3 762
2 692
18 633
18 426
10 464
7 306
16 504
26 574
5 457
17 303
4 952
16 354
18 989
4 305
1 622
14 422
29 509
2 882
10 620
10 951
22 991
14 411
18 380
20 733
2 502
12 657
9 249
25 279
14 397
27 200
0 951
29 507
22 813
3 868
5 641
17 300
20 686
8 605
1 217
5 798
25 420
25 678
1 416
19 385
2 330
27 801
2 208
12 264
24 693
4 870
19 309
12 734
23 845
23 868
5 536
29 248
14 735
13 616
7 839
8 725
19 708
29 321
4 265
12 854
14 735
7 593
2 359
9 230
4 619
15 333
25 876
16 437
26 623
16 232
9 874
9 676
13 680
16 623
17 640
18 472
4 227
28 553
11 759
14 209
26 840
29 434
13 942
7 978
25 292
23 612
9 799
29 554
18 852
23 522
14 244
24 618
12 557
10 547
4 308
12 487
6 467
14 559
25 716
5 742
10 757
25 282
13 737
18 631
25 214
10 346
24 640
9 917
15 451
29 641
14 834
7 777
19 339
5 794
4 535
23 254
8 210
14 624
11 994
21 918
15 403
5 975
1 236
17 960
23 560
17 587
11 580
8 836
19 362
24 1000
3 507
18 652
25 795
28 852
27 887
11 600
13 578
8 409
25 662
0 310
29 316
9 983
24 222
12 342
15 864
1 801
20 601
20 844
5 272
1 297
27 567
28 964
21 479
5 377
0 288
18 239
3 343
11 951
6 243
6 205
28 492
26 209
6 435
23 866
5 512
8 391
13 319
22 570
10 819
1 637
26 504
19 470
25 256
2 567
27 884
8 662
11 962
11 500
17 913
17 602
11 930
15 713
9 381
19 654
20 421
26 456
29 239
5 925
21 617
11 412
29 510
1 569
3 552
2 899
16 787
20 312
28 616
14 742
29 470
24 324
9 845
19 724
29 586
18 754
14 271
8 956
14 892
14 884
11 514
26 335
5 270
24 537
4 595
0 355
27 233
25 673
16 356
18 713
29 225
9 932
25 813
15 318
0 716
27 450
27 488
9 830
11 956
16 877
13 795
29 207
16 971
4 908
29 993
13 650
0 249
9 256
8 879
4 282
20 936
2 921
22 497
15 987
17 806
11 434
27 922
24 996
12 907
26 793
12 874
12 675
20 269
6 734
23 359
21 465
6 724
29 313
0 373
17 799
25 394
22 983
29 544
9 524
0 951
26 646
3 917
13 714
3 840
8 653
6 885
17 360
18 378
4 246
1 527
25 428
2 673
6 363
3 906
15 832
5 366
17 904
9 407
3 899
0 855
4 238
11 858
24 732
21 290
15 978
16 378
8 337
4 533
10 855
23 372
3 334
25 545
0 778
7 607
5 915
16 622
3 415
26 921
13 522
18 834
23 348
28 344
18 314
2 381
27 904
3 720
8 526
29 295
22 738
9 201
27 350
5 766
11 597
8 255
20 254
3 221
15 393
6 624
11 364
3 527
28 859
19 330
19 754
23 395
0 234
22 458
27 586
12 572
22 458
8 476
5 853
16 966
27 602
19 800
0 585
22 568
0 353
18 961
18 378
14 707
19 968
6 416
18 669
0 324
15 377
17 847
20 376
29 812
22 981
10 776
24 248
18 452
14 786
25 355
17 768
4 759
23 308
21 365
14 434
8 916
1 914
17 847
3 659
14 726
1 887
21 601
9 950
19 698
26 638
4 209
11 555
2 508
13 712
29 231
9 325
2 983
10 840
1 965
27 441
10 939
7 400
26 421
4 813
17 287
2 618
14 790
10 587
12 625
18 608
21 388
18 672
9 648
1 993
19 206
0 485
16 445
19 894
29 844
22 273
7 550
0 410
15 577
25 566
22 693
3 500
18 907
29 316
29 306
10 268
29 758
22 746
0 489
10 311
22 842
29 355
0 812
27 553
1 1000
16 273
0 469
7 675
5 387
4 290
8 233
25 900
7 422
11 882
21 375
5 386
18 495
4 904
0 387
18 518
26 239
2 498
25 555
16 688
27 724
17 628
27 807
11 828
4 354
26 268
9 609
7 528
10 856
0 811
11 946
1 674
16 612
12 247
19 856
14 209
2 252
27 757
11 237
25 886
9 584
3 675
6 252
1 729
24 867
1 268
16 763
10 713
4 800
23 213
17 880
25 994
26 757
17 405
22 728
15 956
22 429
9 244
4 730
22 983
11 941
6 954
0 449
13 311
26 227
11 467
7 668
8 900
1 831
13 322
7 649
11 574
13 904
8 705
0 396
2 652
10 979
6 385
8 488
24 956
13 507
21 562
21 716
15 879
19 963
23 256
27 513
16 597
5 277
8 795
3 475
2 583
1 518
8 443
12 605
28 552
22 870
15 232
24 242
24 332
25 325
21 706
27 394
9 268
27 391
2 998
9 436
26 423
9 366
10 314
21 836
27 612
23 993
29 807
15 788
27 541
8 339
26 806
15 886
8 928
16 288
21 421
28 713
1 807
27 425
12 758
13 857
1 431
17 298
1 366
4 320
23 485
25 290
7 971
8 221
10 771
24 439
18 410
26 330
20 879
29 821
2 204
22 240
9 365
27 967
8 646
13 261
6 733
14 422
24 865
12 550
21 626
14 936
18 645
5 502
15 711
25 955
23 276
8 258
18 304
17 334
7 493
14 983
1 263
27 816
4 492
27 614
8 657
2 823
20 575
28 876
14 318
13 722
12 787
4 247
22 952
28 990
3 805
14 900
7 200
14 971
0 403
10 764
14 368
18 914
22 901
9 297
5 607
9 830
2 361
6 237
0 278
12 914
8 234
19 405
19 509
23 522
18 382
14 247
6 226
26 310
10 501
15 277
11 695
25 712
27 527
20 959
17 509
12 939
6 733
14 582
1 762
3 684
19 314
8 606
11 982
22 930
8 390
11 370
6 315
6 442
11 444
3 534
25 337
7 349
26 214
4 702
11 740
20 835
5 630
14 239
17 708
15 696
20 544
7 969
3 632
2 387
19 282
2 584
19 511
17 592
2 973
19 435
5 638
13 375
5 707
1 768
6 352
18 280
13 924
27 570
0 391
9 909
9 400
15 312
20 812
24 220
10 832
16 364
1 723
5 854
15 715
7 688
28 780
6 586
15 718
25 903
20 544
6 543
9 422
16 322
9 837
4 546
24 600
26 344
11 309
21 669
2 994
16 523
23 781
1 834
28 487
1 221
4 643
14 647
15 462
0 950
17 779
11 907
8 987
21 361
11 483
18 578
5 319
6 468
5 539
2 418
3 343
27 349
21 236
25 226
4 296
16 612
14 786
4 910
13 883
21 995
11 546
17 266
3 786
10 630
26 322
3 579
8 203
21 496
5 636
8 998
25 791
0 490
0 957
20 499
22 743
10 787
26 305
9 456
27 985
27 689
25 243
29 417
27 218
11 702
0 303
25 261
23 542
20 724
12 532
28 710
28 676
25 627
6 925
8 801
6 283
6 703
27 671
13 245
21 865
20 829
1 484
16 668
29 873
5 945
27 597
15 342
19 808
0 271
18 610
20 221
25 408
24 444
6 278
23 225
29 916
0 494
25 738
27 526
5 267
27 794
25 712
25 633
5 440
28 507
2 228
14 505
0 552
14 544
26 793
28 411
1 570
2 746
9 813
14 655
12 445
9 834
8 465
22 697
1 709
17 821
28 269
3 803
6 558
27 935
27 879
4 763
0 852
14 657
5 320
0 529
0 633
11 775
15 988
7 709
2 631
28 417
3 852
24 488
0 569
9 411
10 771
28 618
1 435
0 946
28 338
14 291
5 358
16 366
15 662
14 839
28 219
19 506
8 370
17 615
6 536
13 492
13 768
1 328
7 848
22 456
21 923
16 505
7 570
16 888
4 503
25 946
23 450
13 375
17 492
13 754
3 798
0 359
2 462
7 393
26 212
17 981
15 929
7 878
15 264
15 977
21 288
29 218
5 537
12 890
9 544
14 412
20 307
1 395
15 429
16 918
6 862
5 213
23 812
0 726
24 428
4 352
9 785
14 413
8 333
6 417
11 595
28 666
20 941
22 730
27 742
12 791
19 284
5 415
13 346
23 628
22 764
11 872
16 420
27 712
8 937
27 615
10 567
28 296
17 984
8 575
2 925
24 417
11 815
7 889
19 536
3 919
3 813
18 371
14 207
17 221
24 544
9 697
15 232
21 611
3 779
11 419
12 490
20 249
2 454
19 992
21 609
29 829
29 316
29 633
25 572
9 604
17 299
10 939
5 770
22 726
19 399
8 890
21 845
20 215
18 979
1 819
26 789
19 916
4 596
22 390
15 785
7 867
29 543
22 401
26 780
20 942
2 941
12 611
18 298
29 739
22 760
23 682
4 477
25 256
4 505
7 213
19 614
9 771
22 623
26 392
28 738
22 677
5 277
4 534
7 320
2 942
29 540
1 727
29 737
3 221
21 790
23 234
15 625
28 467
26 867
10 587
22 709
26 678
14 792
22 988
6 261
1 906
9 993
15 216
21 574
25 271
15 785
5 604
27 567
17 941
15 337
9 247
16 672
25 693
27 377
12 899
25 433
10 797
13 795
1 366
26 365
0 653
6 780
18 245
23 757
15 681
0 603
1 906
4 577
9 903
18 805
0 638
1 276
27 368
11 605
0 647
20 679
3 326
27 967
21 699
23 825
17 422
5 802
22 898
21 286
8 463
15 844
15 423
5 410
9 501
23 380
28 668
11 747
4 993
24 773
22 584
4 799
10 821
6 757
27 402
0 760
1 371
22 746
13 239
10 391
15 415
5 563
12 945
28 251
5 729
4 626
10 801
26 757
1 346
16 608
3 356
5 593
21 476
11 684
17 703
14 871
26 333
15 455
26 573
24 487
26 543
20 968
15 977
10 288
24 245
22 424
0 449
17 466
21 618
9 290
5 478
23 640
26 360
22 620
7 323
22 228
29 210
10 856
19 760
5 863
22 854
28 828
26 809
5 680
16 272
12 916
18 307
2 267
12 287
22 520
16 900
24 733
6 510
7 408
17 661
5 888
18 223
28 359
20 399
14 436
12 877
17 365
7 634
0 220
3 886
9 273
3 957
16 457
20 471
13 813
1 756
4 716
22 379
14 775
0 234
22 267
4 463
5 531
19 286
15 766
3 226
17 424
5 210
19 525
14 894
17 504
29 442
11 648
23 509
14 470
6 349
23 380
3 474
12 691
17 465
17 419
0 394
13 854
16 915
7 625
15 251
8 425
7 861
5 459
22 569
0 718
13 412
18 939
0 480
29 671
28 681
4 796
15 543
12 941
3 785
7 497
15 435
2 424
26 468
19 312
25 987
18 378
12 341
3 883
4 785
4 782
0 305
25 364
22 412
26 815
5 701
0 371
0 882
17 839
13 533
13 582
29 424
28 882
17 316
24 605
17 285
26 432
27 415
26 579
4 283
16 893
5 768
25 860
14 553
15 817
21 541
16 448
16 500
10 440
8 552
29 263
17 786
3 233
19 617
1 736
1 923
15 656
5 501
7 269
28 725
8 672
7 970
19 961
13 293
8 565
17 618
14 522
24 377
10 974
29 916
25 516
4 621
25 493
21 583
18 851
4 945
3 980
26 775
28 885
21 648
8 988
18 873
6 639
19 765
13 613
5 255
12 470
23 719
28 815
10 214
17 882
18 207
25 826
20 944
17 482
6 261
25 562
13 296
5 959
10 828
2 283
0 935
2 790
23 656
28 361
11 514
5 806
29 961
2 221
0 991
16 508
17 917
13 377
2 384
21 548
1 727
1 981
4 610
7 688
14 829
14 902
6 863
13 610
8 206
14 308
13 764
27 736
29 424
6 982
25 291
28 937
3 763
6 736
17 838
0 439
23 512
16 334
23 952
27 203
25 350
22 292
2 535
7 223
18 508
16 858
3 842
7 684
28 846
18 877
22 786
11 826
28 900
8 799
19 926
22 875
5 639
6 730
11 291
14 571
6 916
17 422
18 223
21 237
8 705
4 444
24 486
14 969
4 597
17 371
14 266
18 333
5 322
17 661
0 308
18 400
14 317
24 241
6 941
5 213
23 439
19 287
13 446
4 594
2 471
0 713
12 221
26 939
6 250
9 373
13 613
16 682
19 951
8 608
18 651
14 766
20 356
21 917
4 226
4 558
25 788
26 957
7 282
11 734
6 362
16 979
13 610
1 692
4 643
21 701
12 386
26 326
27 882
21 651
20 575
19 348
3 491
15 996
0 705
26 332
6 685
11 639
25 618
29 610
27 369
20 927
11 728
5 308
3 367
21 509
18 271
2 698
3 667
27 779
13 805
24 262
20 380
24 961
27 231
13 986
12 304
21 723
6 522
10 919
4 999
23 857
17 880
28 461
22 531
14 971
16 330
24 221
19 580
27 800
23 741
3 526
24 764
17 684
16 231
18 391
0 780
14 971
13 980
25 831
14 660
0 516
13 543
20 566
23 767
2 670
22 463
16 586
24 364
14 841
7 597
26 970
9 403
4 799
21 700
13 650
22 402
14 818
28 572
5 975
6 915
5 231
18 608
18 607
3 615
28 407
7 791
2 692
1 475
3 223
14 976
8 853
27 489
14 888
11 857
24 237
9 890
23 697
19 723
6 426
14 217
12 879
12 822
2 322
1 235
0 677
17 921
6 466
17 689
9 292
16 244
27 535
18 654
23 405
20 771
3 654
10 886
6 875
11 684
10 865
5 605
17 828
15 676
14 658
3 977
0 913
14 783
6 876
11 383
12 710
22 386
7 567
27 642
24 344
10 590
4 341
25 679
17 281
12 543
6 770
22 438
23 279
3 442
5 238
0 678
29 668
23 312
23 289
28 817
17 898
14 331
22 925
10 757
14 960
12 213
2 373
0 827
0 232
20 918
7 639
10 971
27 997
17 989
0 819
28 418
7 940
12 351
12 239
26 787
21 762
6 342
7 455
18 424
25 565
17 368
15 957
11 812
14 773
28 656
22 839
9 831
21 232
12 780
25 679
11 916
17 514
12 968
21 978
13 309
12 794
23 823
6 317
7 884
3 361
25 441
20 440
8 619
22 218
28 666
27 402
15 324
5 384
6 507
6 370
4 354
24 429
27 783
9 722
12 479
2 696
13 304
7 945
7 706
15 868
6 833
12 820
8 545
5 951
25 408
3 405
24 300
21 207
20 530
22 415
21 973
0 919
4 518
3 582
3 932
9 497
7 519
7 695
