2000
7 716
9 680
23 536
13 509
19 498
6 408
16 876
10 255
9 512
21 469
18 247
25 615
8 605
26 297
5 358
19 355
21 451
26 231
18 790
15 502
13 470
19 507
11 643
17 960
29 574
7 596
14 549
26 293
21 827
0 748
28 998
14 213
6 393
7 447
2 726
11 719
3 498
21 399
26 305
29 939
1 211
27 736
10 521
8 604
1 575
8 563
21 683
13 376
16 643
21 883
13 372
9 391
10 999
4 909
25 448
15 607
27 771
11 475
16 509
20 990
18 776
19 510
2 553
12 487
8 611
17 337
1 594
27 525
21 910
28 320
17 217
24 332
20 399
6 513
24 539
14 696
11 292
9 587
10 944
8 768
25 439
22 920
14 292
13 844
6 832
27 240
21 722
23 517
22 399
1 953
17 859
15 453
20 536
2 238
28 225
7 759
4 541
18 372
2 439
8 498
7 391
2 259
26 436
3 732
12 612
1 906
15 340
15 227
14 987
13 466
15 710
13 994
19 325
26 263
24 217
14 524
18 896
5 367
24 869
12 418
11 570
13 650
3 657
9 313
17 461
18 416
27 827
24 698
23 963
17 958
14 238
5 375
19 889
26 296
11 341
27 378
8 263
2 671
13 369
28 218
23 384
11 565
28 819
29 502
25 773
22 728
20 581
20 923
1 625
11 328
28 678
4 860
14 363
14 937
22 859
8 423
22 794
14 476
18 720
15 935
21 719
28 894
5 719
20 213
21 535
22 351
18 773
17 805
1 519
25 349
16 524
8 525
12 858
27 571
10 903
20 608
21 586
2 524
11 604
26 565
20 270
2 476
8 356
23 729
12 498
13 374
22 623
11 239
0 705
25 498
16 473
8 898
14 591
3 918
0 830
12 286
28 578
26 392
3 402
13 204
2 418
7 849
17 519
22 556
15 350
26 720
5 834
2 891
22 374
16 403
16 911
16 903
28 377
26 622
23 657
25 802
10 404
22 228
3 390
2 324
3 639
28 945
4 624
4 678
16 464
3 517
11 512
4 576
22 727
28 994
7 904
6 460
14 880
3 239
13 694
5 987
8 715
1 937
5 956
9 950
2 735
9 934
22 438
18 796
24 389
7 580
21 209
23 243
20 925
1 410
18 869
9 925
16 248
9 770
28 315
16 449
21 361
16 955
3 786
0 336
12 666
28 760
1 478
23 333
22 290
21 451
9 390
29 366
20 978
8 458
7 484
2 846
4 638
3 338
21 999
12 743
9 279
7 528
8 606
8 441
6 326
23 386
25 640
29 921
3 818
8 638
0 246
21 276
23 481
14 371
29 260
5 722
10 320
1 417
28 608
25 511
16 751
17 207
8 472
4 296
20 441
5 535
8 874
0 849
21 546
20 217
11 623
29 450
3 200
4 806
13 565
8 627
4 894
2 213
2 567
5 785
10 314
18 709
26 663
4 507
3 622
0 549
7 268
23 696
17 736
7 705
6 479
7 603
22 684
6 354
3 531
5 357
13 633
11 303
2 848
24 697
11 289
14 685
21 649
6 393
8 406
20 404
27 950
7 795
10 230
21 403
9 219
5 590
15 805
0 550
27 981
11 469
8 399
29 879
29 466
3 677
16 384
16 292
18 938
2 284
9 519
27 879
8 545
25 713
15 449
0 827
15 577
8 691
10 693
0 644
24 290
22 315
8 612
18 928
21 515
3 848
9 996
5 951
25 678
15 672
14 276
1 202
22 1000
6 692
24 439
29 475
29 426
17 537
12 810
27 950
13 386
27 942
26 571
9 538
14 573
6 622
10 674
6 554
3 844
8 988
16 741
15 755
6 941
1 350
13 384
16 753
13 341
22 989
1 435
26 894
3 509
26 909
17 875
19 219
11 220
11 961
8 979
12 894
20 633
1 645
21 464
25 422
5 638
4 720
20 587
11 618
18 770
27 705
21 834
28 711
19 225
20 286
14 939
7 674
16 633
12 570
6 910
13 753
12 281
24 528
0 995
21 323
6 460
27 429
24 352
9 767
1 613
21 524
4 328
11 314
26 963
3 397
12 685
11 496
2 216
19 470
19 665
14 456
20 560
29 418
25 586
8 590
27 486
6 869
10 664
23 308
14 946
25 646
22 389
5 728
22 309
9 644
0 954
8 928
16 564
24 298
3 889
26 263
28 870
13 880
12 743
3 209
23 657
4 681
20 339
1 506
21 643
5 527
21 486
4 337
27 370
3 949
23 323
23 265
29 489
16 722
23 508
15 396
17 328
7 219
12 638
23 689
7 651
13 920
23 219
15 212
8 736
28 682
17 515
25 244
20 273
13 423
27 987
21 439
20 853
15 913
13 202
6 748
15 459
21 873
5 310
12 212
26 643
13 915
29 641
23 919
22 478
4 422
3 727
29 529
11 292
16 617
23 637
20 918
5 889
24 409
19 890
14 396
20 562
7 583
8 349
8 765
4 999
2 826
21 279
24 638
16 271
4 594
1 792
27 771
15 804
17 492
7 680
28 681
16 494
19 987
24 737
28 492
9 795
29 928
20 669
19 779
24 768
6 381
14 690
1 226
29 735
19 645
5 869
10 339
19 437
2 997
5 631
19 464
20 298
0 840
20 860
25 433
3 375
18 803
2 970
26 688
29 310
26 544
18 687
14 548
16 414
27 205
25 819
6 534
1 633
5 836
27 879
20 612
27 576
10 437
6 352
16 540
7 210
18 550
9 326
28 648
5 698
25 437
20 299
11 740
26 392
12 509
3 337
11 909
14 523
3 230
11 621
2 744
17 318
13 206
15 522
4 974
10 294
15 329
13 252
6 936
25 614
27 270
4 245
3 771
24 619
19 262
7 248
20 847
25 900
10 200
10 584
0 503
5 514
25 562
25 778
16 671
27 683
26 529
19 614
25 813
4 402
24 225
16 715
7 868
1 972
15 903
15 651
10 315
20 603
15 602
6 996
2 247
6 595
18 850
5 419
27 935
3 629
11 299
11 543
25 890
27 630
5 780
8 291
5 362
19 995
15 789
10 640
12 651
29 324
26 864
26 714
19 252
16 646
9 604
8 943
2 239
19 200
23 466
21 485
18 792
16 342
24 986
3 434
28 947
8 678
20 834
23 270
25 275
5 410
10 359
13 459
14 793
26 677
22 339
24 342
3 937
19 244
17 620
21 785
1 257
1 627
22 780
23 307
6 884
13 254
3 748
7 688
28 232
16 280
19 558
10 345
13 407
1 325
7 532
20 388
14 527
24 928
11 879
12 531
22 505
9 323
15 279
14 806
28 711
23 896
26 938
15 405
26 639
2 709
11 585
0 316
27 334
6 244
29 254
19 849
23 953
12 619
4 528
25 852
24 749
21 858
29 325
3 352
29 750
4 440
18 299
10 541
22 251
26 330
22 689
16 703
21 211
12 675
20 748
20 941
6 462
9 644
26 854
3 310
25 264
5 793
13 413
11 664
24 517
2 575
1 572
9 280
29 968
18 292
18 226
15 525
18 770
9 282
11 795
20 683
28 585
27 748
14 402
5 997
8 519
23 621
29 496
12 994
19 558
1 648
8 872
16 817
16 483
4 446
13 477
9 989
22 275
15 322
6 498
25 433
12 566
11 624
28 357
27 407
2 741
29 390
16 996
23 293
15 922
18 274
27 705
25 304
16 794
14 939
18 788
6 507
6 509
6 281
8 984
25 817
15 256
18 265
21 514
12 956
8 823
16 873
26 865
26 258
2 495
21 915
8 741
26 944
4 251
5 417
23 228
2 977
14 251
1 688
12 986
15 816
27 671
10 215
8 334
11 522
16 667
13 837
26 740
25 949
4 690
29 957
29 771
4 865
23 486
24 442
6 749
8 747
8 399
18 634
19 514
22 835
12 434
17 956
19 506
7 634
28 604
3 750
28 517
23 670
9 298
4 614
1 252
14 209
20 807
13 866
7 971
4 635
3 771
8 616
27 255
24 666
9 953
22 461
7 915
13 589
23 343
10 730
6 426
12 503
15 878
13 588
11 642
6 337
10 243
21 534
17 311
22 227
4 286
27 671
9 973
1 495
15 756
10 235
20 204
17 842
29 751
22 648
8 602
25 871
9 571
24 501
24 878
15 331
6 675
12 546
27 910
5 786
28 875
27 515
1 834
16 914
13 805
20 813
23 262
12 481
27 814
21 893
0 680
9 617
19 613
20 793
24 529
9 340
11 975
13 656
7 643
10 499
1 721
0 673
0 707
1 902
13 592
14 268
29 720
15 982
7 847
7 656
22 574
27 845
22 800
26 429
2 503
28 610
15 497
29 624
26 293
19 620
24 991
14 607
3 747
26 435
7 348
2 407
15 665
2 858
18 469
29 798
21 290
22 415
1 281
3 758
6 416
7 934
1 569
19 654
7 315
7 966
29 369
12 756
4 595
2 634
27 671
12 517
16 917
21 673
6 632
10 426
6 897
8 567
18 358
19 350
9 762
18 931
14 620
27 294
20 458
21 428
20 297
19 903
23 903
14 246
28 875
15 321
26 726
22 859
8 717
6 570
21 281
2 508
26 574
8 434
15 282
14 795
11 242
18 551
21 449
0 627
29 504
7 385
16 537
3 214
0 971
5 882
1 887
0 962
15 899
2 378
15 522
6 760
23 763
25 722
19 389
8 382
2 797
3 810
5 490
22 723
26 958
14 514
25 591
2 621
5 480
16 859
16 944
19 484
6 870
12 770
14 474
19 842
12 988
16 656
2 845
27 810
10 467
0 829
6 729
18 527
9 757
24 539
20 679
26 524
0 936
9 275
29 533
19 879
18 845
8 315
20 591
8 251
12 352
16 285
19 943
10 520
8 351
2 447
19 928
21 935
3 209
7 489
3 804
15 604
4 910
18 709
12 386
4 345
22 317
7 701
13 995
0 803
18 864
20 306
0 425
29 481
18 434
15 589
15 523
6 699
7 831
19 704
13 824
16 987
26 884
28 910
17 679
6 707
14 868
0 991
25 344
2 909
11 764
18 824
6 356
22 306
10 614
19 495
26 322
8 433
22 837
12 481
10 864
7 916
11 350
25 932
7 585
21 324
5 308
25 296
10 420
7 605
8 302
1 611
14 579
1 872
16 364
0 271
23 769
9 211
1 457
28 349
2 729
12 246
7 724
6 585
21 272
10 614
11 666
24 964
17 237
1 784
17 630
3 278
2 925
25 327
4 269
17 540
17 505
10 676
4 429
28 261
22 794
20 411
0 365
18 581
1 893
13 894
13 260
0 690
15 822
29 878
28 704
0 385
11 553
17 760
25 470
19 533
11 847
29 937
2 840
25 805
29 869
29 701
14 630
0 527
8 517
6 767
20 666
3 272
20 483
24 818
4 404
22 512
26 979
1 649
20 410
21 999
6 321
3 481
19 942
24 901
27 329
25 909
24 279
18 692
17 868
16 864
2 681
28 624
8 355
8 589
10 732
27 767
5 470
4 348
28 594
5 836
27 902
14 687
18 275
23 446
26 326
2 476
1 847
1 261
11 450
28 378
19 890
19 428
6 316
21 652
16 590
26 345
2 278
15 384
14 785
18 484
29 278
20 636
18 849
1 449
27 908
18 523
1 824
28 499
17 739
18 391
8 939
9 384
4 543
0 447
12 972
2 493
24 948
3 391
25 673
3 560
7 381
29 207
5 489
21 509
22 507
23 202
11 527
7 687
22 349
15 786
14 830
2 548
24 871
5 320
18 416
22 583
3 678
24 600
3 961
12 752
28 481
3 605
11 504
0 344
23 580
27 367
20 587
28 580
14 430
19 893
10 905
22 906
19 393
17 776
17 440
25 428
18 495
10 605
17 749
14 664
28 987
16 798
8 990
12 357
11 784
18 675
26 855
6 263
20 455
14 607
8 832
14 502
4 898
2 805
24 910
8 835
28 688
5 318
17 738
10 813
6 258
23 337
27 722
4 729
27 542
11 212
5 970
27 419
6 607
7 488
16 399
0 472
1 601
1 370
3 223
15 440
17 360
22 845
21 366
14 528
13 207
2 403
27 278
28 897
16 400
21 212
13 634
19 933
20 409
18 523
7 521
5 260
26 559
27 961
17 966
25 200
23 686
26 481
15 606
29 935
22 968
10 388
15 639
20 327
23 375
0 415
7 506
28 303
15 632
6 541
21 537
22 546
14 964
15 652
29 335
29 832
27 676
11 871
27 882
21 285
4 311
2 415
25 420
20 287
29 906
7 878
2 915
24 301
17 916
7 881
1 861
6 208
20 234
18 289
21 617
3 351
0 869
23 382
19 921
3 462
26 578
3 590
4 727
10 717
11 689
6 398
4 688
16 518
23 479
11 319
20 339
17 947
3 248
5 778
23 238
25 751
29 416
24 637
16 763
13 428
20 910
24 961
29 562
19 828
11 211
6 751
13 711
27 230
19 264
29 421
3 391
19 362
15 432
0 897
20 506
25 584
28 274
24 205
11 432
24 709
26 481
17 418
24 426
27 200
16 528
15 536
26 200
29 720
22 218
29 419
11 505
12 217
5 318
24 703
28 641
11 350
23 349
6 282
16 574
9 856
10 686
21 626
26 289
9 427
8 671
11 288
0 508
23 740
28 741
17 799
11 398
10 315
8 971
27 235
27 280
28 721
16 956
19 739
11 810
12 539
16 928
6 488
28 500
22 774
0 736
21 621
7 565
15 676
13 841
19 351
1 265
18 878
25 208
19 943
24 352
11 475
5 321
27 461
22 491
3 390
1 881
2 356
12 714
24 590
28 339
13 434
20 669
21 939
27 710
0 551
17 856
23 530
26 350
10 426
22 207
8 628
29 992
27 540
29 770
27 583
13 448
8 657
28 895
16 273
1 950
16 291
29 897
4 521
22 925
1 816
4 397
28 652
7 613
12 329
13 740
19 575
1 558
2 881
27 213
3 696
21 902
1 228
6 666
1 965
12 335
8 578
11 224
13 471
24 445
29 890
28 618
29 323
21 873
8 536
19 677
29 824
14 800
7 262
3 883
6 259
4 835
28 480
11 872
7 379
18 767
17 677
12 664
8 758
16 804
9 430
23 894
15 427
11 797
18 891
18 791
22 428
13 523
16 249
6 495
4 881
2 953
17 626
5 882
0 786
25 843
9 228
3 278
14 234
10 321
6 645
8 759
6 446
26 795
16 438
0 971
21 326
25 379
18 875
22 740
17 345
16 707
19 965
29 835
23 611
2 323
12 333
23 316
22 333
17 945
20 515
8 758
11 816
28 976
29 440
16 420
6 670
22 846
17 531
9 828
3 261
12 449
25 276
23 464
18 952
18 800
21 318
20 926
23 823
0 446
20 380
26 820
14 877
29 569
11 994
14 942
27 409
24 980
26 264
22 346
19 779
8 834
24 819
17 760
15 539
4 988
12 842
29 938
4 238
5 815
8 474
18 891
4 496
1 679
24 765
15 831
9 492
3 365
2 349
18 797
27 428
29 597
12 394
5 539
12 944
25 209
4 806
10 795
0 624
24 777
4 556
26 714
10 799
23 609
9 781
2 743
25 793
19 951
28 859
4 388
18 503
7 209
24 418
16 362
1 952
4 653
6 987
12 322
13 352
18 877
12 613
6 847
8 937
22 511
17 603
18 409
7 336
26 796
20 763
29 503
9 488
28 729
25 961
27 871
7 367
27 703
13 723
9 429
19 329
22 789
27 263
24 344
19 400
12 718
15 639
13 776
23 556
7 269
6 835
11 755
10 350
9 546
1 220
29 556
1 369
14 257
26 886
21 722
17 580
20 926
21 408
5 781
9 237
22 588
1 850
21 409
28 297
15 764
13 897
29 481
21 646
19 586
6 610
20 454
2 865
5 261
1 907
20 755
18 236
11 555
28 542
2 616
0 826
9 286
16 290
21 960
24 633
7 561
10 448
22 400
10 922
21 924
15 214
29 793
9 828
18 900
19 901
2 501
10 446
13 524
12 851
28 459
3 649
26 732
3 214
1 617
25 245
18 316
14 853
0 539
8 758
20 230
12 571
21 619
9 283
17 569
4 600
26 754
15 949
18 221
7 810
0 798
28 858
26 276
24 557
16 999
3 587
16 460
25 786
27 295
24 577
2 773
21 351
26 960
9 283
9 330
15 491
14 855
25 479
10 273
1 762
17 334
22 592
21 630
18 498
20 678
4 518
18 363
13 547
29 443
29 798
27 202
3 857
1 610
6 721
15 206
14 687
21 977
23 956
4 969
0 604
20 962
22 215
27 462
13 732
16 697
6 968
3 640
16 990
21 287
5 653
0 892
9 462
16 561
0 611
23 477
10 449
23 695
25 554
10 742
15 905
4 255
7 591
26 495
20 698
29 773
2 471
9 553
8 485
14 297
1 257
22 935
18 465
27 585
12 596
16 277
10 976
28 455
8 665
19 683
8 415
19 632
20 494
25 384
11 222
21 629
26 373
10 957
3 491
23 768
18 987
7 304
24 620
19 505
25 726
6 992
1 477
9 620
11 874
26 207
8 228
12 358
22 888
0 289
2 429
2 771
6 245
10 401
4 296
7 821
28 800
1 935
2 254
10 360
1 885
10 430
11 824
14 240
1 272
4 445
5 894
23 713
5 882
28 809
5 899
27 732
25 470
15 525
9 295
12 849
0 706
12 290
12 349
12 664
21 629
25 424
15 219
28 955
22 616
28 893
8 538
28 908
10 369
24 949
18 724
28 378
9 457
3 470
28 446
5 606
20 706
12 553
5 324
4 587
18 677
8 832
18 409
12 957
23 532
15 710
21 537
15 524
7 430
14 228
7 309
16 431
22 376
24 725
4 500
16 208
1 803
21 520
24 562
28 906
22 932
7 893
1 258
2 234
15 435
23 334
22 718
17 247
29 814
15 662
14 223
4 726
22 938
8 924
13 717
25 905
25 450
23 813
25 343
26 889
17 443
28 280
13 804
24 961
10 344
11 801
3 440
5 765
15 733
7 849
0 486
24 506
19 343
13 335
11 329
25 862
17 632
6 244
4 364
1 987
9 241
24 674
19 211
11 834
13 935
15 388
