2000
6 514
29 610
22 384
15 277
22 237
1 783
8 672
16 998
26 367
9 893
20 338
17 537
25 998
8 212
0 991
12 764
22 545
21 389
12 719
24 773
25 581
4 320
13 957
26 905
20 585
13 668
7 933
24 352
3 585
29 572
4 225
19 656
18 434
24 514
9 757
26 218
8 990
10 367
17 241
6 754
23 615
9 595
2 794
0 379
25 427
24 769
11 431
26 624
3 257
29 324
6 673
13 574
12 956
21 782
20 648
2 781
5 910
19 657
20 358
13 695
3 996
2 807
21 774
0 503
22 898
17 769
20 953
15 868
3 582
0 888
25 991
25 809
18 954
28 862
17 270
26 845
0 547
0 703
24 296
12 401
19 232
27 834
11 570
2 209
2 781
15 651
7 603
4 640
18 635
29 429
5 690
5 845
16 863
27 965
17 297
8 775
9 816
26 737
12 833
11 803
15 321
16 221
3 825
20 241
27 744
4 826
25 448
24 775
0 952
2 566
26 331
18 366
22 361
27 441
23 968
0 679
1 412
19 688
6 666
11 565
11 649
25 952
21 615
2 305
21 945
3 382
12 659
18 852
27 255
9 594
9 693
14 239
2 958
10 616
13 498
16 622
25 534
5 997
23 726
12 272
2 468
22 549
17 539
1 218
21 510
27 947
21 728
17 579
21 885
18 452
20 581
15 932
14 973
23 950
28 809
22 250
11 994
10 599
11 958
14 966
22 891
18 237
20 743
27 474
3 807
23 337
21 876
7 782
10 291
14 480
15 499
23 988
8 692
15 964
15 864
6 670
0 956
22 518
11 666
10 495
24 531
28 730
28 492
21 468
16 782
17 589
0 651
24 979
23 229
4 559
8 511
2 847
2 287
0 848
21 216
6 635
10 439
15 567
18 565
3 701
9 782
5 269
28 301
15 666
0 443
28 703
2 816
14 656
15 962
12 579
2 850
24 974
3 943
27 879
12 603
8 279
20 616
20 509
11 315
16 571
22 696
24 824
29 267
13 922
23 897
25 985
28 273
2 732
3 906
23 949
9 363
21 493
21 739
9 937
21 556
13 867
13 941
6 238
15 682
12 845
13 341
25 471
9 260
15 754
15 326
11 289
3 276
3 211
25 991
23 997
2 373
9 417
17 987
0 906
0 988
29 922
9 536
10 454
15 764
25 320
26 397
19 533
13 578
29 278
21 658
3 262
18 953
10 471
2 664
7 973
17 623
16 713
27 528
22 697
2 564
20 212
21 954
26 758
22 681
15 898
27 394
20 899
12 893
19 384
11 507
20 509
28 845
27 720
1 367
11 252
6 470
29 310
29 358
14 624
9 703
5 844
27 288
17 534
28 689
17 350
15 308
3 669
16 430
28 816
4 260
8 704
3 253
19 924
20 956
19 947
29 663
16 392
19 328
3 286
29 849
10 645
2 569
17 620
13 473
8 322
22 752
10 797
12 560
4 228
17 557
25 763
12 662
8 393
24 420
17 422
24 712
28 797
14 832
29 566
28 808
7 748
3 456
23 844
5 753
19 863
13 730
22 979
10 245
5 319
2 351
5 223
18 912
0 552
15 814
17 587
20 895
14 760
0 959
23 603
4 933
13 308
15 261
10 897
5 423
7 616
7 211
8 814
21 848
6 754
15 295
13 850
25 409
16 210
23 204
20 563
6 696
3 288
28 889
1 763
5 824
7 390
16 629
19 269
24 334
1 948
21 715
22 463
22 607
8 961
7 436
24 890
11 794
19 768
24 388
5 879
0 940
2 590
0 578
12 257
25 586
16 595
9 606
19 227
5 469
14 674
10 449
6 797
9 732
23 344
27 913
0 707
2 856
6 425
23 460
0 644
26 623
3 921
25 519
19 863
8 760
22 269
29 636
6 527
20 766
29 409
14 924
7 927
25 315
20 919
14 774
1 668
21 812
24 593
11 270
0 475
24 692
16 410
15 979
17 924
9 740
4 496
23 622
2 985
3 987
21 871
12 963
8 302
12 344
26 550
10 637
15 943
29 236
0 881
25 638
10 697
15 275
14 859
8 918
12 714
12 458
2 783
29 370
27 678
15 694
4 228
29 952
23 756
0 826
24 818
29 370
28 985
3 900
5 995
22 978
22 994
24 953
8 528
23 516
11 234
25 205
5 527
4 993
22 801
15 599
27 411
1 457
25 425
15 658
29 795
5 731
17 964
21 218
20 501
28 657
26 884
27 586
10 239
1 304
2 747
7 297
29 745
22 785
7 549
18 488
27 448
23 875
0 807
5 628
6 526
24 465
28 980
17 848
8 702
13 938
22 346
19 433
6 765
16 277
21 582
11 952
7 464
11 380
5 935
22 310
5 875
29 283
20 441
2 295
26 809
11 426
2 985
29 820
28 616
3 594
24 709
26 602
6 630
23 728
13 901
6 869
13 816
4 974
18 823
13 597
7 850
3 632
23 851
13 578
6 229
21 340
3 907
19 770
11 368
4 768
24 329
29 255
11 401
29 410
0 782
11 588
13 234
8 852
2 898
23 622
4 781
12 615
14 951
10 908
3 542
15 584
27 981
9 668
16 224
23 513
9 462
7 973
12 221
29 500
15 813
16 759
10 995
19 201
22 322
7 977
17 653
27 956
0 635
28 486
12 461
4 531
2 932
1 510
29 200
20 811
18 785
16 872
0 346
25 518
29 296
9 855
5 255
29 595
6 637
29 510
20 428
4 318
5 870
14 361
19 532
13 295
5 847
5 620
1 332
27 691
20 897
29 445
23 834
14 513
19 956
29 637
24 785
15 605
27 664
6 543
14 724
3 788
13 669
19 920
17 525
15 868
10 409
26 628
4 311
6 288
2 540
9 943
29 789
19 605
5 204
10 695
24 763
21 926
24 274
27 856
28 875
18 202
22 378
21 516
0 887
16 449
5 402
0 377
14 399
10 492
23 435
10 570
6 625
17 260
26 558
3 338
3 1000
14 400
20 507
9 843
3 746
15 831
14 273
8 261
11 777
14 922
8 565
16 775
11 580
1 386
1 317
26 330
27 714
4 592
4 484
6 644
20 854
26 344
25 759
19 958
20 238
12 930
4 389
9 734
28 693
2 769
14 783
6 864
9 590
19 718
9 278
26 989
20 667
8 384
1 868
7 207
22 271
25 239
21 875
6 720
28 802
16 917
8 869
15 959
10 589
14 526
12 444
28 592
10 743
2 725
7 510
3 852
14 756
2 767
22 704
20 686
28 297
2 778
12 931
11 306
1 619
16 563
4 453
6 211
27 849
17 811
21 895
8 764
3 519
24 607
2 899
27 744
29 943
24 260
6 745
16 353
22 660
7 662
18 304
3 632
3 433
29 906
23 516
5 773
19 623
3 535
13 948
19 530
24 953
24 373
29 346
25 391
3 267
27 440
28 592
14 711
29 973
27 942
17 630
23 444
5 530
3 329
2 979
26 504
19 307
11 657
25 289
3 459
27 813
20 501
28 305
28 787
14 735
24 310
22 349
6 252
9 508
8 567
5 934
16 725
14 581
15 409
1 658
1 497
9 228
0 555
26 527
6 427
22 260
9 230
17 475
10 349
21 238
28 218
19 322
23 314
4 777
20 640
9 802
29 791
3 642
8 811
4 474
25 796
17 417
18 659
28 859
21 590
20 359
7 856
12 449
17 973
20 479
12 411
5 819
11 557
13 722
22 659
18 288
13 321
10 472
9 722
13 389
28 725
17 344
18 877
0 532
4 797
3 636
14 368
21 381
2 789
7 246
14 275
7 708
20 554
13 271
29 708
9 395
3 370
11 305
26 785
8 648
8 510
8 653
17 577
15 709
19 673
13 950
20 919
8 880
20 556
2 839
26 807
11 241
15 877
10 242
22 500
9 767
22 719
17 805
29 797
17 401
27 448
9 765
27 611
26 357
1 970
8 618
26 827
21 835
13 710
16 215
10 308
3 408
1 641
17 821
5 663
12 594
17 286
10 455
1 871
2 282
2 929
10 692
7 381
4 759
9 991
17 628
8 860
17 506
0 500
14 515
13 249
13 991
8 938
12 564
13 912
9 235
24 694
3 783
1 869
17 400
27 994
19 385
28 752
5 771
21 501
0 358
7 910
4 489
7 905
4 833
20 937
18 420
3 461
29 207
11 210
26 890
10 539
7 835
18 728
15 574
15 537
26 608
12 203
17 396
19 626
13 818
17 373
26 647
17 814
15 256
16 802
17 831
18 994
16 408
25 638
16 671
18 551
7 541
5 420
19 777
3 941
18 573
12 601
18 254
14 309
20 839
1 860
29 445
2 456
24 598
28 768
18 417
20 934
13 899
15 754
12 426
17 851
4 333
19 860
23 461
25 741
22 918
19 612
13 599
2 886
23 919
25 836
21 560
1 962
16 319
26 674
4 299
12 448
19 912
18 502
16 250
23 731
2 853
19 262
14 759
20 440
15 811
3 835
10 969
3 218
10 790
25 887
24 879
25 811
18 567
26 495
18 932
23 229
5 525
2 677
10 652
22 376
12 229
0 764
11 441
23 770
22 953
23 725
16 899
25 304
27 534
25 431
7 784
28 388
20 465
22 727
2 313
12 509
25 255
0 704
14 930
28 283
27 378
6 225
9 961
28 412
9 370
2 506
7 804
9 664
10 325
12 321
9 547
18 634
16 296
7 952
17 243
18 226
28 900
0 949
5 246
9 212
14 942
6 337
17 778
24 962
10 474
9 742
6 323
2 649
2 504
27 528
2 642
14 789
13 432
11 787
25 787
3 679
22 731
3 692
16 918
29 205
10 969
8 912
28 277
13 900
27 457
6 558
11 426
5 791
19 907
0 454
3 241
27 579
24 539
12 828
17 227
28 943
25 940
22 956
5 338
26 910
29 448
13 508
20 577
1 918
23 337
19 722
19 290
23 933
10 767
2 818
6 451
11 382
26 528
20 613
29 837
4 753
19 412
6 672
1 732
22 256
3 440
22 879
20 647
26 520
28 680
3 661
15 438
16 252
18 200
11 991
14 948
4 587
22 849
27 800
29 284
16 787
15 691
9 910
25 859
14 858
29 796
4 982
0 715
29 987
19 489
7 839
7 332
8 325
23 728
12 907
7 694
9 952
15 852
17 750
24 324
3 778
29 710
14 861
1 271
14 268
11 946
1 384
3 423
24 670
14 851
27 778
11 272
12 302
23 885
22 400
7 692
3 361
6 270
8 248
25 289
27 733
22 761
17 895
18 549
8 825
17 712
19 300
15 776
3 832
1 620
20 208
27 694
8 663
5 666
17 533
18 261
10 918
22 739
19 933
12 540
29 908
5 221
23 770
4 580
28 287
10 423
12 930
25 511
1 763
13 996
3 567
11 437
4 722
8 620
27 630
6 876
11 275
21 641
26 579
8 538
26 317
24 359
24 301
6 345
25 815
17 639
21 580
11 906
4 636
18 441
19 703
5 609
3 507
24 690
7 344
8 360
8 953
21 879
5 208
5 790
10 540
17 373
26 975
9 257
22 235
23 383
20 811
18 264
0 486
28 246
0 659
15 774
24 566
17 282
0 927
1 774
14 660
29 773
13 870
21 543
1 357
0 553
10 710
22 672
26 396
7 315
15 282
17 365
7 975
11 287
5 806
16 276
12 730
29 802
10 756
17 760
12 798
9 650
16 917
22 466
25 434
21 367
15 685
11 937
6 294
19 663
1 796
3 348
3 341
11 413
5 274
18 550
5 809
26 513
1 384
6 474
20 622
14 275
6 744
10 414
12 284
10 697
7 847
6 364
28 753
3 517
10 798
18 766
3 266
29 968
27 523
17 234
17 326
27 786
29 866
18 432
21 567
2 930
25 721
23 265
24 963
18 826
14 832
18 554
4 228
6 388
26 615
16 233
28 469
22 445
3 605
23 464
24 751
11 706
29 557
10 365
27 959
7 842
13 705
6 570
2 224
9 697
7 897
0 508
22 534
29 988
28 734
15 301
0 424
23 313
17 662
28 736
26 786
23 501
23 730
14 305
16 516
12 504
25 275
3 821
27 648
8 596
0 577
4 730
3 438
9 461
19 833
20 986
21 421
21 912
20 777
24 423
4 616
29 894
28 404
5 855
15 226
24 467
13 717
9 631
17 383
23 401
21 481
21 825
14 817
13 278
0 324
0 731
18 282
6 972
25 961
27 927
17 478
24 960
14 839
18 321
19 239
2 805
12 231
9 459
7 994
21 701
16 588
17 818
23 678
16 862
6 624
21 381
22 745
16 895
27 960
3 386
23 743
10 987
22 902
26 777
16 835
10 208
20 332
15 880
15 870
7 886
25 950
14 825
2 549
11 643
6 474
3 920
8 817
22 666
2 973
18 405
23 657
12 936
25 232
23 204
27 687
24 371
28 275
13 988
14 213
4 576
3 294
25 486
18 356
26 875
10 993
11 244
3 759
19 974
12 234
22 929
2 488
3 819
8 772
21 979
1 853
27 204
20 998
21 771
1 600
5 788
23 715
1 706
20 610
2 617
5 934
4 591
21 404
11 595
29 394
7 569
22 572
4 821
3 836
14 653
23 673
13 340
26 631
5 616
5 392
9 884
19 848
22 968
15 504
29 538
12 896
11 431
23 236
12 731
4 994
13 936
1 267
18 996
10 803
22 589
19 487
17 493
2 284
14 571
2 924
29 564
2 895
17 478
3 265
16 592
21 683
6 714
28 810
27 403
16 498
29 549
4 468
15 869
7 535
14 232
29 947
16 529
12 717
3 449
11 500
28 390
9 737
17 972
6 858
11 962
1 456
23 984
24 754
3 783
19 249
0 510
18 878
6 840
1 894
14 494
3 217
13 621
16 368
0 661
14 737
25 621
29 349
24 563
4 349
25 430
6 651
2 738
1 828
25 820
19 717
24 348
20 399
22 300
3 432
18 906
16 866
24 961
5 317
7 364
25 682
25 941
0 393
0 226
0 531
22 914
26 689
12 668
1 768
0 872
17 254
25 949
1 366
4 542
1 850
5 430
4 731
0 485
9 780
28 502
10 497
2 254
27 801
9 458
22 263
15 257
0 562
8 815
16 353
19 704
1 892
6 605
6 746
19 965
29 547
16 710
0 365
8 441
24 731
24 721
8 587
12 894
29 214
3 578
27 443
6 550
20 431
9 345
7 670
16 445
5 500
12 631
21 892
6 298
11 715
21 566
0 652
10 321
14 946
15 880
21 353
4 314
19 484
18 606
12 832
5 396
4 660
3 216
17 315
24 433
23 862
22 515
22 524
9 493
17 270
15 462
0 468
2 751
18 443
29 517
25 610
24 757
17 527
18 731
9 269
28 686
1 365
11 467
12 807
4 242
13 300
8 696
3 953
8 810
17 910
26 625
3 758
24 271
24 577
16 462
14 554
1 271
23 873
2 684
11 672
1 785
12 797
1 417
1 533
10 625
15 338
20 206
11 257
1 825
2 835
8 486
22 321
20 919
2 365
10 928
10 782
17 403
25 265
9 996
22 402
22 807
20 461
23 276
12 241
9 808
5 285
9 836
26 436
29 817
5 806
12 733
27 790
7 846
18 617
4 772
18 843
7 928
16 938
19 488
0 246
8 273
0 409
5 495
26 756
28 938
17 953
8 614
6 490
5 476
15 910
5 320
8 520
1 910
29 655
26 358
6 234
28 842
19 518
11 370
8 249
23 551
9 715
26 269
16 492
20 681
17 608
3 211
8 526
6 970
2 697
20 208
16 925
17 761
2 393
26 921
17 807
4 623
17 225
25 733
9 397
27 361
13 660
5 319
18 757
9 871
14 707
13 483
2 355
19 828
13 801
28 991
6 465
28 554
11 320
15 241
28 728
28 218
15 555
20 659
20 853
19 303
21 481
24 547
29 460
25 598
1 824
17 428
26 881
2 480
25 474
4 595
26 982
12 208
20 737
2 204
20 471
12 724
21 977
15 599
10 300
10 817
6 817
25 274
16 246
22 756
26 733
5 416
8 285
8 482
13 450
24 986
12 536
8 809
1 482
7 955
7 321
20 964
25 685
13 294
29 356
1 970
20 416
1 923
23 319
3 380
17 610
16 984
13 457
23 980
22 502
7 502
8 454
26 259
15 292
22 437
24 285
22 781
15 898
29 287
20 316
12 341
22 877
16 522
26 267
9 537
27 487
21 952
15 344
7 688
24 941
1 499
13 799
17 658
23 836
3 429
15 504
0 228
25 345
19 795
8 386
27 618
9 709
14 640
11 901
14 328
3 750
23 913
16 259
10 284
6 381
25 676
10 674
10 650
4 296
11 911
23 573
2 680
5 569
10 586
3 391
16 912
2 446
28 814
15 621
18 523
18 926
8 552
16 385
1 639
23 557
28 352
4 916
1 350
4 514
4 867
0 786
24 984
5 251
14 275
26 203
26 513
10 852
28 720
9 932
21 917
8 687
21 443
0 602
9 216
3 860
12 408
1 294
26 672
25 421
15 767
20 983
20 814
23 856
14 580
28 467
1 571
22 605
24 329
9 763
0 636
28 619
6 927
15 780
18 846
10 379
12 833
23 819
23 436
22 875
20 906
28 631
24 778
8 839
25 372
14 469
28 248
2 437
27 882
7 447
15 723
10 794
14 238
22 995
5 773
4 678
23 667
24 485
4 994
9 256
3 441
25 603
4 358
24 608
19 708
18 839
29 631
20 211
19 728
7 866
5 324
4 201
5 702
4 551
13 717
8 563
7 694
27 893
10 270
26 931
22 963
16 725
28 554
18 898
6 604
28 473
20 450
3 274
19 277
12 300
28 753
25 291
21 326
28 803
20 368
29 446
2 427
21 695
14 425
18 983
20 823
8 836
23 900
13 479
14 899
3 539
27 352
19 420
14 757
6 389
29 728
28 868
4 503
15 618
17 403
0 532
4 408
10 235
27 649
23 746
18 972
27 515
26 984
5 730
15 372
5 367
26 322
23 843
24 301
27 578
21 836
26 269
21 687
0 986
10 794
5 454
9 495
26 588
25 371
4 810
5 297
16 771
3 506
8 266
11 696
23 592
26 774
