2000
15 667
10 252
9 286
4 510
9 481
3 356
13 921
15 710
13 748
8 444
9 844
18 997
20 926
22 844
29 563
2 439
7 831
7 243
21 845
4 615
17 717
4 315
29 430
4 489
25 265
27 393
17 666
28 570
6 927
14 452
22 631
8 222
7 723
17 580
20 536
16 687
15 559
13 483
26 759
3 703
19 665
26 545
3 528
5 469
17 423
8 594
26 819
22 827
14 950
0 248
5 490
1 990
22 766
14 632
12 422
20 328
15 703
24 421
6 709
9 757
26 828
29 342
4 428
5 624
21 503
9 847
22 830
24 969
12 261
6 922
28 278
5 467
26 938
6 849
8 599
4 629
16 313
16 745
12 850
8 935
29 836
10 767
23 778
27 937
10 230
8 531
8 908
10 723
2 828
25 856
15 543
11 412
10 276
25 616
16 624
5 985
26 973
23 394
24 273
4 814
15 535
5 469
27 981
27 528
2 969
1 495
13 341
1 258
17 297
16 459
4 634
4 237
28 506
13 573
19 649
16 485
4 691
23 548
23 358
25 557
21 478
5 245
24 357
0 470
23 531
5 731
4 665
14 356
17 665
0 620
2 655
11 961
23 428
4 693
18 710
16 261
0 756
12 286
15 658
23 958
9 758
21 863
1 864
24 305
25 533
19 409
29 458
13 791
3 872
16 297
16 914
6 533
13 301
14 381
12 376
0 445
2 661
8 856
14 387
15 257
15 804
14 205
9 687
11 895
16 883
28 957
11 239
17 774
10 591
28 200
11 795
9 939
5 467
16 597
19 371
11 561
20 346
11 971
1 633
26 269
5 910
24 503
29 583
20 795
6 929
6 368
16 689
7 260
8 292
23 436
22 295
19 913
28 537
18 916
22 456
28 973
27 514
25 807
7 750
8 539
24 606
12 314
16 856
8 964
13 549
20 871
24 866
25 918
4 313
12 508
24 939
17 730
17 680
19 685
12 912
26 766
21 785
1 553
23 670
27 401
26 658
4 422
7 639
18 670
16 796
18 355
27 473
1 533
29 883
28 578
28 377
20 357
1 458
12 292
21 506
12 200
2 334
18 995
5 271
29 362
28 569
7 659
11 657
17 776
25 526
10 446
1 573
24 861
9 578
9 838
4 473
22 655
22 624
3 219
29 444
20 772
27 449
6 274
2 828
14 322
11 323
7 862
27 592
16 974
20 941
11 724
10 655
15 725
12 356
9 679
1 478
19 511
13 935
7 433
0 467
28 581
19 800
19 689
15 558
1 856
6 519
27 275
29 377
17 370
10 879
13 686
12 619
27 802
7 945
12 649
18 628
25 251
7 900
29 589
4 370
22 963
17 985
20 756
10 765
21 305
4 784
17 659
1 825
17 942
6 767
19 711
27 830
6 435
29 679
7 206
4 723
21 962
5 912
24 956
2 623
14 785
16 938
26 729
12 367
23 303
4 984
27 735
0 829
14 304
8 640
2 600
4 230
22 358
15 938
17 968
11 581
29 225
23 965
5 596
27 336
4 871
3 458
9 203
18 760
4 765
18 241
9 218
20 815
3 232
29 780
27 716
3 756
8 682
26 536
3 914
26 829
19 656
1 342
17 576
21 911
16 762
25 865
24 589
0 469
24 458
27 261
14 407
12 340
6 776
12 447
24 310
16 385
6 998
7 837
7 914
19 584
16 999
12 283
17 632
11 933
12 965
5 343
21 208
11 673
3 509
24 460
20 966
0 539
3 427
28 747
7 932
11 479
4 467
9 215
7 350
12 239
17 995
11 862
19 729
10 889
9 220
5 347
8 674
11 775
20 391
15 980
5 414
27 939
4 582
1 884
27 824
13 918
9 516
20 954
27 200
15 522
14 294
27 508
21 276
28 353
6 957
13 815
21 225
4 428
28 559
7 468
24 228
6 953
15 370
7 896
4 288
12 534
5 334
25 256
3 708
23 493
9 756
22 783
5 477
7 865
28 279
18 452
18 274
6 216
4 880
6 815
10 252
26 359
25 491
25 226
20 709
12 654
28 680
25 538
15 454
13 732
13 744
8 335
27 875
17 643
9 924
17 539
14 229
23 242
23 717
18 807
24 394
9 994
1 827
6 641
14 228
20 716
15 573
22 935
17 794
26 735
19 571
27 296
14 540
1 424
4 706
7 472
7 1000
5 406
12 601
5 336
11 222
19 711
26 239
17 669
5 355
24 604
12 278
20 600
12 339
26 500
17 454
1 805
14 592
20 385
16 832
24 733
0 693
2 306
24 981
8 882
22 205
25 988
18 989
21 871
22 439
25 632
11 309
15 929
10 433
7 788
2 516
2 512
25 694
15 816
7 669
20 956
0 759
9 851
28 367
27 204
20 293
11 253
16 960
19 577
19 437
13 442
12 867
25 445
2 391
16 322
11 994
27 572
5 920
8 855
1 637
14 708
17 504
24 967
15 354
25 596
5 655
22 504
29 295
13 657
16 784
8 571
1 520
15 242
0 627
24 786
18 947
15 654
29 477
12 939
5 677
15 658
6 946
13 837
1 726
17 846
2 805
26 383
9 320
28 882
3 420
11 964
25 223
22 234
2 281
15 426
17 228
24 752
23 930
0 767
13 688
12 343
0 900
0 206
5 385
7 306
3 626
19 523
20 448
20 808
22 685
17 841
11 410
10 358
16 652
20 899
1 755
14 429
0 786
25 670
28 552
25 542
2 320
18 362
10 557
11 792
27 842
9 764
18 249
9 360
20 938
28 537
17 441
12 292
6 341
17 386
15 909
23 834
25 229
27 216
16 748
25 547
13 363
2 230
1 876
1 229
6 710
21 569
17 661
8 654
8 949
10 785
23 763
17 728
24 852
25 617
24 602
20 729
1 915
11 582
20 882
7 574
26 375
18 432
6 571
13 284
25 859
6 891
23 914
13 958
23 941
18 645
5 302
11 764
0 418
11 917
6 585
14 968
8 766
2 948
20 734
24 770
7 508
5 820
29 479
19 759
1 786
26 908
7 877
27 534
6 880
24 979
11 333
11 994
18 441
26 310
7 857
28 470
6 726
25 936
26 377
6 576
21 689
9 603
9 579
23 760
1 589
17 943
22 995
16 994
26 648
6 734
5 693
24 899
21 843
1 557
10 687
14 466
20 393
16 895
15 545
3 723
4 932
21 239
23 725
5 542
13 204
11 716
8 829
6 706
17 640
24 938
3 536
28 486
20 321
17 998
5 434
17 742
6 426
19 347
14 789
1 204
20 520
17 788
12 555
17 315
5 430
21 438
19 409
10 868
28 944
4 652
4 650
1 589
4 712
5 328
7 871
17 725
8 205
2 548
9 520
17 375
22 851
22 588
4 330
11 202
17 465
14 360
5 552
27 962
11 272
13 795
26 631
13 915
10 586
0 846
13 905
20 231
14 312
24 982
22 356
11 705
0 839
27 582
5 218
14 901
2 229
0 637
21 431
5 847
24 325
16 839
14 369
23 578
20 968
22 379
13 298
7 483
0 278
4 961
19 880
23 999
5 728
1 547
1 685
23 854
25 722
11 896
13 629
2 305
26 933
21 900
21 948
21 886
15 321
23 638
1 879
27 717
26 497
15 666
25 468
7 986
9 213
16 526
26 479
19 220
8 449
5 510
13 830
27 352
26 399
25 541
8 637
25 848
4 831
28 382
14 891
0 629
25 424
13 841
28 425
3 210
17 481
25 682
23 614
2 755
16 360
12 318
16 418
27 656
21 465
21 603
12 729
29 830
9 350
12 735
25 818
21 283
6 711
15 446
27 345
9 526
2 913
11 915
24 785
12 751
10 480
29 735
17 745
11 656
27 361
11 621
7 945
16 534
29 745
29 813
7 416
28 384
24 613
10 918
18 932
1 590
16 925
20 512
5 850
5 910
2 491
15 645
28 803
23 920
0 974
4 206
17 257
9 421
17 617
21 576
27 328
29 981
24 427
18 484
4 492
0 317
18 615
12 728
17 801
26 811
24 946
27 363
28 686
7 303
12 894
29 628
26 243
4 400
26 756
21 722
0 464
9 217
6 730
20 323
29 712
19 698
0 752
17 466
6 379
2 361
14 847
24 627
25 368
2 455
11 299
17 791
20 429
3 351
22 408
13 392
8 218
7 519
0 300
25 566
15 714
23 658
12 806
13 577
8 553
9 427
17 284
10 516
14 734
1 757
9 870
16 246
16 827
26 637
26 254
18 568
22 511
20 838
9 596
4 611
5 876
25 350
12 919
8 363
12 563
26 245
21 744
25 655
22 481
4 986
15 274
15 640
29 905
6 661
15 808
19 463
4 568
27 706
0 307
25 750
23 903
17 555
10 460
6 854
28 704
1 672
19 376
0 750
13 531
5 436
25 619
23 409
28 949
13 341
16 347
1 440
27 455
20 315
8 545
1 619
29 610
7 614
17 431
19 498
9 878
23 245
25 789
16 971
7 833
21 224
19 330
11 303
18 900
4 542
13 454
12 208
18 972
26 851
2 511
28 965
13 664
13 899
24 652
3 601
3 265
24 682
8 382
18 579
12 902
5 522
21 841
22 553
20 351
20 307
18 431
29 420
20 230
4 476
21 772
27 266
14 962
20 911
5 488
27 990
2 263
29 647
22 747
24 767
17 721
22 882
28 807
15 894
8 771
22 312
8 290
21 797
1 854
29 413
27 625
13 923
7 996
14 801
13 689
8 905
17 447
15 472
2 872
8 751
22 239
1 365
8 791
18 878
5 817
0 943
19 521
1 820
7 661
19 232
2 217
21 446
10 484
18 396
24 593
0 360
9 338
28 745
18 411
20 627
20 855
14 355
14 583
10 479
24 980
18 570
24 508
23 420
8 804
6 972
27 410
0 476
26 577
26 687
17 702
21 665
27 628
22 635
11 814
20 550
20 293
12 809
7 859
8 263
11 597
7 684
3 594
17 313
28 980
25 968
14 806
3 627
24 939
10 712
18 903
21 692
26 837
9 405
4 210
21 457
22 706
16 299
5 967
1 380
10 235
14 590
11 298
11 836
12 452
26 874
1 208
12 348
28 291
0 836
18 260
21 421
9 351
7 987
23 548
26 689
29 925
21 893
25 348
12 227
24 287
12 267
23 264
2 660
10 317
24 738
28 424
28 346
5 563
29 732
25 748
11 480
9 997
14 277
7 778
13 345
24 536
11 206
22 357
17 287
17 608
1 384
3 795
11 786
28 931
29 931
0 320
27 960
23 868
10 689
12 426
28 580
2 259
17 422
19 241
3 287
1 649
23 898
10 392
24 883
23 729
22 201
10 541
0 446
27 926
0 319
26 323
23 847
16 501
18 513
8 415
29 947
22 336
17 981
5 327
0 770
24 557
29 702
16 346
24 904
4 506
9 578
28 271
6 843
13 616
13 714
25 626
16 520
12 529
19 636
14 223
19 807
12 460
19 576
21 341
5 281
18 472
1 835
9 961
4 761
6 940
14 909
16 743
8 941
26 657
17 393
29 443
26 392
3 783
5 527
21 460
0 433
7 521
20 845
18 229
0 365
28 467
20 895
3 416
24 418
10 832
7 904
29 389
27 842
20 958
25 954
15 969
28 234
16 763
14 434
21 458
4 527
17 278
26 425
12 405
22 349
27 809
23 308
28 615
7 734
10 405
1 497
10 669
17 412
13 279
10 958
11 419
18 331
21 552
25 982
5 791
8 376
23 310
0 533
7 842
0 244
2 533
16 589
29 987
19 803
7 429
1 386
14 833
24 807
22 202
8 682
4 832
11 327
6 207
27 738
9 924
4 493
26 456
0 620
7 558
25 757
4 469
14 280
0 891
19 516
10 552
28 346
20 835
7 215
12 800
24 495
29 585
0 755
21 783
18 383
4 747
17 481
21 967
17 558
1 327
7 719
18 715
19 980
6 995
2 943
12 616
13 643
13 237
5 244
17 925
20 472
12 821
26 884
19 973
19 770
28 739
25 213
5 921
11 920
4 270
17 563
3 240
10 414
24 334
1 554
2 385
28 565
29 424
16 362
23 924
12 825
27 304
16 893
22 297
21 689
3 280
11 257
23 258
17 310
7 968
7 473
27 520
1 403
1 561
24 342
29 965
1 634
7 816
3 448
18 801
19 501
7 782
7 839
13 524
26 855
26 771
22 856
11 925
5 649
20 951
8 509
23 789
25 492
3 236
26 956
13 318
23 624
25 493
27 811
8 801
3 271
5 890
29 977
10 527
19 838
24 815
12 722
6 538
29 205
2 663
8 822
24 607
17 742
1 223
8 800
3 824
0 717
13 590
22 423
7 480
20 694
1 273
29 290
8 220
14 819
2 878
22 989
0 370
6 338
7 402
6 890
14 391
24 254
26 433
17 807
3 491
13 679
14 974
19 978
24 758
3 993
12 846
16 810
25 391
22 808
2 993
1 457
13 992
18 832
1 793
11 824
7 946
29 335
13 216
22 512
2 956
3 396
17 708
18 534
8 619
3 639
5 904
15 625
26 925
2 937
17 724
1 218
22 596
9 772
16 531
15 962
0 642
5 756
18 515
29 565
1 916
9 258
11 323
12 661
0 780
13 310
13 661
13 410
7 309
1 698
14 849
4 976
17 997
15 995
22 550
1 426
16 705
21 507
23 714
28 989
26 697
24 869
23 340
26 337
7 401
0 511
27 265
28 565
12 649
25 244
22 648
10 472
13 324
27 588
22 613
22 419
23 862
29 420
5 704
28 664
5 300
28 349
19 353
17 966
18 975
5 598
27 465
0 577
27 939
13 605
29 767
24 230
16 859
1 729
27 671
1 341
23 396
24 344
28 326
7 944
16 535
16 717
1 833
4 288
9 597
26 945
5 789
19 931
24 299
7 842
29 494
14 482
28 662
15 633
17 718
24 711
6 863
28 691
26 593
27 855
21 509
0 735
26 734
1 754
2 725
10 376
9 396
27 404
10 623
20 671
29 318
18 811
23 833
21 927
5 869
3 541
2 524
11 238
5 903
19 384
25 599
19 391
27 276
12 499
1 997
3 825
10 797
29 247
0 440
24 636
6 860
18 361
23 671
19 882
15 430
2 384
9 792
15 677
0 766
9 230
27 643
26 283
24 464
14 301
13 408
26 867
11 348
28 913
12 862
8 519
28 553
8 881
14 905
0 948
17 741
16 813
18 327
7 525
12 526
27 576
22 602
5 579
10 602
4 801
27 753
27 836
9 282
7 729
23 787
8 466
15 428
6 491
9 398
28 809
21 694
9 597
28 295
1 217
3 603
6 397
21 772
3 835
26 876
26 619
9 686
27 777
21 737
14 237
14 362
4 427
23 513
7 347
16 482
9 523
9 492
14 235
8 867
6 593
9 837
20 405
16 357
18 364
18 574
14 959
27 684
10 565
2 748
20 961
17 407
9 569
15 467
28 703
12 937
24 638
12 501
20 582
27 709
23 487
3 588
8 968
10 878
0 485
19 560
1 357
15 476
22 753
26 614
25 383
17 250
28 565
21 608
29 467
9 428
2 579
18 406
19 399
0 812
4 515
18 976
19 862
19 826
16 517
2 233
3 978
12 392
16 584
15 649
10 209
6 992
5 524
16 780
12 205
28 402
13 640
13 771
8 230
10 312
16 860
14 997
12 598
7 436
22 838
1 928
12 830
24 371
5 970
21 721
26 795
20 218
20 205
22 724
0 632
29 209
4 527
5 201
9 509
27 206
13 736
0 803
22 693
6 389
8 661
22 776
13 428
2 974
12 673
12 415
7 375
16 692
28 528
9 203
10 410
7 284
14 528
11 885
27 314
1 666
10 703
21 243
26 693
26 495
8 784
23 792
9 565
28 642
27 611
27 595
4 200
14 627
14 754
8 676
5 730
17 428
26 825
17 703
21 605
27 502
11 652
9 417
20 299
8 364
4 210
4 342
3 920
14 203
4 857
8 657
29 509
1 807
14 336
23 467
16 841
24 692
12 486
12 637
19 401
20 807
12 239
20 970
11 318
4 225
15 720
18 236
16 807
13 833
18 939
2 497
28 912
12 479
22 747
0 470
3 962
17 643
26 842
29 522
2 633
27 523
2 708
5 618
8 983
15 920
10 755
27 657
27 273
8 318
21 715
16 751
8 469
26 930
22 937
7 473
20 609
15 977
15 540
2 871
21 750
8 463
9 481
19 886
9 673
29 238
9 871
10 248
13 275
29 353
0 346
20 570
16 736
4 636
0 517
0 994
12 460
5 840
14 956
21 702
11 723
6 667
18 651
9 605
11 305
27 807
24 339
20 402
10 471
11 940
29 851
3 298
18 666
21 798
18 755
12 442
5 830
5 717
9 452
10 792
1 771
21 203
26 294
23 357
24 986
24 360
27 914
19 656
28 293
15 470
21 931
7 305
2 964
22 849
4 592
11 587
20 832
29 440
13 547
9 354
20 305
14 821
22 724
0 586
1 792
24 375
9 398
5 568
20 378
22 582
25 916
4 268
15 375
19 274
13 605
20 785
1 902
19 960
1 734
16 940
23 991
23 911
26 442
19 651
18 470
15 981
4 558
4 617
28 786
23 836
12 863
10 784
22 360
10 645
9 289
20 888
3 653
19 967
4 348
2 879
24 435
25 630
27 678
25 497
28 864
26 753
20 783
14 841
26 517
24 773
25 883
1 431
18 411
29 783
8 430
13 707
5 861
0 442
15 927
2 564
5 209
3 782
17 562
28 488
17 436
22 547
18 619
29 566
27 787
9 871
5 502
0 671
7 525
13 412
21 329
9 954
3 799
26 656
24 600
22 458
20 325
22 421
13 531
22 860
19 658
2 984
2 277
8 802
21 738
3 213
11 435
8 776
19 662
9 800
7 667
29 300
18 564
29 761
27 760
3 945
16 462
21 283
6 923
27 912
25 492
25 803
4 434
12 230
27 649
15 332
22 930
16 563
28 903
17 910
11 201
14 757
17 567
11 907
21 378
24 250
8 902
18 321
4 782
15 550
6 672
18 983
0 240
0 328
0 326
10 605
24 971
29 707
29 466
26 777
21 420
10 315
3 844
11 833
