2000
21 571
26 707
0 386
8 330
8 784
24 865
23 994
1 742
12 343
23 420
1 363
10 835
0 814
26 636
26 679
2 431
3 509
6 282
16 766
16 378
5 567
10 625
17 882
29 767
1 667
4 519
9 454
14 518
2 308
22 876
24 892
2 924
14 594
14 324
25 979
19 323
5 905
26 303
3 447
2 891
19 253
1 595
20 727
10 765
5 204
29 674
3 465
2 359
12 923
21 454
9 965
26 916
23 839
9 297
28 543
17 573
27 310
13 743
2 576
5 596
0 222
6 968
10 493
17 588
7 697
28 567
2 540
0 521
17 301
6 940
1 767
27 393
5 268
2 283
11 611
22 656
0 461
26 435
16 539
9 376
7 664
18 591
12 456
17 321
17 438
23 730
17 780
3 381
24 644
16 817
0 472
26 374
15 905
15 526
9 933
20 234
10 708
0 433
25 848
17 462
13 526
8 532
4 540
27 633
1 756
11 717
15 757
16 791
8 279
14 575
21 751
14 812
2 597
3 953
27 205
5 485
21 810
18 231
20 273
21 323
2 500
14 633
28 400
3 735
21 961
19 613
11 398
9 323
4 243
22 625
27 776
16 835
28 842
8 783
0 798
15 589
0 985
6 644
12 336
15 804
27 665
28 293
2 907
10 955
17 384
25 226
9 684
12 756
18 695
2 346
21 493
14 994
24 459
28 395
20 853
22 759
18 639
14 408
20 732
19 330
16 586
20 949
21 623
19 422
14 985
21 307
4 516
9 755
2 776
13 488
23 590
8 821
15 347
16 719
18 867
9 292
22 930
17 560
16 540
9 546
18 818
25 783
20 845
22 648
11 952
10 276
12 511
26 612
3 350
16 439
15 581
11 621
13 739
13 784
22 880
19 534
17 412
10 292
14 509
22 577
18 266
13 847
16 873
14 419
27 998
16 414
23 495
1 782
6 675
11 567
8 294
9 677
7 498
27 525
15 883
7 679
12 907
10 734
19 484
5 982
3 497
22 784
18 861
25 465
10 447
9 232
13 350
1 420
20 887
27 610
20 638
23 992
29 410
6 305
6 555
7 928
13 913
13 776
15 958
28 287
2 953
21 635
14 549
23 686
16 778
8 543
21 627
14 221
26 637
24 984
17 998
8 960
22 243
9 221
5 907
23 920
19 791
25 623
4 669
25 327
2 388
21 806
24 235
11 337
23 863
23 736
2 531
20 263
21 476
12 390
12 383
6 601
2 936
7 440
16 952
25 460
10 409
22 546
29 970
23 847
27 386
15 759
21 854
7 302
20 681
11 355
16 512
10 384
12 497
13 304
27 383
23 690
18 691
23 654
22 439
29 667
25 348
24 537
15 783
4 983
19 859
17 950
11 299
17 493
15 332
26 209
22 669
28 903
3 637
1 610
20 485
26 683
13 858
15 316
14 950
16 571
7 499
22 207
14 563
0 844
4 498
23 818
14 317
10 620
14 203
3 273
10 957
23 930
18 503
13 982
25 450
7 623
14 775
8 200
7 278
22 472
27 820
12 748
19 660
17 812
0 407
27 422
26 624
26 682
24 771
5 911
25 813
8 944
19 455
1 314
5 532
15 550
0 560
19 748
16 901
1 768
11 591
7 477
20 346
9 936
4 574
13 507
29 714
19 796
9 372
1 259
17 944
24 809
6 941
24 531
6 296
14 826
23 655
11 694
21 654
15 952
9 641
29 741
7 303
18 407
25 799
11 652
7 454
20 618
10 238
19 480
0 302
1 857
22 420
14 872
26 500
24 896
14 622
21 650
8 816
16 993
7 372
9 207
19 986
15 592
16 865
10 719
3 801
28 708
27 246
6 207
22 865
14 771
0 318
17 461
8 244
12 950
20 519
19 491
16 453
12 862
16 866
21 440
19 617
16 582
21 577
24 261
6 555
27 339
26 989
8 686
25 595
12 896
2 868
9 260
8 866
2 444
10 564
17 220
19 989
10 467
22 333
17 685
1 216
28 894
28 483
15 514
15 599
13 794
3 444
18 695
28 302
29 989
16 617
7 432
12 949
10 502
22 304
5 210
12 873
19 220
29 745
26 715
23 616
19 568
26 395
5 696
2 201
29 948
25 725
25 465
9 304
11 399
12 609
10 763
7 857
28 712
3 780
25 845
21 968
10 534
4 691
29 841
16 700
28 579
27 746
15 518
9 876
22 701
12 758
7 517
12 740
14 949
4 662
7 358
15 272
1 506
4 598
0 860
24 313
4 489
1 216
5 442
23 395
29 524
21 758
7 960
25 984
26 286
21 901
9 770
16 842
20 288
19 636
28 576
26 829
6 781
11 938
27 507
13 546
13 399
15 678
20 906
18 492
6 277
17 322
24 338
4 632
10 523
21 466
6 210
1 685
22 821
2 448
9 237
15 285
28 651
22 843
26 433
0 421
18 626
6 661
21 245
10 597
22 410
10 283
7 415
25 226
5 572
23 774
0 304
25 239
6 934
10 553
9 870
26 759
1 335
20 457
11 933
20 349
26 711
18 356
20 943
14 424
28 551
8 881
11 917
6 568
15 839
27 923
11 793
29 450
23 391
24 774
6 850
18 476
14 619
2 646
14 931
12 657
23 834
2 439
9 562
10 330
3 982
4 717
14 781
6 892
0 857
19 700
27 750
14 254
27 887
29 1000
5 234
26 734
2 349
22 247
18 454
9 283
28 696
9 260
6 549
5 757
27 597
3 763
28 235
27 963
19 711
5 756
29 208
19 790
14 630
2 351
7 358
2 746
25 281
1 476
29 859
29 500
26 232
16 563
1 412
23 545
21 807
0 918
21 442
4 855
13 382
21 334
28 485
0 556
2 696
25 301
28 752
13 899
9 515
26 581
20 216
25 969
22 302
24 651
22 642
23 707
18 982
1 397
17 589
24 955
21 780
12 246
9 770
12 625
11 816
2 857
13 604
22 793
20 481
21 375
17 733
12 509
25 278
15 242
22 910
29 417
20 809
27 748
24 234
11 256
19 219
19 454
23 802
13 627
28 639
14 318
5 968
17 615
3 526
2 946
25 319
6 971
29 951
2 419
28 564
26 969
14 372
28 244
1 940
27 782
26 538
18 538
10 887
0 799
28 239
16 916
23 543
29 709
19 895
17 573
1 371
1 366
23 200
28 794
9 337
21 674
4 897
10 656
14 441
29 477
7 715
10 604
12 797
25 842
17 451
29 446
3 257
0 215
24 965
19 570
1 552
11 812
29 506
26 746
10 739
23 210
16 737
12 480
22 926
6 756
4 906
1 345
23 566
18 305
4 975
12 606
15 408
13 545
26 761
2 985
8 720
17 911
27 628
24 471
24 468
17 677
7 922
27 762
15 667
22 858
5 575
22 223
24 941
3 521
21 468
3 312
27 738
11 771
11 840
27 625
1 483
7 964
0 963
3 498
10 994
16 976
5 695
13 339
17 845
9 687
13 537
11 810
17 570
5 718
26 817
13 776
17 772
11 905
22 210
25 673
0 764
4 541
19 344
9 419
20 484
15 205
25 991
6 558
19 618
26 277
5 372
10 920
0 475
3 550
6 253
8 681
16 538
15 757
28 890
19 378
5 258
16 342
16 368
17 506
21 623
3 873
27 810
11 360
11 480
20 254
9 932
19 280
5 959
21 490
29 363
18 299
27 617
27 826
24 948
22 600
9 733
11 459
22 542
21 631
15 412
10 732
29 587
10 497
4 562
19 914
2 636
29 480
4 618
11 466
0 290
19 704
7 973
4 937
19 713
22 812
16 738
25 708
18 317
19 214
7 344
1 500
25 492
13 569
17 344
7 621
29 232
24 447
17 788
11 598
5 467
17 621
25 604
4 857
14 772
2 783
12 309
6 769
26 543
11 597
6 626
2 397
6 663
19 502
23 803
6 616
6 384
19 457
4 277
1 716
25 672
8 706
29 444
22 524
9 936
2 688
11 921
11 863
25 312
16 220
14 342
14 847
27 961
16 733
4 891
2 464
7 916
26 220
23 927
28 635
28 263
4 201
0 703
16 951
11 899
4 976
27 561
19 508
13 204
0 473
27 705
0 203
11 524
20 710
12 641
19 642
15 885
12 463
29 1000
25 431
19 436
2 582
17 285
24 737
9 883
0 587
29 560
2 206
12 534
20 834
14 751
1 984
7 888
25 327
23 508
3 378
18 355
16 691
9 333
27 626
27 343
18 469
14 468
8 573
2 888
26 983
13 607
17 417
8 425
25 464
29 246
17 404
12 438
2 859
5 813
18 715
16 741
0 723
24 806
9 520
5 233
20 318
0 608
24 767
7 809
3 313
0 466
2 986
9 510
15 213
5 1000
23 333
10 923
13 880
27 270
7 577
3 945
26 266
3 835
13 327
2 497
9 347
17 273
20 555
6 753
20 584
1 756
29 743
18 458
2 782
23 552
8 970
21 775
14 801
2 881
6 539
28 364
13 748
14 662
7 442
13 264
28 221
21 250
15 201
9 942
20 893
5 507
9 951
2 703
22 380
0 223
15 500
1 952
8 812
5 505
2 788
18 426
2 423
0 593
16 742
26 224
17 450
0 829
21 851
13 457
14 887
21 884
21 525
8 437
18 590
6 835
24 922
8 365
7 682
28 453
27 406
11 800
25 616
18 572
20 296
22 542
4 713
4 614
16 898
7 220
26 811
25 699
1 974
2 384
4 350
23 664
4 898
15 219
4 269
5 316
11 967
14 430
1 672
14 709
13 828
16 215
11 919
17 588
2 455
15 246
9 546
22 637
14 796
24 215
4 310
8 939
25 596
20 437
25 737
12 600
8 224
28 551
8 440
25 636
3 210
29 314
25 931
13 741
29 603
26 293
2 431
18 206
27 485
18 315
29 809
21 690
15 538
0 701
22 454
3 794
22 494
14 743
27 325
1 711
9 793
7 656
16 298
19 388
9 481
17 604
10 992
9 752
28 965
15 729
1 713
9 543
15 723
19 551
9 878
28 264
4 590
2 781
7 655
4 517
4 616
15 931
6 567
29 575
25 336
26 378
24 971
8 253
26 587
23 978
5 926
19 236
23 377
0 882
19 529
19 927
4 450
7 277
21 396
1 665
4 223
25 976
22 817
13 565
4 244
28 481
13 347
2 734
1 548
28 840
29 215
4 225
29 452
10 658
18 783
29 579
19 609
13 368
26 936
18 305
6 350
18 543
7 825
0 378
1 909
17 718
4 547
7 607
3 951
6 225
29 556
8 373
24 433
18 237
3 757
5 404
6 457
19 768
21 858
16 846
23 228
28 919
28 566
29 908
2 719
10 715
8 375
24 405
3 911
2 208
29 380
17 572
9 219
20 443
7 829
24 686
16 403
18 636
4 564
22 632
5 733
15 882
5 818
19 692
14 520
12 690
3 891
11 707
24 522
22 648
9 820
16 575
8 505
21 870
21 328
11 388
19 863
28 479
27 618
23 664
10 734
22 766
11 535
1 525
29 447
15 407
8 707
11 277
25 844
13 258
25 932
24 842
25 980
21 556
5 884
7 938
28 242
0 299
14 653
27 468
26 364
25 751
11 630
4 474
16 339
16 247
1 313
15 654
20 726
3 666
10 600
18 218
6 238
22 915
18 344
16 961
20 438
14 977
15 414
2 269
15 868
20 764
27 499
23 681
26 480
11 202
10 204
6 747
21 730
4 681
22 815
26 917
10 277
9 554
2 235
5 859
24 908
9 600
18 473
17 351
6 883
22 246
20 480
17 719
10 465
2 742
22 453
0 432
1 495
27 897
8 812
21 850
11 976
9 205
1 564
23 647
24 804
8 360
17 612
14 931
17 679
4 220
4 741
13 891
17 347
24 770
11 591
25 831
16 732
10 452
23 935
25 668
5 297
22 387
27 945
29 543
9 609
3 290
5 952
5 257
25 620
0 362
14 571
11 887
18 565
20 504
15 879
20 270
24 341
14 631
29 941
4 465
0 413
8 600
1 617
23 878
9 346
24 335
13 646
6 876
24 365
17 214
25 683
27 525
22 924
23 958
26 484
17 687
1 975
18 468
8 727
4 632
8 474
18 997
24 572
1 533
29 594
1 761
14 917
4 680
14 611
21 591
6 987
29 979
17 209
26 257
18 947
6 866
26 923
19 384
29 855
23 624
25 420
23 350
5 968
17 570
3 800
10 289
27 212
29 516
25 769
12 416
21 638
26 472
3 582
23 559
12 348
4 493
29 995
8 955
6 824
23 855
6 755
1 780
13 582
19 704
20 969
4 919
13 508
6 811
6 583
23 715
3 885
26 892
4 481
1 459
17 263
7 974
26 415
9 433
13 674
2 321
6 803
9 502
9 369
6 701
6 821
20 534
15 532
1 448
4 312
23 721
6 722
5 404
5 497
14 400
15 1000
2 656
4 936
1 841
25 743
12 340
0 978
5 646
4 495
4 883
13 313
23 506
26 258
10 400
8 461
2 902
15 248
14 1000
24 982
2 516
10 452
13 978
10 255
24 513
4 940
20 381
4 450
19 276
23 482
28 459
16 435
24 776
5 749
27 859
14 452
6 260
14 425
16 933
6 800
25 412
20 952
4 906
13 867
24 672
3 700
18 462
9 789
27 355
11 453
6 651
14 783
10 421
28 314
16 948
22 995
22 205
0 516
22 593
29 934
21 833
23 532
7 696
28 874
9 828
21 966
8 655
3 313
6 985
19 449
4 325
1 482
2 306
0 986
15 664
12 943
24 531
24 254
23 703
29 635
14 879
2 702
27 646
8 957
5 746
17 656
0 788
3 721
25 287
11 691
0 543
18 798
7 728
16 861
19 984
3 276
27 745
16 652
26 247
0 930
21 985
15 643
5 233
24 594
0 868
4 520
9 990
12 665
7 955
3 360
22 571
10 991
4 243
10 906
14 923
13 705
11 669
20 742
20 521
17 445
28 473
0 217
13 777
25 283
6 575
8 681
12 984
16 915
28 480
10 832
27 838
22 660
12 857
12 974
22 435
28 684
24 599
23 521
5 697
29 348
25 892
0 775
19 776
9 309
7 950
6 948
6 787
6 591
9 514
0 967
12 799
9 217
27 289
6 345
2 965
21 830
27 773
4 840
22 626
21 285
13 477
26 519
11 919
25 460
26 890
3 643
24 418
21 553
1 778
3 289
3 659
3 508
17 432
23 545
3 622
25 658
20 886
22 921
27 452
6 652
3 854
13 292
25 658
27 765
3 663
12 547
25 698
28 911
12 827
18 553
4 646
9 982
6 292
8 537
7 634
14 854
19 771
4 658
6 342
14 830
14 718
13 628
1 236
4 990
22 842
19 907
20 800
26 357
8 790
20 470
14 331
18 387
19 968
13 851
10 716
14 836
17 212
6 765
25 982
15 521
13 606
10 721
14 431
10 231
18 741
25 556
8 617
18 526
23 974
20 978
20 719
4 526
28 715
19 816
12 348
6 311
1 642
5 690
20 996
19 328
25 654
0 377
19 420
14 205
14 588
7 466
27 752
10 291
10 476
18 704
20 236
6 751
3 200
8 896
5 452
25 645
6 548
15 268
29 277
15 644
28 353
15 799
21 378
20 833
6 907
11 282
25 943
15 391
29 825
21 478
11 702
12 712
5 735
12 204
13 703
13 993
0 853
15 891
3 798
28 601
26 933
0 253
6 534
23 200
14 737
9 776
28 702
18 737
12 901
2 368
16 465
19 859
24 722
16 963
28 257
9 266
7 215
17 945
25 536
9 595
15 703
15 264
7 872
16 213
4 438
28 263
4 985
22 543
19 944
0 804
16 750
10 310
16 626
15 561
25 975
19 825
17 228
2 402
7 609
13 736
24 496
8 465
24 474
15 283
5 456
28 217
2 875
1 385
25 467
12 882
14 580
7 322
25 695
19 959
29 918
18 538
0 908
21 631
10 881
0 698
18 869
22 609
1 379
6 680
16 742
18 726
17 893
2 788
16 472
19 308
16 440
25 578
29 877
14 907
5 603
0 204
20 493
4 997
24 849
11 997
16 719
28 807
8 858
1 249
26 898
8 481
20 959
10 637
27 264
28 573
4 404
15 896
20 778
15 582
4 565
17 306
20 702
28 309
7 624
11 380
1 551
26 602
5 650
5 403
21 865
1 328
20 638
2 403
6 332
7 341
6 871
29 493
5 824
24 806
17 420
29 650
29 910
10 516
23 919
15 607
5 264
13 920
4 632
25 985
11 533
1 962
18 476
15 633
23 234
25 859
4 532
0 851
18 382
12 367
13 348
11 448
15 441
8 219
23 589
18 628
1 794
16 961
2 899
18 969
5 858
27 881
27 822
12 568
26 360
11 320
20 254
18 496
15 925
4 574
4 339
12 933
2 319
5 606
24 908
6 378
22 584
6 860
15 307
18 685
19 666
14 565
12 553
27 324
20 663
22 667
14 680
7 560
22 835
13 821
2 918
27 665
0 306
27 276
10 273
16 557
11 287
15 512
28 779
27 495
16 547
14 247
10 747
15 318
24 255
19 599
0 614
9 445
22 759
20 930
19 466
25 667
7 818
7 444
18 567
1 847
15 904
25 486
8 625
29 544
13 745
7 200
22 580
16 819
25 722
5 910
28 744
13 890
16 578
1 930
23 907
10 506
28 235
7 976
24 761
1 362
2 533
17 392
14 772
6 929
19 644
5 447
4 298
8 358
15 242
26 304
24 869
2 297
27 703
10 362
22 512
4 827
18 422
16 535
5 229
16 549
17 678
3 386
7 617
2 518
17 455
17 600
24 298
23 914
0 404
11 593
26 347
24 482
9 779
24 419
25 327
10 205
25 995
1 775
24 868
6 677
17 401
22 689
4 828
6 845
28 560
17 387
10 542
11 898
1 426
22 279
1 623
4 961
8 405
4 799
12 669
1 408
24 881
19 358
4 327
18 390
18 598
13 692
13 280
3 210
23 912
23 559
3 871
12 785
5 466
11 769
15 512
28 690
10 237
25 456
4 606
7 409
5 355
6 231
5 839
19 625
13 765
5 450
17 877
10 279
19 696
13 674
13 965
1 616
0 475
