2000
11 805
5 889
7 441
9 440
24 246
15 434
23 973
4 237
3 385
19 625
16 650
28 523
4 330
3 381
14 262
4 219
27 980
27 518
21 802
29 439
12 907
28 928
28 305
27 289
13 393
13 403
15 350
21 767
11 224
10 292
16 480
21 697
26 419
6 858
26 599
14 885
27 646
27 628
13 652
17 721
8 307
22 561
23 548
17 762
9 382
18 611
23 803
12 373
3 510
11 868
24 905
29 250
25 834
26 960
7 829
2 985
27 880
19 836
19 395
3 574
16 808
27 546
20 654
5 257
20 518
25 209
13 377
9 995
16 210
8 902
6 466
29 988
11 784
24 885
4 534
27 529
6 663
12 217
2 776
23 454
14 783
20 707
2 883
9 308
1 369
18 807
29 712
29 947
17 313
25 759
9 685
18 784
14 733
27 216
12 678
12 280
21 293
12 240
0 258
4 313
2 989
7 296
20 260
10 445
1 486
11 896
26 245
28 429
28 659
29 304
27 669
23 636
9 296
4 225
15 986
7 861
5 347
16 751
5 746
20 257
3 552
26 240
19 497
6 226
25 427
6 407
17 695
3 293
5 273
2 200
28 684
11 704
28 909
2 587
14 857
6 835
26 465
17 689
3 954
14 495
10 429
29 893
7 518
0 617
15 362
7 231
7 223
19 306
27 869
19 427
9 691
29 824
14 208
28 998
26 327
18 528
20 836
13 830
15 641
1 212
13 679
19 545
18 465
9 924
14 344
1 726
3 458
15 786
28 850
21 549
14 249
27 710
5 695
29 871
10 535
4 892
16 707
18 231
20 472
4 219
4 230
6 761
0 417
26 701
21 828
28 932
4 608
20 408
11 760
29 989
26 845
10 592
11 622
23 446
22 906
23 278
21 395
12 771
28 928
26 561
9 377
17 945
16 286
22 450
5 267
11 289
24 418
0 434
27 396
25 874
28 369
2 564
13 562
1 358
19 530
0 697
1 833
6 555
20 230
6 913
21 522
3 778
15 832
7 381
16 888
17 673
24 206
23 548
15 520
19 320
9 927
11 893
22 240
10 548
4 738
25 374
26 256
2 999
3 479
1 931
26 211
16 643
1 593
9 641
28 963
27 761
22 695
6 648
3 230
22 573
15 501
13 521
14 792
21 550
10 535
23 719
16 772
17 443
1 698
7 641
23 228
12 324
13 231
23 743
23 885
16 935
1 774
5 249
20 391
25 454
15 464
29 632
15 289
22 506
23 373
19 608
9 732
15 411
2 505
2 748
4 353
0 371
22 366
0 863
0 496
16 711
26 557
23 640
13 691
13 518
8 877
4 488
9 860
9 370
6 468
9 521
7 619
11 794
26 763
19 308
5 204
2 526
24 953
6 720
29 422
20 407
18 857
0 317
8 461
23 741
14 487
3 670
17 806
10 497
16 671
11 643
8 644
10 914
23 448
1 357
3 228
12 924
10 514
18 574
2 510
8 362
16 210
29 556
5 694
12 396
8 393
23 273
11 227
24 501
25 330
27 690
3 276
17 631
10 241
28 452
2 508
7 656
12 468
22 566
20 980
27 417
16 955
18 998
14 919
6 857
11 301
8 998
19 778
19 797
2 981
9 944
6 590
1 877
0 774
20 532
28 265
29 325
21 802
13 430
24 943
29 689
6 601
4 576
15 216
26 486
21 346
14 563
26 415
18 672
9 563
25 784
28 553
27 526
28 465
19 331
24 762
16 422
13 946
16 363
14 852
5 553
15 944
9 991
18 979
12 414
26 613
3 965
17 817
15 506
3 347
1 303
9 888
10 740
21 583
2 382
11 943
17 699
18 611
13 452
1 826
24 466
9 241
19 515
10 678
12 411
21 299
1 858
19 843
0 245
2 957
29 855
10 482
2 216
7 778
26 939
0 422
6 342
18 822
1 226
5 411
12 743
17 235
20 488
0 767
20 829
14 357
28 586
18 943
26 790
28 433
11 929
1 895
7 949
26 619
21 608
24 930
15 809
14 628
17 525
5 833
16 377
18 415
6 293
8 927
7 767
23 655
10 455
5 434
20 865
24 829
5 920
8 496
19 330
25 658
19 351
4 913
0 806
13 957
12 741
8 781
8 641
15 846
26 522
3 763
12 375
16 905
23 274
1 269
25 667
3 265
8 555
4 440
13 709
28 820
26 581
4 650
9 369
16 477
28 494
25 437
2 919
3 782
4 628
11 549
7 346
20 608
17 650
17 548
19 846
14 410
26 958
16 896
23 342
25 261
19 260
3 864
27 513
28 602
13 437
0 359
14 250
16 500
21 661
9 720
11 467
29 438
23 985
1 831
13 986
18 768
5 839
14 418
17 725
27 538
17 837
0 438
17 765
22 547
29 838
0 771
19 931
20 742
15 730
12 429
15 696
10 207
5 883
24 988
5 640
24 368
6 224
19 590
19 855
10 355
19 210
13 901
1 651
15 704
26 283
8 772
0 733
4 514
6 944
6 891
24 449
28 398
15 687
15 320
5 853
7 308
7 926
23 602
26 238
5 536
10 936
28 472
8 886
24 863
6 498
24 481
25 948
1 584
7 526
10 329
15 787
8 614
25 812
20 664
20 622
15 894
24 622
11 414
20 990
4 612
20 890
22 847
12 395
25 758
17 767
3 510
22 238
28 501
1 609
6 669
11 885
16 793
29 655
18 972
23 599
20 590
9 488
18 511
10 703
17 945
4 707
3 977
15 566
26 301
25 456
21 355
4 836
6 316
13 404
9 505
8 332
29 916
11 988
20 461
27 804
25 294
3 837
27 395
6 489
21 324
12 242
2 634
15 521
2 507
5 358
8 882
12 236
12 741
17 484
15 670
3 379
2 319
4 903
4 598
21 907
2 342
17 622
8 527
4 831
25 374
8 599
2 218
21 874
23 648
26 848
9 759
19 978
16 996
1 929
7 538
13 365
27 259
28 800
5 704
29 542
2 218
15 670
22 431
0 599
5 949
24 917
10 440
26 918
2 819
23 956
19 615
21 624
27 262
4 417
14 820
10 670
20 769
4 736
14 356
21 515
8 967
6 731
17 275
2 559
6 402
21 368
18 985
27 871
22 885
13 370
7 665
10 270
23 723
14 449
12 991
26 236
8 232
14 644
4 608
29 626
28 867
29 400
25 271
28 553
6 290
25 459
22 642
1 994
1 520
8 608
9 483
23 489
29 222
1 446
17 954
16 255
28 874
13 663
25 283
13 831
2 449
12 460
16 900
5 610
16 355
18 861
15 659
22 638
8 960
28 650
19 450
6 390
21 301
19 558
20 328
6 993
26 830
0 771
9 724
6 295
28 965
20 322
7 332
21 353
11 904
2 744
4 657
8 998
16 685
18 476
21 551
11 896
29 625
13 991
0 719
5 685
15 852
8 685
1 470
23 878
9 535
28 769
27 259
3 489
14 229
6 210
5 331
1 200
23 331
25 254
29 493
4 976
14 889
15 396
1 621
1 864
27 564
26 684
3 356
4 410
5 608
22 383
6 536
5 456
26 926
9 865
22 693
29 924
24 566
29 202
26 948
1 678
18 445
11 527
1 814
10 874
13 706
14 403
3 763
7 360
17 265
15 206
4 606
22 538
17 832
5 982
13 849
5 728
10 817
0 747
18 280
24 594
2 383
12 213
1 801
2 424
11 265
10 314
18 928
19 813
15 770
16 239
28 362
11 259
12 775
4 558
3 446
20 611
12 416
3 698
28 613
24 853
8 313
11 711
8 302
27 482
6 666
19 447
11 799
23 474
13 876
24 389
17 325
2 492
5 620
21 996
29 401
24 787
6 476
29 473
29 698
9 369
27 912
23 289
25 330
20 690
0 891
4 616
14 952
4 580
20 617
6 995
5 1000
20 918
15 869
26 658
21 366
28 510
7 934
21 294
6 634
9 924
4 592
22 367
16 525
2 247
3 282
24 577
7 511
5 500
12 395
10 213
29 589
19 246
5 602
4 856
11 987
27 818
28 261
12 401
11 652
28 580
18 702
26 469
2 244
19 872
10 566
7 674
8 883
15 231
16 522
15 563
0 232
10 366
1 259
0 500
1 327
0 431
24 968
4 824
2 534
14 868
15 667
10 860
6 674
17 272
7 689
19 781
9 878
9 600
0 994
14 850
11 986
8 457
13 884
6 259
4 623
22 912
23 542
3 353
13 204
16 956
10 821
26 209
22 804
17 876
9 640
17 307
21 675
1 201
9 200
2 772
1 628
13 466
18 754
18 265
27 607
4 543
17 723
27 893
5 371
27 288
3 787
26 885
16 560
0 410
17 819
20 945
4 785
5 583
20 475
15 286
14 717
15 811
19 584
28 675
28 412
13 857
13 1000
24 236
20 734
19 558
1 429
2 476
15 874
23 394
9 934
8 966
24 364
7 518
16 522
19 693
1 673
25 219
19 723
27 430
16 934
22 616
2 954
10 720
14 423
23 978
3 274
11 688
20 973
12 986
16 875
16 938
29 211
18 311
28 567
26 615
18 422
7 616
8 221
22 918
1 816
3 777
8 535
1 682
15 590
11 399
20 250
7 830
12 241
28 528
25 453
22 688
26 914
5 962
3 298
10 375
13 235
13 311
21 722
28 564
16 807
28 436
22 295
22 919
26 595
2 534
11 686
19 323
20 902
18 573
25 788
24 918
15 894
21 716
23 294
1 305
0 229
23 343
10 235
15 638
26 327
27 918
7 959
29 691
18 759
17 509
23 330
6 542
26 735
20 403
9 944
8 891
19 583
12 360
1 575
29 431
9 740
27 717
2 215
14 484
2 492
19 732
16 788
1 572
17 449
26 801
29 990
19 361
17 709
3 618
4 965
19 797
17 649
18 659
7 695
21 805
17 600
1 229
28 793
28 545
5 585
20 998
17 805
24 778
24 707
17 245
7 847
21 957
4 518
3 889
27 230
24 219
24 267
17 940
6 759
18 292
17 918
8 671
19 506
16 385
13 303
13 618
15 768
25 740
4 544
8 396
5 271
5 828
9 979
17 392
11 651
14 575
21 221
14 969
18 795
21 850
5 417
14 238
2 543
1 510
3 900
2 880
3 532
8 264
4 438
8 652
28 455
7 524
16 889
21 491
20 258
13 819
17 719
24 574
4 400
15 312
11 501
27 277
21 765
11 677
19 258
27 426
24 560
6 833
9 908
19 945
19 693
23 451
13 217
5 716
11 888
2 701
15 715
0 940
18 846
28 361
27 647
19 828
19 947
21 919
4 651
9 521
6 292
29 212
15 305
5 218
29 625
26 987
12 417
9 450
21 957
29 490
1 534
2 436
11 889
11 384
15 588
11 218
20 893
18 679
15 396
12 499
21 830
12 434
0 942
14 933
9 322
4 787
25 885
23 239
16 812
18 745
16 595
25 262
7 214
12 361
14 245
27 322
17 571
8 649
29 681
29 670
1 402
26 534
13 323
17 246
6 502
27 565
23 308
5 973
7 230
27 712
24 308
19 784
23 561
8 779
12 203
7 249
3 979
23 388
1 587
14 641
2 598
24 732
15 649
17 719
7 975
4 207
27 282
23 767
9 631
21 566
16 591
1 476
9 300
5 489
2 897
14 487
8 685
4 591
17 855
17 548
18 497
2 202
26 889
19 312
18 651
17 249
8 455
11 310
25 623
3 236
7 738
23 855
25 707
21 811
23 525
27 860
9 256
9 776
24 223
22 249
15 671
3 496
1 259
12 520
14 975
28 244
8 252
16 297
24 582
25 675
3 364
25 685
15 365
12 281
14 429
24 302
21 914
8 821
17 805
10 615
6 548
0 846
23 656
27 754
28 568
27 754
13 997
11 480
23 311
10 345
14 891
11 635
7 777
4 428
9 714
11 485
4 744
12 604
26 548
4 999
25 593
22 266
28 647
22 415
4 950
4 220
15 802
18 382
11 250
0 327
18 920
10 385
7 751
3 653
7 522
8 263
15 914
16 702
28 744
24 643
4 307
20 505
22 492
18 852
18 785
4 336
0 587
12 718
19 248
10 604
1 947
22 248
24 922
15 933
29 358
13 827
20 379
18 238
21 286
11 749
15 201
7 902
29 852
7 967
23 830
22 866
3 870
20 506
24 206
24 987
27 874
27 261
4 434
13 685
5 319
9 310
27 732
23 688
27 365
13 511
3 869
2 852
8 542
8 930
13 459
9 966
10 921
23 447
5 690
11 298
22 210
0 546
28 765
26 986
2 458
16 861
20 774
15 770
5 603
21 563
7 952
16 469
15 679
2 780
23 368
20 371
12 558
4 866
26 653
10 882
14 578
3 221
26 787
15 511
8 736
25 982
6 706
3 391
2 468
14 807
15 735
18 219
8 475
29 911
11 577
10 611
4 598
9 579
7 599
16 396
14 675
25 633
25 499
15 537
25 254
27 532
26 448
14 249
11 658
8 665
21 461
19 913
29 417
6 909
15 709
26 309
24 234
1 811
25 850
28 201
2 558
26 395
5 937
3 512
23 574
6 695
3 835
3 919
6 917
10 299
23 727
18 588
21 651
25 895
1 918
21 841
22 567
5 577
15 493
1 933
0 309
14 492
11 323
8 373
11 282
27 727
8 250
6 343
20 955
16 748
5 534
5 346
15 270
1 685
22 615
26 996
12 800
28 405
3 669
2 397
26 515
22 637
22 750
9 839
9 855
22 577
13 334
8 836
14 282
25 853
25 364
24 413
12 259
17 914
15 522
21 670
25 312
14 988
26 801
20 550
24 657
27 927
19 588
23 554
19 471
0 239
23 522
11 885
27 403
10 847
16 594
4 687
29 253
17 360
0 467
22 352
3 921
16 803
15 541
27 539
20 726
8 348
21 796
17 711
22 945
10 271
10 777
20 580
16 956
13 712
18 358
14 625
1 297
4 418
4 827
26 533
9 408
26 338
8 375
15 845
14 589
27 225
14 233
3 634
21 294
25 333
29 793
1 657
18 490
1 884
18 479
26 689
17 762
7 845
14 778
25 564
15 680
15 767
23 786
2 686
26 271
18 684
2 871
1 657
5 715
9 613
3 826
3 801
25 418
12 957
27 622
26 747
29 450
17 563
24 392
23 557
9 250
29 224
14 993
21 318
16 658
18 870
28 732
15 309
2 393
8 820
11 869
29 568
24 354
0 601
5 568
1 217
16 533
28 761
9 742
12 454
5 242
29 600
9 968
3 669
25 545
12 485
18 616
5 493
21 866
12 494
16 778
11 834
1 660
7 253
12 357
20 748
17 572
11 222
11 600
27 595
24 322
16 908
10 983
21 264
6 755
24 412
0 378
17 923
7 448
1 676
14 569
13 453
2 902
29 883
3 905
17 722
3 649
15 633
2 637
23 458
17 520
10 674
4 915
7 352
13 562
9 575
17 575
16 512
17 936
15 896
13 673
15 923
19 560
20 907
5 395
28 467
2 572
13 515
16 494
29 469
13 658
10 937
17 982
18 449
0 564
14 783
21 522
8 750
22 339
5 741
24 955
7 502
15 260
14 771
27 441
26 553
14 420
26 909
24 575
24 586
18 976
23 933
19 411
5 612
10 966
21 529
2 513
7 232
14 386
10 320
7 864
27 760
19 980
28 995
27 564
23 886
23 506
12 1000
16 397
27 639
25 956
18 604
1 536
12 465
3 776
28 227
13 835
5 204
3 540
9 300
28 529
18 459
11 912
11 488
0 231
26 567
27 691
18 849
19 647
27 1000
18 970
22 764
24 623
16 726
22 203
5 449
27 400
25 667
7 515
27 861
9 639
6 798
23 639
25 261
11 678
15 227
1 387
15 646
11 384
23 742
14 961
26 831
26 607
22 905
23 979
23 558
23 586
12 816
23 251
18 762
2 765
2 893
16 553
24 797
0 415
16 447
8 708
16 571
28 615
0 650
25 451
6 453
1 533
8 360
2 262
16 334
2 693
29 533
3 636
8 741
13 703
18 535
26 796
7 395
0 319
19 743
28 641
24 273
18 978
20 954
18 606
28 961
14 792
12 957
7 786
25 931
25 762
14 541
24 519
21 442
9 636
4 399
23 705
22 678
14 548
9 364
1 332
8 906
9 782
26 352
4 855
2 877
0 631
5 958
5 836
28 540
12 822
21 773
4 985
22 803
22 394
15 456
23 623
13 232
5 260
21 553
7 677
27 211
8 369
22 850
19 423
18 858
16 928
0 887
18 922
3 469
18 896
4 921
1 536
19 609
28 932
9 854
13 970
5 516
4 241
12 640
8 711
18 949
19 374
3 569
6 739
29 295
18 213
12 462
0 727
21 313
20 345
8 713
4 726
20 827
4 990
0 602
1 663
17 377
5 986
9 557
2 680
25 315
29 916
24 633
9 561
25 439
21 356
28 314
13 715
3 721
15 298
4 557
26 652
28 657
12 563
5 261
20 386
22 742
8 302
2 965
5 341
21 764
15 969
6 901
25 303
13 945
11 497
3 722
14 434
7 909
19 284
23 359
2 392
25 913
18 361
7 235
26 342
22 271
20 797
13 326
7 926
5 414
3 241
6 933
2 675
16 954
14 537
13 709
23 706
27 934
24 705
20 480
14 673
24 252
22 927
20 470
25 775
6 943
26 793
9 824
5 303
7 630
18 274
19 683
4 852
17 403
16 330
4 209
11 675
10 846
4 732
27 662
28 254
24 897
26 577
2 462
11 937
3 967
24 903
28 962
18 868
5 225
2 765
2 418
20 874
5 539
2 904
19 376
3 234
4 303
17 312
25 308
19 795
8 654
16 847
0 596
5 224
19 267
27 600
25 886
22 419
0 345
15 305
27 566
24 457
27 826
25 465
17 917
14 933
8 693
13 812
3 698
28 223
14 654
29 636
11 928
15 649
20 875
24 788
29 479
8 645
14 916
13 767
13 422
5 387
20 857
24 728
23 730
8 484
2 365
27 351
25 580
20 540
19 694
27 792
26 354
29 721
20 300
21 544
3 261
29 304
10 793
24 959
18 281
6 825
7 588
19 718
23 383
9 814
21 498
9 868
18 578
13 353
24 783
19 912
0 205
