2000
24 368
7 255
18 265
26 969
16 919
22 310
13 429
7 940
3 516
3 827
28 911
9 246
20 252
3 865
2 370
6 669
17 973
25 586
13 537
5 664
13 566
23 324
10 478
5 444
6 789
28 878
3 307
11 893
28 588
6 742
26 206
10 259
22 924
27 326
29 625
5 387
25 718
24 491
1 581
29 751
29 450
6 606
19 508
2 439
16 402
17 330
16 627
27 808
22 406
15 261
1 633
10 606
14 828
18 417
28 261
12 679
15 654
24 278
26 988
0 657
12 326
6 388
11 380
8 200
22 699
20 465
17 966
15 345
28 717
27 409
17 769
2 236
13 355
17 674
7 584
22 673
2 976
12 483
15 614
2 505
6 519
27 596
17 344
17 841
19 579
17 529
7 1000
6 340
17 251
3 968
14 538
2 857
28 530
17 480
26 546
24 657
28 358
7 447
14 765
11 620
10 948
22 514
19 772
22 352
22 769
15 819
5 794
14 962
6 261
22 318
27 802
9 798
0 833
5 954
18 381
25 840
6 434
24 920
26 788
27 702
3 444
8 723
8 824
1 808
15 794
19 754
9 668
1 858
13 955
13 425
15 328
24 507
3 783
17 780
1 362
14 594
20 450
18 321
3 334
29 441
5 785
23 539
27 694
18 944
25 308
29 286
4 913
24 728
27 923
3 552
4 798
14 234
19 985
21 673
10 803
15 583
16 801
0 843
14 428
16 688
2 792
0 769
24 559
28 299
0 820
14 603
22 827
19 329
16 419
9 550
4 771
21 508
0 521
1 704
27 974
11 617
24 755
16 630
19 868
4 746
8 390
22 212
24 805
8 377
24 583
2 926
17 271
22 230
24 524
6 700
10 577
20 953
27 645
21 523
20 735
25 994
17 528
14 890
18 393
16 432
27 750
20 997
26 766
15 587
5 995
0 484
24 383
23 301
9 244
26 755
21 723
29 403
17 743
12 899
28 881
27 524
23 921
16 964
4 916
24 686
29 406
5 930
3 467
17 886
8 895
6 433
16 804
10 296
2 500
28 715
29 815
20 875
25 814
25 483
20 906
29 512
24 920
22 447
1 901
11 244
9 285
23 224
17 284
10 921
18 692
9 458
27 250
22 344
9 525
20 494
27 358
23 384
15 975
4 791
22 414
20 246
14 480
1 425
18 314
27 455
7 536
7 547
22 754
16 832
21 473
17 563
25 325
27 248
2 841
27 712
4 676
10 375
2 673
6 990
17 494
21 345
19 967
17 976
28 309
27 520
9 948
9 617
12 923
10 516
12 837
16 239
21 362
0 757
18 374
22 352
22 549
9 651
13 776
9 962
8 452
10 900
9 641
14 907
29 397
1 497
20 434
16 580
26 718
10 798
13 210
25 411
20 813
4 853
10 252
11 259
6 569
5 519
21 344
14 557
2 650
1 847
23 631
26 295
21 702
1 521
17 277
24 728
24 745
17 263
21 980
12 412
0 409
29 945
10 512
10 889
28 692
19 850
25 550
7 981
22 276
28 950
10 565
15 511
28 664
28 482
5 851
21 299
7 819
9 279
5 445
18 926
20 366
11 783
21 240
13 597
24 794
23 718
18 818
29 266
6 720
5 981
17 583
10 578
24 784
22 367
18 201
15 300
1 315
12 257
10 756
28 213
10 633
13 888
11 560
7 425
15 848
1 570
19 998
16 851
6 655
16 737
0 919
0 362
29 872
9 839
19 256
8 865
13 548
15 841
9 893
4 941
12 644
26 236
4 245
25 461
1 766
23 818
7 377
14 824
14 434
14 404
6 287
29 813
6 836
15 267
2 204
29 851
6 905
10 880
13 413
14 806
0 942
11 894
27 524
24 593
28 429
0 599
27 452
18 611
22 230
27 378
13 845
13 776
21 412
5 556
19 627
5 761
13 882
20 316
22 902
8 952
4 349
3 567
23 491
2 428
5 841
13 732
0 403
9 880
19 993
24 421
8 523
11 249
5 641
22 564
2 702
8 266
10 469
14 432
6 772
21 268
13 606
22 955
6 325
0 822
25 986
29 556
10 538
6 217
26 358
4 841
8 851
25 903
5 454
3 940
3 965
16 523
19 820
6 556
3 607
27 756
12 741
9 250
26 960
28 897
14 699
11 989
6 657
22 446
19 484
14 265
11 825
12 454
16 732
1 502
7 832
0 272
21 271
4 363
12 411
27 893
6 428
0 615
1 290
27 938
11 786
0 756
3 833
12 433
1 613
21 621
17 351
17 508
1 509
0 937
8 258
27 804
28 231
5 749
20 867
23 667
10 516
10 926
13 794
10 245
23 305
25 540
20 770
8 356
9 399
29 946
6 757
27 440
23 279
3 522
4 751
22 748
27 356
17 648
2 912
3 430
1 310
17 851
12 724
25 801
28 431
0 387
17 287
18 751
13 636
25 515
28 848
14 210
0 893
11 328
20 309
23 654
4 532
27 229
8 452
10 918
6 285
27 457
16 680
28 565
22 663
4 880
27 479
0 364
6 942
8 933
15 245
16 387
19 678
1 338
5 250
4 400
0 663
10 570
15 791
26 451
6 300
12 911
25 876
6 632
8 433
3 325
13 231
6 227
18 619
22 265
3 552
29 664
1 647
18 664
5 769
21 383
11 583
15 312
27 970
22 338
14 904
26 216
27 246
7 821
24 774
15 740
0 855
12 256
28 697
12 835
7 694
25 798
14 253
19 274
26 284
2 759
1 490
22 843
14 287
9 489
5 402
2 486
9 432
24 374
13 396
25 340
20 571
13 772
12 548
23 548
21 910
13 533
0 509
4 261
22 329
29 640
0 980
2 404
17 493
27 767
17 519
14 619
25 924
15 423
9 852
24 975
6 323
0 708
6 469
2 552
5 796
22 860
12 352
14 274
0 831
6 750
29 222
9 973
9 213
23 209
26 960
27 543
18 797
6 767
7 531
10 881
3 493
24 399
0 306
25 418
17 375
20 507
6 899
25 482
12 721
16 587
4 794
14 561
4 998
29 498
6 312
27 462
10 706
12 773
0 490
17 269
21 409
22 789
18 419
25 697
5 941
23 862
0 446
2 634
26 330
0 809
26 806
25 746
10 383
11 287
2 474
21 737
6 741
8 603
19 284
0 671
21 422
16 865
24 693
2 453
23 213
17 500
25 519
23 202
13 524
27 559
12 993
23 901
14 670
15 696
21 897
27 904
14 458
8 441
7 806
20 252
25 254
19 295
22 734
13 200
24 577
12 769
2 806
23 933
13 482
9 501
25 961
24 677
15 357
24 942
7 833
18 825
1 862
2 920
18 855
20 434
2 213
0 637
11 547
0 479
28 342
23 985
4 987
9 872
20 228
25 351
23 856
8 713
26 853
10 745
22 571
23 602
12 751
15 873
29 683
29 649
13 874
14 811
21 564
15 289
19 871
18 439
1 782
12 798
6 975
29 622
1 801
16 889
23 276
10 922
16 513
9 800
28 911
16 617
25 865
0 955
3 728
29 200
20 828
6 690
10 776
24 507
3 201
7 447
16 536
25 763
1 351
8 923
7 312
6 270
16 827
6 632
23 737
7 326
28 272
20 957
19 976
25 709
26 242
29 770
26 491
17 421
13 329
3 238
3 952
6 516
14 353
12 389
7 536
3 894
29 909
11 971
12 730
28 863
23 908
28 898
11 788
4 977
12 589
16 675
21 831
14 440
11 641
21 513
2 531
1 611
19 967
5 975
26 785
9 844
15 862
13 913
1 668
20 310
24 567
9 423
16 961
6 490
0 760
14 226
17 407
2 939
13 431
9 930
1 398
21 556
16 997
10 517
24 731
14 883
2 809
24 873
13 206
15 595
3 832
23 711
11 560
0 383
16 507
18 332
22 976
1 954
7 237
1 1000
12 703
9 862
26 435
25 603
23 875
12 920
21 747
25 395
2 254
9 551
5 661
4 634
17 589
5 864
1 685
7 283
18 682
5 609
8 607
2 367
7 863
18 237
8 943
13 676
16 819
8 805
8 902
15 690
29 924
6 420
18 807
26 682
23 984
5 551
29 347
14 495
3 621
12 448
26 965
11 876
16 490
12 869
15 894
20 260
0 877
26 448
12 741
1 914
7 940
25 860
21 353
2 629
13 304
17 626
2 560
3 879
29 734
4 694
4 445
0 748
8 988
8 452
12 858
28 685
10 275
28 220
28 697
18 514
29 698
22 776
23 209
20 841
7 696
15 938
15 426
15 955
25 891
0 902
8 421
9 460
5 478
13 550
6 324
1 341
14 936
5 476
20 225
25 852
29 889
15 382
2 250
7 550
21 343
17 802
1 586
6 765
16 707
18 839
21 382
14 971
12 301
28 231
4 606
21 613
11 688
15 340
28 972
10 213
23 562
9 259
15 287
9 396
23 272
3 628
18 963
5 410
4 565
18 706
25 466
10 481
27 679
19 991
28 681
17 303
18 594
2 437
19 618
13 511
12 519
10 834
13 635
19 576
20 535
8 605
11 357
7 723
0 762
11 399
29 760
8 353
23 643
4 902
22 645
18 899
9 742
16 368
5 668
17 457
20 618
17 427
9 392
29 616
28 576
20 510
17 927
14 643
10 621
9 852
27 464
11 350
16 619
1 871
28 387
28 910
18 448
28 385
13 265
0 787
15 579
6 526
25 457
22 680
26 802
13 579
25 925
4 805
6 409
2 792
20 469
13 767
29 475
27 911
1 363
1 763
1 242
4 959
3 603
13 650
11 667
16 223
20 665
17 631
20 271
19 779
16 560
5 404
15 466
28 850
6 815
11 929
4 256
23 877
7 872
19 636
15 418
0 575
18 931
8 924
26 665
24 862
1 698
25 359
3 533
14 941
10 204
17 688
28 981
2 244
28 212
0 315
27 255
29 381
23 807
1 792
22 586
19 695
18 266
24 880
10 812
4 667
7 755
27 419
17 886
19 412
3 985
19 201
13 996
22 977
1 758
2 336
27 230
22 372
21 690
17 662
5 999
1 783
4 686
22 972
14 331
14 521
6 491
22 535
4 307
0 210
20 606
10 885
26 388
10 700
17 204
3 643
8 295
5 301
16 470
4 483
11 837
24 362
24 222
16 505
13 972
6 514
10 816
8 743
24 362
5 520
0 251
22 531
3 447
5 684
18 296
2 619
18 875
22 969
7 238
29 883
27 797
23 923
1 819
23 474
3 755
5 676
9 448
8 833
26 548
14 620
2 303
20 207
10 327
18 289
13 285
18 549
27 956
18 400
25 931
9 597
8 860
29 963
26 998
17 741
7 890
16 382
25 623
7 734
7 585
19 940
10 647
2 256
28 572
9 462
9 842
23 978
0 511
12 798
1 389
9 235
9 979
29 683
18 552
27 355
27 834
6 937
8 599
18 430
20 742
16 943
0 806
20 281
20 760
7 895
20 614
27 490
15 284
22 613
24 502
21 874
26 831
2 308
22 970
16 619
14 471
29 759
0 228
1 768
7 930
4 929
14 582
1 353
6 577
4 813
5 723
5 461
13 766
6 964
22 254
15 791
17 673
15 853
27 397
6 720
20 233
17 726
10 662
28 636
15 951
29 795
18 874
25 752
6 445
25 561
12 767
20 550
17 269
18 470
7 734
20 501
13 679
18 473
4 636
18 872
27 445
15 620
17 417
16 735
23 479
24 864
15 507
0 581
27 717
29 386
0 698
8 828
1 327
24 817
22 447
1 703
13 353
27 970
7 962
5 880
19 427
8 898
22 802
12 509
28 324
8 598
28 389
4 287
16 587
26 907
0 888
29 848
0 552
15 472
22 353
14 408
16 621
10 802
24 657
23 967
10 257
15 504
15 645
8 314
3 585
11 916
24 385
6 703
16 873
5 346
12 419
22 302
8 248
13 862
12 875
20 506
9 392
19 617
26 369
28 909
8 873
5 440
26 807
2 577
13 869
23 440
8 586
11 792
6 932
2 860
28 754
11 303
0 803
0 220
6 369
11 270
9 438
26 931
14 401
10 709
19 227
23 889
14 553
15 963
5 460
17 252
3 776
21 633
9 844
5 653
28 645
8 905
2 999
3 392
10 668
16 879
14 865
29 357
25 628
17 221
29 952
10 728
15 398
17 316
4 709
22 748
26 970
11 396
13 959
12 965
12 305
10 787
15 696
7 606
18 276
6 755
24 645
5 412
23 753
28 834
13 434
26 410
17 722
0 885
3 674
19 965
23 209
14 575
11 940
23 537
1 790
20 909
27 883
27 377
1 817
13 361
29 731
10 821
1 647
9 980
21 410
10 411
24 413
20 939
4 913
9 699
6 876
8 685
19 722
25 869
11 557
3 879
16 370
27 761
3 502
15 205
29 895
10 631
4 849
3 435
13 959
24 443
17 996
7 376
5 659
0 498
5 256
10 400
22 716
24 864
14 799
7 430
4 486
26 556
16 331
18 365
4 436
19 252
19 626
17 760
15 536
6 847
5 620
27 950
21 675
29 852
20 376
5 732
24 572
22 848
4 912
15 613
4 342
23 631
20 641
9 895
2 631
7 948
5 928
10 226
29 759
4 493
0 331
14 446
11 703
10 906
17 536
1 725
26 621
1 755
15 933
17 841
25 275
8 639
11 918
19 249
3 476
23 547
20 601
1 647
8 210
21 346
3 388
23 863
9 557
8 435
6 942
22 469
7 626
2 387
12 805
13 327
29 354
21 596
21 883
1 485
2 929
17 978
2 577
26 908
12 468
24 758
13 726
23 412
3 627
2 937
15 979
1 372
28 269
25 743
28 697
4 621
26 527
10 211
5 381
24 331
9 271
1 629
21 807
10 344
18 257
23 406
24 835
20 581
23 663
2 755
15 899
27 330
25 831
21 320
24 280
7 659
20 690
5 375
8 876
23 614
7 663
3 306
14 838
15 539
1 261
26 549
11 900
15 809
7 797
2 791
21 851
22 769
8 854
20 928
22 475
6 663
21 230
0 921
23 339
16 443
14 542
23 623
26 884
6 907
12 796
17 800
22 422
12 231
14 718
7 579
6 357
20 279
14 442
9 826
4 550
21 260
10 209
24 795
4 364
17 463
0 702
4 887
16 333
5 784
2 551
2 975
24 293
13 958
21 312
27 601
9 578
9 329
4 465
28 250
4 508
26 303
20 767
16 357
2 314
11 494
26 698
23 934
2 870
23 311
8 612
21 606
18 888
21 455
7 282
19 700
11 847
19 810
26 884
27 425
6 524
14 474
17 372
7 662
4 964
5 491
26 219
14 639
20 932
6 217
13 209
25 462
27 308
16 523
4 697
2 278
26 986
25 477
14 646
12 237
19 842
21 945
5 468
16 465
27 987
2 662
29 406
5 622
9 406
29 696
4 961
17 883
13 619
28 423
3 907
7 901
6 608
18 895
20 346
11 297
27 788
2 208
2 705
8 822
4 796
1 732
13 458
25 948
26 265
1 729
8 447
29 733
6 774
1 966
7 206
16 427
27 724
2 652
21 828
10 200
1 687
29 677
25 819
19 931
23 995
2 298
13 462
13 566
15 361
9 935
29 949
4 446
9 250
20 921
9 336
1 964
23 882
25 955
20 835
28 759
27 565
16 890
19 657
28 264
12 383
10 730
24 829
26 971
22 866
7 538
12 739
22 955
4 992
8 200
19 283
12 330
13 839
7 528
1 823
4 459
3 844
16 452
29 580
17 473
29 405
21 874
17 262
21 492
4 567
11 917
13 621
5 523
8 624
6 971
1 979
3 398
13 509
3 548
6 272
24 500
4 506
29 906
9 545
22 705
17 811
22 711
15 631
3 736
19 938
21 293
11 487
1 738
6 891
7 266
11 682
17 309
9 390
8 538
8 896
17 440
21 793
21 744
26 706
14 359
24 371
26 222
3 257
9 395
4 924
26 640
22 381
19 799
0 412
2 810
4 221
15 897
14 527
0 425
10 988
19 839
29 345
19 336
20 455
12 668
10 455
29 645
11 811
23 901
1 529
5 328
14 279
3 550
6 602
29 955
4 392
17 383
24 466
14 868
21 674
23 306
21 569
7 208
13 371
19 857
20 297
21 948
4 656
23 652
22 653
8 469
8 465
26 282
25 847
23 440
24 936
4 680
3 326
17 254
5 649
1 896
12 436
2 260
26 213
9 742
27 665
14 981
9 468
2 755
19 244
17 656
10 370
16 938
19 602
1 507
17 988
4 896
12 771
24 727
5 987
29 382
1 925
2 852
15 946
7 678
12 602
9 392
9 643
29 963
23 347
22 273
29 832
3 465
20 361
16 446
15 382
18 406
10 662
14 510
4 996
27 630
11 699
13 775
2 345
27 468
24 860
20 292
2 520
20 679
17 801
17 264
27 591
29 387
4 761
17 284
6 869
20 341
15 740
26 812
6 610
17 831
20 210
19 388
19 537
15 986
4 838
11 860
1 864
20 348
25 250
29 517
19 903
28 880
2 969
11 456
4 705
6 509
12 525
6 972
11 394
25 825
0 374
19 748
25 764
23 751
14 698
5 409
5 533
27 614
11 625
24 323
5 950
22 597
16 614
3 644
6 672
5 290
26 863
24 275
6 250
23 216
26 988
9 668
4 451
8 992
13 308
26 493
16 536
12 881
3 637
27 913
29 915
5 365
19 306
3 731
16 491
24 404
14 814
20 200
3 206
5 804
27 444
7 357
7 660
1 857
15 896
19 412
4 329
13 711
16 563
15 897
15 373
24 950
11 803
16 377
19 677
20 662
28 595
1 956
8 443
11 901
4 467
13 756
2 466
0 474
18 343
23 872
7 932
7 979
17 885
28 506
24 234
24 614
26 459
1 751
6 871
18 374
18 817
3 298
20 413
20 901
11 706
11 436
4 441
25 661
27 439
24 731
17 799
18 257
4 983
12 650
17 791
23 551
16 336
29 939
20 643
12 313
16 256
25 675
8 784
16 736
17 910
1 431
1 200
28 792
14 963
2 934
14 845
26 781
7 752
3 205
19 249
15 421
5 939
27 757
21 536
2 236
1 734
22 366
26 362
3 888
17 558
24 346
