2000
0 525
1 819
29 332
10 483
22 626
0 700
23 538
20 365
28 999
27 932
7 309
4 669
11 770
4 493
5 792
19 256
18 354
20 843
5 461
27 535
20 938
17 910
6 875
9 535
25 990
12 418
15 866
1 274
0 606
27 601
18 773
19 666
25 254
27 815
4 720
22 674
29 764
9 652
11 491
4 794
5 836
23 535
6 514
0 604
5 532
29 978
3 280
29 441
13 767
7 620
21 639
16 802
27 557
25 663
0 643
22 717
11 517
14 365
25 352
14 842
16 204
10 340
18 938
6 979
20 208
0 797
0 728
18 814
4 412
19 460
2 945
18 727
3 722
15 678
16 524
2 250
11 550
4 729
25 915
3 776
25 903
25 253
6 304
25 707
11 928
28 281
27 261
15 599
2 645
9 449
12 281
12 315
20 552
19 425
6 439
18 709
25 561
19 241
5 995
2 352
2 576
0 220
4 439
10 392
6 837
13 476
17 214
16 488
4 501
0 214
7 993
22 565
25 743
21 702
13 609
29 522
28 227
24 898
2 904
4 813
7 326
24 619
23 739
21 833
8 766
4 212
3 739
16 959
22 672
25 767
24 805
3 452
6 223
23 727
23 639
1 683
3 627
10 537
11 576
21 843
6 886
17 399
21 456
22 728
21 989
23 859
10 690
20 896
14 785
23 925
12 601
11 574
18 727
23 299
5 246
25 736
25 550
6 559
21 752
21 783
12 656
17 956
10 555
26 893
18 510
4 254
2 849
5 682
18 526
5 436
23 404
10 894
9 979
6 955
0 754
11 203
13 202
22 962
11 805
0 534
29 802
11 522
4 368
2 707
5 743
29 843
5 910
20 360
8 328
21 238
11 769
7 655
10 208
11 937
12 511
16 941
19 387
12 221
28 475
16 234
2 622
26 361
25 759
14 748
12 593
3 335
22 552
2 515
16 574
2 664
4 732
25 393
24 993
20 956
14 387
14 518
28 779
18 607
6 799
15 490
29 349
2 293
28 875
22 902
6 982
0 313
8 416
29 335
12 543
27 563
26 685
7 626
15 598
21 218
26 913
4 454
11 223
7 293
10 312
17 273
13 927
24 791
27 689
5 961
15 475
1 367
21 943
19 660
23 241
20 378
3 563
21 424
3 564
14 813
20 322
0 330
15 458
23 301
20 753
23 938
13 312
11 614
3 219
22 579
16 476
5 655
26 731
17 958
0 253
19 288
20 285
2 472
16 730
10 268
26 479
13 324
6 591
18 604
26 428
27 773
16 753
10 514
15 666
19 420
1 392
24 947
11 444
5 506
25 320
29 216
2 873
28 320
0 824
17 287
18 757
7 639
28 745
13 693
25 894
28 940
6 801
29 375
3 267
16 599
21 407
1 918
5 783
4 920
28 978
26 456
17 575
9 939
19 764
9 973
20 827
13 301
8 941
24 485
1 282
21 987
4 307
5 276
20 702
3 213
7 419
24 709
24 482
22 289
28 294
20 893
6 445
13 218
19 848
11 876
23 994
17 451
4 434
6 718
15 805
6 726
11 841
14 644
1 669
29 458
18 590
3 833
28 959
3 602
26 701
15 792
13 749
18 763
21 277
10 469
21 777
9 369
13 581
1 495
26 523
23 402
23 932
22 622
4 994
12 942
23 683
1 930
23 411
15 629
21 798
27 735
27 653
16 618
28 270
8 630
20 426
18 610
24 416
6 283
13 872
27 489
27 607
16 780
4 933
29 986
17 788
23 763
22 751
28 939
25 383
6 693
3 296
9 997
13 402
1 921
2 561
27 514
22 258
2 251
8 281
24 293
20 788
6 841
5 572
8 391
8 431
8 959
29 387
11 226
7 969
7 854
19 938
10 292
13 229
3 475
8 839
21 564
29 802
12 419
25 647
26 225
10 805
2 472
5 739
6 756
13 881
28 942
26 956
15 410
19 406
13 439
26 504
23 466
15 730
24 454
18 302
5 724
27 769
25 797
29 966
19 965
29 395
21 541
2 495
13 248
18 508
4 222
18 223
26 810
11 775
11 223
19 483
16 509
28 949
11 794
11 502
1 556
21 997
4 231
14 348
3 317
7 494
6 849
20 763
19 350
5 292
20 976
20 371
13 421
3 864
1 379
23 274
27 757
7 331
4 718
6 291
12 452
1 884
25 963
15 456
3 325
20 804
5 866
20 839
11 667
14 940
1 654
15 719
11 895
14 902
18 516
4 740
23 987
21 868
11 985
1 584
21 946
7 298
10 850
1 209
2 454
6 240
27 669
8 618
26 790
14 819
8 311
3 481
22 980
17 246
29 412
1 642
17 584
15 396
14 351
1 251
0 361
23 770
28 678
21 324
17 258
27 296
16 287
7 531
24 835
20 424
11 202
8 369
4 481
20 857
25 798
7 418
25 226
20 998
21 322
5 591
6 255
24 282
12 900
5 730
9 518
21 892
0 325
14 901
23 766
14 601
13 598
26 939
19 567
11 849
19 953
28 430
29 456
20 733
5 410
24 795
12 413
29 964
12 761
11 232
8 951
3 433
10 977
18 768
2 370
15 781
22 265
15 272
0 559
17 630
21 959
29 820
5 221
17 639
27 785
3 344
19 446
2 760
15 508
19 218
11 955
12 360
1 224
8 412
18 616
9 219
10 481
16 828
0 816
7 580
12 655
23 363
25 624
7 676
14 816
12 249
17 980
14 502
1 664
14 927
22 470
3 606
5 329
4 696
17 785
4 858
19 318
8 620
10 375
20 590
21 968
7 895
16 638
7 509
17 347
23 976
29 421
18 452
18 237
21 601
29 724
14 406
11 782
11 619
12 328
0 944
14 972
11 979
7 265
2 546
14 721
21 767
8 302
16 850
2 260
10 750
0 728
5 366
7 326
14 540
19 275
18 953
17 239
2 940
18 494
5 450
13 842
24 744
18 854
14 620
9 401
12 513
25 647
7 494
28 609
9 559
6 395
11 601
7 675
17 812
5 317
20 265
17 877
2 765
10 203
27 884
14 587
20 898
1 533
9 776
16 819
23 431
0 629
15 759
5 495
28 207
29 292
6 451
18 912
27 962
4 379
26 369
11 573
29 883
3 286
7 326
3 337
1 848
7 816
25 458
14 592
2 561
22 379
12 550
17 644
10 988
7 421
24 891
16 512
25 528
10 710
14 411
4 442
28 415
17 468
0 777
14 924
14 252
18 342
12 463
8 361
22 649
4 291
28 811
28 478
27 656
29 570
5 221
29 481
1 596
11 432
7 739
17 980
0 301
27 379
21 338
6 544
15 575
9 648
20 787
16 888
23 703
16 256
13 488
13 646
23 610
14 208
10 867
25 435
12 444
20 932
19 400
8 436
3 743
18 629
16 855
4 719
20 755
1 976
10 325
25 611
13 873
2 276
8 579
16 833
8 995
2 403
15 497
28 519
10 425
24 902
24 954
4 255
7 697
13 408
20 660
2 609
1 867
11 738
5 753
18 368
4 418
21 432
11 895
8 993
27 808
3 977
4 788
20 619
2 974
8 575
26 522
8 938
25 494
8 696
8 418
11 338
21 268
11 384
14 491
17 693
11 542
14 984
27 463
10 853
18 998
12 825
28 441
5 426
8 787
29 308
5 272
26 213
28 766
13 729
24 934
6 265
4 648
16 373
0 856
6 565
27 251
11 823
26 914
12 892
10 874
16 423
15 417
23 983
21 375
6 282
27 731
18 441
7 211
18 736
12 817
20 252
18 386
28 572
20 652
29 912
2 708
8 495
9 847
29 254
2 437
26 892
4 276
11 599
17 408
26 763
21 846
11 983
3 464
8 817
22 323
1 534
1 844
28 673
10 645
5 292
22 608
22 808
27 426
3 725
22 744
19 698
14 275
20 772
10 367
7 644
8 938
1 202
0 694
14 618
12 458
10 687
2 442
26 712
3 971
11 618
9 887
28 277
22 620
19 323
24 712
5 507
1 236
22 645
7 261
22 908
20 697
4 375
21 846
7 810
9 529
4 703
6 877
8 648
29 618
26 300
8 777
25 594
10 499
0 717
25 438
9 291
10 635
28 532
25 738
17 708
12 335
15 442
16 338
0 965
27 869
5 995
0 239
25 879
8 951
23 924
11 222
15 564
29 455
7 279
2 228
3 266
1 777
19 793
20 319
19 514
15 858
13 726
24 981
13 695
24 721
22 412
8 626
5 889
22 403
3 329
15 827
20 558
24 591
7 676
29 350
7 940
24 995
0 889
22 506
7 432
12 433
12 525
2 400
26 620
11 863
27 860
29 278
19 438
19 816
5 789
12 519
15 587
28 644
25 897
7 809
18 721
11 442
2 207
18 663
24 375
10 689
19 303
4 462
1 680
14 233
28 672
13 867
13 498
12 343
2 662
27 574
7 864
27 248
15 467
22 925
26 386
3 528
2 748
25 481
11 585
0 214
28 954
9 978
10 236
2 763
23 410
18 278
9 553
5 626
4 956
29 536
14 796
12 640
1 932
18 504
11 345
23 495
17 627
11 903
21 286
16 746
0 642
10 851
24 666
15 945
26 619
5 408
29 271
3 466
22 500
22 495
15 641
28 535
9 368
23 747
9 459
23 851
15 930
24 470
2 838
13 796
9 981
0 771
29 936
16 826
9 608
17 269
7 585
23 436
27 857
24 255
15 652
11 477
23 283
18 469
6 872
0 887
27 344
18 236
10 742
0 455
11 270
6 817
4 644
19 529
5 227
25 896
0 593
19 332
22 652
2 600
4 393
23 300
6 907
4 365
0 990
2 330
22 853
13 957
3 872
5 931
18 748
23 212
10 486
19 423
25 640
5 838
15 996
14 491
15 241
0 443
8 644
13 732
21 921
3 922
23 738
12 582
6 541
10 366
15 925
19 958
7 705
22 299
9 618
29 841
23 809
25 259
1 405
24 794
1 997
20 906
15 767
7 924
14 937
8 763
8 600
17 373
17 576
26 451
7 785
16 530
1 574
7 524
11 501
12 476
24 734
8 242
16 228
4 946
1 583
18 429
22 399
29 814
25 726
8 280
14 595
21 607
10 825
21 252
12 699
23 595
18 679
19 888
13 594
1 861
22 623
25 571
10 260
28 264
14 557
20 232
7 911
6 894
23 827
19 610
24 629
14 607
12 951
18 733
24 664
24 961
19 227
9 606
24 919
6 845
18 763
29 287
2 800
20 210
3 768
5 277
23 564
9 734
28 782
21 287
20 478
12 995
18 251
3 374
1 246
19 497
11 232
0 743
29 832
9 645
3 847
11 316
1 996
5 950
26 530
19 256
18 983
16 495
8 287
4 425
20 304
20 757
23 369
17 477
28 989
1 799
12 899
28 474
15 448
5 400
2 498
27 812
22 233
11 235
1 378
21 995
6 679
29 265
1 713
9 768
20 208
25 594
19 288
24 313
7 579
19 999
5 512
16 229
29 524
4 313
21 946
9 356
25 281
15 775
28 794
2 365
1 662
7 208
16 713
24 388
15 311
5 661
10 257
13 422
28 610
20 256
13 830
0 247
0 673
4 694
20 727
2 503
20 505
29 479
23 407
9 522
18 281
24 491
11 355
3 672
10 970
28 544
28 632
2 492
22 379
28 505
24 255
9 539
15 358
26 492
19 559
22 463
8 355
5 289
0 516
7 827
21 295
20 631
8 224
20 858
1 778
12 914
19 423
22 656
8 499
27 890
3 931
28 813
29 495
4 347
13 509
10 287
28 861
23 793
25 451
20 314
22 763
21 835
14 609
9 344
2 791
15 711
24 981
13 916
11 593
18 701
3 457
3 849
26 832
0 961
29 466
8 347
2 585
23 445
23 473
28 480
18 980
25 391
25 700
14 763
24 763
16 773
11 777
16 718
18 674
24 587
15 927
19 643
13 216
11 675
23 540
1 830
4 766
1 975
20 755
8 604
16 446
16 549
24 915
17 318
29 967
9 470
8 331
12 887
10 561
5 830
28 326
1 936
8 539
16 267
3 727
4 325
28 602
2 475
22 476
24 506
23 991
0 848
10 592
27 312
25 293
16 273
6 215
16 483
9 742
7 675
6 371
26 960
23 511
18 691
19 877
14 525
15 825
2 793
0 423
5 851
7 241
15 975
3 527
13 604
7 468
16 995
28 414
28 392
5 728
8 232
22 449
5 352
10 274
3 702
12 674
8 670
15 598
26 733
12 760
24 741
15 860
18 258
23 520
1 314
3 336
4 505
3 453
24 904
3 392
8 318
29 777
18 471
18 472
20 208
8 304
22 510
0 307
24 537
1 417
23 618
9 640
22 704
24 759
13 648
12 988
29 623
17 572
19 546
5 477
14 636
9 738
8 765
18 752
21 487
21 367
26 668
24 558
27 319
28 794
11 216
6 665
5 343
25 978
5 935
24 868
21 382
8 886
15 279
10 491
12 852
20 308
9 368
11 792
5 567
16 499
4 966
1 863
20 664
18 243
27 211
11 423
2 340
3 624
4 767
2 423
28 432
25 588
8 836
28 932
1 750
25 714
2 508
12 980
25 868
2 757
4 541
6 797
14 438
28 363
13 820
7 475
5 453
29 680
10 236
16 516
10 618
1 480
29 834
3 648
3 530
22 756
3 476
9 367
9 456
0 527
23 496
9 583
19 343
19 453
26 863
11 636
18 724
11 277
7 861
13 633
27 503
13 487
18 246
1 488
11 379
8 514
3 748
8 207
27 712
2 315
4 697
10 948
3 261
27 852
18 929
7 525
29 402
18 265
5 845
16 424
6 882
10 298
6 744
8 438
5 348
18 551
24 585
14 723
13 767
1 752
28 619
29 652
17 598
22 224
24 360
23 782
24 878
22 484
10 997
13 712
13 436
9 276
14 312
14 284
16 567
2 434
3 289
3 709
3 314
10 443
15 466
2 993
6 950
5 822
15 521
15 458
13 348
19 765
16 722
11 305
24 463
21 299
6 378
28 832
26 825
23 525
18 766
4 232
21 696
23 210
1 283
28 834
18 380
27 350
26 496
5 656
25 755
12 419
28 356
26 829
11 721
6 214
24 701
29 427
11 234
29 500
2 670
16 203
10 675
18 608
24 887
28 820
28 258
19 604
8 907
0 834
3 501
21 665
6 587
23 826
11 518
5 514
5 419
13 587
29 470
19 587
0 894
21 585
0 409
12 975
2 776
6 566
18 384
28 659
28 626
11 505
28 501
22 793
25 396
6 894
6 264
9 984
15 427
8 259
4 419
9 439
16 307
21 705
6 395
12 770
27 872
21 772
16 768
13 459
18 808
25 522
14 585
26 959
13 923
16 625
27 699
9 861
19 926
17 554
20 451
20 681
15 581
9 953
12 372
6 752
9 575
21 406
28 944
26 458
19 870
15 907
22 357
25 280
8 967
3 835
13 371
0 975
0 700
8 493
23 657
25 219
11 483
26 669
20 291
6 822
5 497
23 842
20 524
8 910
13 227
17 698
26 230
16 475
8 368
13 832
1 399
5 914
23 299
27 350
9 564
3 261
14 270
22 686
20 914
29 770
6 653
22 872
12 815
2 226
18 713
12 592
5 285
18 425
7 473
10 528
5 680
1 277
26 695
28 640
28 674
19 766
21 374
10 832
26 211
28 207
16 370
3 887
20 296
18 980
1 656
2 515
7 360
7 492
15 561
13 856
12 505
25 277
13 367
16 409
24 700
26 707
5 264
2 668
27 358
26 636
14 365
27 224
20 633
3 205
4 598
3 485
5 940
3 514
5 618
20 970
28 628
10 782
23 544
16 205
2 449
14 649
10 932
8 489
1 959
24 567
27 759
1 313
11 785
19 872
28 752
22 357
2 242
6 289
12 453
12 515
0 268
10 418
29 622
15 697
12 379
9 507
11 792
19 203
14 211
21 364
14 646
15 201
2 802
29 997
5 985
4 938
1 923
5 470
18 890
6 716
29 763
28 378
26 570
5 363
28 389
16 537
24 586
27 252
21 216
8 804
14 392
14 373
22 775
20 479
6 756
18 681
22 745
18 372
17 300
28 832
22 330
25 506
12 237
3 268
6 596
23 889
19 732
13 948
27 846
26 784
5 940
5 390
26 720
20 224
0 606
28 417
7 299
21 467
9 504
14 276
15 879
10 298
4 531
13 550
17 684
17 825
13 770
20 433
0 344
12 679
3 231
23 541
8 642
4 917
12 428
13 994
24 467
22 736
12 468
5 927
28 235
27 942
9 378
14 773
4 364
1 407
29 505
3 562
17 673
12 280
18 342
27 631
11 417
29 347
4 608
10 309
4 661
3 836
3 299
25 877
19 959
0 736
23 852
3 533
1 275
17 967
4 717
15 576
20 286
8 670
22 541
17 939
11 727
9 305
0 959
22 284
2 464
28 247
9 431
14 935
3 596
23 388
20 895
5 221
26 475
7 237
4 821
23 391
27 691
6 466
18 456
0 523
29 889
20 306
8 944
8 650
15 871
9 357
4 919
9 968
4 451
2 496
17 712
23 374
4 269
27 845
21 303
11 653
17 721
28 487
6 936
8 321
15 471
22 419
9 773
20 898
15 868
26 872
7 792
14 613
19 390
28 469
8 203
18 985
22 228
0 581
18 200
1 621
23 860
25 830
16 498
29 621
20 695
25 956
16 534
18 333
27 721
10 331
13 253
25 963
12 418
22 793
8 390
7 911
21 810
12 361
18 305
15 781
7 794
15 347
20 508
3 216
27 206
18 773
26 780
23 807
0 988
16 427
18 758
14 847
21 306
27 527
22 217
20 821
5 956
20 567
15 795
10 787
22 850
7 632
17 920
1 703
16 748
21 515
8 342
26 351
9 662
19 208
2 863
6 805
9 742
20 788
10 700
18 781
5 481
15 795
17 974
13 501
13 677
4 286
17 844
15 876
28 212
28 875
24 632
21 653
27 847
14 744
0 760
13 426
0 532
4 537
27 947
18 441
18 374
10 567
13 877
27 702
25 823
18 705
18 660
12 455
27 637
17 428
17 473
28 697
21 912
25 481
2 295
12 592
14 487
5 291
25 826
20 301
