2000
10 273
6 427
16 769
8 822
17 749
3 457
28 286
7 984
5 822
17 466
24 684
23 449
29 498
20 665
5 784
25 759
1 968
5 839
25 238
16 957
3 543
12 816
18 933
13 572
1 898
21 751
0 463
4 489
21 869
24 686
20 437
22 366
12 511
8 572
4 422
18 319
8 526
29 905
8 694
24 236
9 351
16 585
24 282
22 284
15 539
17 422
8 644
23 823
8 589
24 447
1 732
9 589
0 887
4 913
7 540
1 475
0 947
20 899
25 446
19 613
11 338
24 573
26 634
9 602
4 564
4 251
26 349
3 514
21 884
5 370
6 283
2 816
17 608
15 458
9 815
22 307
7 265
1 926
26 876
22 223
28 775
11 440
9 324
27 887
4 240
20 843
12 541
14 885
14 253
8 245
16 845
24 737
23 251
19 481
3 730
8 394
7 496
21 287
17 264
0 532
29 367
15 820
25 375
25 413
18 413
8 742
25 943
27 379
17 802
23 955
5 960
26 825
26 655
6 750
16 603
19 370
14 679
7 936
2 856
19 390
28 840
21 296
16 956
13 290
22 607
25 648
4 614
1 978
18 557
15 241
9 907
20 525
6 954
21 554
27 357
9 886
15 493
5 210
10 279
4 707
21 203
21 515
29 704
12 997
26 717
14 533
5 557
0 904
5 627
16 603
14 445
7 899
10 678
12 869
16 426
0 600
1 853
7 287
6 356
27 983
12 527
18 284
25 932
29 436
9 858
20 926
18 796
7 896
19 350
14 689
29 933
3 515
20 465
5 777
6 483
17 993
24 833
6 388
16 304
11 392
9 575
15 307
7 941
4 232
19 926
7 263
28 294
29 360
28 305
16 738
11 785
11 583
5 964
29 726
14 397
17 753
15 639
15 878
19 915
3 989
6 785
1 534
29 201
28 219
18 590
4 976
3 516
20 986
3 527
20 204
16 859
7 969
1 798
23 674
15 673
0 850
12 469
27 898
24 622
18 854
1 837
20 340
20 562
21 629
13 376
8 502
28 349
13 449
10 646
22 808
23 449
16 263
0 593
16 530
0 572
12 672
27 641
11 721
8 760
3 865
20 616
13 308
29 996
21 426
13 297
0 997
12 388
18 786
2 371
24 958
22 935
22 474
9 583
10 451
14 523
6 591
14 866
26 458
19 691
22 474
23 868
27 487
8 959
7 720
25 719
25 393
29 635
13 819
29 471
23 337
21 366
27 777
17 732
8 692
22 802
0 335
29 722
26 673
21 221
1 621
2 879
11 507
20 473
23 867
21 697
26 926
6 828
6 919
12 227
21 650
28 980
2 214
2 866
2 317
29 541
28 308
6 956
23 893
4 439
11 253
19 902
2 535
26 626
20 804
0 405
22 897
5 879
10 861
24 693
1 336
13 434
23 351
26 504
26 820
22 335
4 512
8 473
4 838
26 902
20 445
2 820
7 461
7 520
2 279
6 689
20 522
7 605
10 874
18 551
10 221
8 636
2 582
8 940
13 966
16 631
23 426
19 422
24 511
10 680
12 906
7 726
4 750
10 430
4 353
2 865
29 279
3 751
24 231
21 936
20 769
25 239
11 726
7 973
13 225
16 293
2 247
11 992
14 372
2 732
21 776
26 841
21 265
3 705
23 852
11 805
6 536
20 575
1 624
11 373
0 231
28 284
7 662
6 630
12 769
18 846
8 540
16 282
4 651
9 286
17 886
25 227
23 812
20 338
9 266
0 346
16 206
25 241
20 427
17 919
11 328
14 313
19 614
21 833
18 915
22 450
1 269
14 762
22 546
10 783
0 240
4 998
24 638
20 651
14 846
28 362
17 514
22 411
1 468
17 766
27 302
8 435
2 458
23 694
19 528
25 390
24 849
9 245
9 721
12 386
12 847
9 203
9 986
12 677
27 365
13 390
3 355
2 673
8 224
28 737
20 273
24 655
28 569
0 476
2 430
3 647
28 729
23 467
11 667
11 905
11 911
1 425
28 264
9 590
17 858
5 740
5 405
16 951
12 594
12 587
2 295
12 953
27 933
17 330
12 735
11 914
20 625
16 643
10 432
25 643
7 208
9 748
4 711
3 677
28 456
6 528
0 704
0 237
0 413
21 528
21 534
9 569
13 559
0 813
2 741
12 898
19 957
20 764
21 370
26 278
27 998
13 435
24 909
21 716
13 204
18 509
11 636
4 909
4 627
24 792
1 995
12 352
23 235
8 918
21 543
28 599
10 379
26 662
23 518
1 410
2 245
9 770
21 422
14 473
3 619
23 899
10 470
21 212
10 218
1 824
17 852
17 572
12 358
7 995
4 944
3 590
5 286
6 526
6 241
10 484
22 848
12 993
27 211
24 889
27 681
12 988
24 333
21 230
10 260
16 284
0 319
14 389
20 454
25 681
21 556
11 272
17 810
23 733
25 663
8 411
13 906
25 511
3 504
27 438
26 633
1 825
5 861
10 456
12 453
27 991
29 590
19 862
20 473
0 873
6 899
16 647
26 610
21 202
3 550
16 508
4 367
17 517
4 386
21 996
15 831
2 991
10 514
4 779
20 432
10 932
8 612
1 483
26 200
12 699
11 971
18 962
4 540
6 751
8 932
25 299
3 832
29 604
29 881
28 806
29 308
18 796
5 863
4 686
25 376
6 993
7 501
29 266
16 473
5 933
4 629
27 665
21 849
23 501
5 443
10 813
15 730
21 875
28 282
0 561
18 579
2 888
13 461
24 514
23 494
10 856
4 959
22 976
10 214
2 612
14 732
9 701
11 618
13 866
10 917
20 844
8 955
6 476
21 410
23 230
6 365
3 898
5 663
11 280
18 503
16 706
6 966
3 641
23 801
16 616
24 842
26 743
23 947
13 769
18 842
5 422
11 408
3 373
28 522
7 400
29 501
12 841
13 894
8 699
13 851
2 461
3 480
6 770
18 881
21 259
19 291
4 918
18 436
8 520
15 500
16 437
17 247
22 784
18 517
11 972
7 928
12 532
18 579
29 488
6 453
4 716
28 749
6 712
29 805
21 646
23 607
13 219
0 542
26 590
0 490
28 351
24 782
25 781
12 650
25 769
28 977
23 664
13 580
0 389
2 513
0 916
2 997
7 370
2 488
19 547
3 969
1 904
11 833
5 831
20 753
28 743
0 751
8 389
20 919
24 554
13 245
3 523
16 769
8 912
16 863
9 699
2 407
5 277
11 953
27 272
10 890
25 672
24 733
14 651
18 751
2 323
26 315
16 469
9 559
0 440
0 295
16 408
25 925
21 374
14 236
13 697
11 654
29 403
20 261
27 939
5 408
6 204
20 857
15 799
3 494
18 208
19 946
22 576
11 857
27 313
27 501
0 231
23 547
17 635
18 290
16 456
23 612
27 965
0 798
19 382
6 235
16 307
12 973
13 901
28 682
23 829
1 401
23 550
20 311
18 766
23 460
14 766
10 283
25 294
21 233
11 804
18 893
28 659
28 564
25 745
23 726
27 798
18 207
24 639
7 933
17 698
27 926
19 932
11 991
8 679
6 649
17 959
6 974
20 301
26 395
5 454
13 862
16 582
25 766
26 633
13 347
7 276
18 757
15 209
29 343
26 503
11 935
22 958
27 398
3 750
29 651
11 269
14 556
19 786
10 994
12 252
20 671
15 372
18 434
18 740
25 496
10 282
5 952
25 332
17 261
2 895
2 256
11 845
26 209
26 516
26 233
3 401
4 821
27 504
13 261
26 620
26 267
23 245
3 474
2 883
19 668
5 359
19 795
18 556
8 351
15 615
3 543
21 335
18 568
23 763
16 931
9 894
3 584
10 360
29 751
3 302
14 852
15 436
5 676
23 646
23 405
13 727
29 640
9 398
19 859
29 920
16 524
0 899
21 411
18 885
3 752
16 955
18 317
20 728
11 291
25 603
29 436
23 533
15 220
3 891
12 334
8 807
1 258
23 412
19 701
19 619
6 628
10 436
24 783
26 614
4 404
4 723
7 858
3 382
4 512
20 872
13 530
9 848
10 778
2 737
21 855
25 543
11 745
13 772
15 357
26 200
10 258
24 638
27 248
5 545
11 971
1 458
20 698
8 968
6 959
2 296
11 696
1 572
7 246
23 473
13 932
11 834
26 927
28 878
8 960
28 421
27 381
11 899
2 609
21 771
8 955
17 936
29 340
26 351
9 767
17 692
13 884
22 936
26 764
12 897
15 590
18 893
7 392
16 755
25 788
27 650
12 628
25 508
0 205
14 291
1 873
21 631
27 998
27 242
0 530
25 808
10 867
8 885
10 481
5 622
9 269
15 406
11 300
6 266
4 725
10 543
17 432
1 224
18 346
6 723
3 843
9 479
5 503
6 453
5 743
26 914
4 715
6 609
24 970
17 931
4 317
29 915
4 743
11 737
28 886
13 373
13 574
23 860
9 938
3 738
19 672
7 773
18 322
28 222
16 851
26 591
1 206
17 809
14 652
18 292
28 456
19 345
25 750
28 203
4 821
6 713
7 257
25 271
8 236
28 912
5 945
13 612
5 903
28 478
22 487
0 820
27 570
0 698
11 853
15 932
13 397
3 468
3 515
28 406
9 861
14 347
9 968
13 957
17 735
11 752
11 532
6 911
28 762
1 697
12 733
16 332
14 234
28 409
23 245
13 427
18 454
9 651
8 364
24 228
20 967
27 787
4 995
4 996
26 869
2 977
28 642
0 934
8 746
28 290
5 212
6 523
12 708
15 547
22 680
22 821
24 750
25 854
24 272
24 759
25 852
29 727
12 602
18 935
5 877
0 384
12 849
8 946
19 782
20 302
22 813
24 752
24 353
6 616
28 809
26 985
4 535
0 362
24 607
3 459
21 928
25 645
23 838
27 814
14 323
0 281
10 307
3 995
18 530
7 429
2 639
20 550
21 242
23 850
1 857
28 289
25 293
15 550
3 412
15 413
28 463
11 314
17 345
3 782
28 988
18 421
23 223
0 903
12 503
6 225
8 275
28 313
22 454
3 560
7 876
16 843
23 976
1 794
27 850
1 932
12 557
18 330
8 653
17 365
28 581
8 819
20 249
28 761
5 573
9 241
22 708
19 603
6 421
21 239
7 870
28 982
8 537
24 341
17 763
16 206
10 770
12 966
23 321
9 267
16 989
10 836
9 485
27 389
11 923
16 497
9 652
3 448
12 695
4 340
19 878
2 965
0 917
14 593
16 872
24 453
6 794
23 527
26 437
2 228
5 891
18 761
24 763
5 370
19 644
16 666
23 412
25 536
7 718
14 635
12 743
19 372
27 933
25 955
5 759
20 981
4 787
27 615
19 969
10 348
16 667
19 626
21 614
13 414
12 226
12 521
26 763
13 386
28 273
13 794
21 588
29 704
29 857
9 749
1 669
18 611
26 934
6 222
7 817
9 570
17 743
5 468
13 775
19 575
12 930
26 410
3 359
5 394
6 209
25 305
17 693
19 562
24 441
15 376
22 280
15 320
26 354
10 530
9 552
18 890
20 638
13 935
12 964
23 359
4 445
9 423
7 653
16 993
19 506
24 668
22 794
22 727
28 352
0 355
13 796
0 545
0 748
5 904
28 683
28 304
21 515
16 356
4 309
13 378
5 956
17 782
9 703
2 881
8 710
26 767
20 277
4 283
25 269
20 504
18 650
7 852
26 498
10 599
22 478
1 909
2 638
6 552
1 807
0 434
29 596
7 930
2 708
1 332
25 205
25 544
16 510
6 931
27 457
9 680
24 815
22 674
25 689
18 925
24 858
16 561
11 780
17 253
15 757
5 482
22 964
3 285
23 426
14 486
5 401
18 463
26 522
10 770
0 761
22 478
6 921
17 997
18 990
23 654
12 617
24 595
15 612
9 882
16 972
22 834
5 971
26 478
10 667
2 956
7 895
2 393
22 819
29 950
22 448
15 563
24 648
19 596
3 505
6 713
8 905
6 712
12 866
15 263
15 594
17 429
0 339
23 597
22 706
2 751
6 925
23 536
19 592
19 822
23 757
21 883
6 890
2 269
4 614
26 560
12 576
1 450
3 565
3 455
22 821
2 667
25 479
14 268
9 466
7 456
3 716
24 204
5 993
2 901
3 930
0 375
25 941
7 579
15 625
23 339
20 829
0 977
17 411
10 484
12 959
15 432
19 862
10 526
26 229
5 919
28 515
4 967
16 456
20 998
22 815
5 907
4 444
22 458
4 399
8 655
17 553
3 255
15 833
18 411
20 409
13 834
26 393
15 269
28 957
13 825
14 511
22 507
9 744
8 534
12 818
7 311
18 550
24 490
22 570
8 801
6 703
8 412
26 327
29 632
26 558
11 281
27 738
19 412
12 825
1 774
8 444
8 862
22 631
9 734
7 242
10 938
1 913
23 215
17 338
21 405
14 863
7 698
20 415
5 613
10 902
29 958
2 445
23 563
26 666
8 990
9 671
12 761
23 572
22 738
20 801
22 481
14 296
3 645
11 922
26 252
23 387
5 592
17 445
23 497
19 543
27 992
6 673
15 551
29 489
11 731
20 628
13 995
3 691
27 915
4 456
27 931
17 992
9 966
12 909
25 204
14 874
29 648
25 927
21 216
1 315
17 887
7 381
11 767
24 548
12 520
13 848
27 561
10 700
10 857
14 372
28 869
8 645
18 976
7 268
18 382
27 963
18 787
6 714
25 446
6 354
16 321
21 950
26 398
2 517
0 995
15 817
17 423
2 551
8 218
19 688
3 255
13 947
3 411
4 261
29 762
15 432
28 894
9 523
7 629
21 644
6 530
16 343
21 231
11 634
20 813
17 381
26 508
4 209
17 446
4 627
29 761
14 301
23 210
6 977
17 353
2 247
27 678
13 964
14 889
14 667
20 944
21 729
0 487
23 308
25 666
11 252
7 720
4 554
17 659
25 725
15 979
25 647
28 599
25 406
18 1000
25 907
4 225
21 564
0 259
20 536
18 392
14 647
7 870
7 653
12 476
20 388
7 460
3 257
26 950
16 421
24 981
14 462
6 209
22 294
27 512
2 905
24 783
6 500
13 332
15 600
22 677
10 584
2 284
12 838
0 862
1 441
8 865
4 849
6 627
27 968
27 488
4 413
9 699
13 610
2 621
27 661
8 315
4 668
29 778
21 533
11 561
23 215
26 612
0 329
18 509
14 258
16 508
2 397
16 813
17 992
14 565
26 707
5 427
14 459
21 636
8 350
26 534
22 672
2 411
20 852
5 806
7 780
5 258
4 391
4 779
10 915
17 364
0 949
7 758
9 868
27 302
25 526
6 322
18 698
6 675
9 736
2 378
25 822
10 326
18 976
8 896
25 705
27 533
23 454
13 829
23 306
17 873
0 781
20 403
26 370
13 546
0 870
12 588
3 332
0 787
6 877
23 801
15 465
23 757
0 805
4 311
20 462
18 963
29 242
16 462
12 567
0 771
0 692
6 931
9 559
5 607
29 372
9 800
17 762
14 538
5 687
8 577
20 215
27 988
7 848
29 304
25 208
8 726
10 776
7 924
13 723
12 446
24 684
17 313
2 797
5 898
20 230
19 851
6 212
16 610
11 408
21 476
10 549
8 511
12 826
1 203
20 510
5 250
17 257
20 327
7 889
25 452
21 828
16 664
27 544
23 403
2 263
26 601
1 329
24 211
13 757
12 415
15 451
18 949
8 490
17 215
21 532
9 401
28 533
13 821
0 657
6 563
14 736
15 835
24 592
28 236
5 543
11 892
10 756
3 788
8 434
7 568
8 529
5 916
17 279
1 605
15 247
8 422
22 900
4 570
24 932
23 792
28 706
21 320
26 857
15 818
17 888
10 800
17 999
14 980
0 405
4 564
21 232
16 689
15 856
22 491
11 528
21 396
8 332
21 471
9 968
28 591
22 559
25 770
24 440
6 595
28 582
3 926
18 233
17 536
10 433
6 371
9 938
8 608
10 264
7 326
24 458
21 982
11 242
11 673
3 598
2 813
20 702
14 986
12 799
26 738
26 634
11 442
23 323
4 285
27 626
23 879
0 589
27 393
9 211
25 519
4 642
13 567
4 616
8 916
23 562
4 432
22 460
18 992
17 905
20 975
17 837
21 965
22 945
15 655
2 739
12 901
0 584
6 413
18 382
10 908
28 591
1 814
1 363
5 688
20 626
1 565
25 981
1 521
4 617
8 802
20 604
21 369
16 289
29 482
28 768
23 809
13 423
14 632
21 775
7 312
18 557
29 335
3 299
14 926
16 699
28 713
15 917
26 527
7 473
11 753
14 803
16 244
26 411
3 952
19 422
28 276
29 620
18 426
6 575
23 742
6 964
5 886
21 239
5 352
4 427
12 886
0 585
13 505
0 399
15 777
5 542
18 636
21 843
22 287
28 453
28 290
28 287
4 866
11 728
20 530
7 910
25 410
25 858
6 860
3 840
29 210
22 435
20 743
18 348
1 968
1 660
4 446
14 425
25 493
6 604
26 975
24 538
18 437
8 537
20 830
14 597
16 912
10 569
10 913
2 999
7 779
2 944
9 598
15 780
25 662
5 481
26 201
20 401
21 232
23 249
22 594
5 520
21 746
23 558
21 435
13 722
29 782
15 255
19 267
8 898
29 393
24 402
13 507
20 649
18 498
24 768
0 819
13 942
19 729
23 602
2 800
21 301
0 994
21 300
10 582
8 439
25 978
12 387
10 582
16 891
27 682
17 642
13 477
9 219
25 873
21 257
12 607
6 312
1 332
7 326
11 630
21 505
11 746
18 971
6 975
3 244
9 553
18 819
16 963
23 269
20 731
8 683
10 838
23 373
17 663
16 828
20 395
11 421
9 484
9 273
19 355
5 220
12 399
3 533
16 478
3 414
21 352
8 918
0 599
10 983
11 409
17 850
17 429
4 565
21 245
5 949
12 305
0 658
6 892
27 925
26 689
10 350
2 203
18 398
29 874
14 775
22 655
7 603
28 225
28 277
0 648
10 420
20 277
0 293
3 904
18 838
21 912
22 285
23 835
0 870
