2000
7 988
18 367
25 236
2 231
28 687
7 789
28 810
8 257
9 732
4 433
20 459
28 964
4 869
26 705
7 226
5 733
1 319
29 204
6 934
17 776
16 646
4 812
21 718
8 616
13 714
14 588
4 566
4 833
22 500
24 259
3 543
4 709
13 505
11 232
13 781
20 960
12 929
27 466
4 712
15 902
12 340
13 570
20 580
17 479
5 662
28 463
22 960
21 646
6 358
16 567
1 886
18 776
23 357
9 761
15 731
24 866
14 324
21 548
0 752
3 590
27 817
25 471
29 494
25 821
9 284
28 678
3 650
0 642
22 839
11 455
2 209
22 359
16 569
5 895
26 618
15 957
21 535
18 985
8 384
18 706
14 250
18 249
4 464
13 762
19 889
12 575
8 309
22 308
4 392
14 828
13 946
17 458
7 430
14 685
4 702
8 886
19 708
9 402
3 635
4 658
28 900
11 915
8 463
28 756
22 211
5 611
28 896
20 596
21 803
9 434
4 227
18 370
0 494
15 836
7 650
15 419
7 760
16 556
15 758
28 518
20 914
14 501
3 873
0 451
28 905
24 793
5 642
18 305
16 794
3 501
28 849
19 217
24 753
20 662
25 229
27 600
25 665
13 467
11 266
29 649
0 243
11 677
2 860
20 707
24 938
21 934
22 389
28 754
4 679
6 487
11 757
9 215
6 708
0 705
7 774
17 879
12 344
0 805
18 761
18 462
24 488
28 222
10 640
7 213
8 581
29 736
18 351
26 257
15 692
21 401
27 484
28 986
27 898
19 951
16 524
11 666
26 845
23 230
25 337
4 726
10 690
8 553
14 956
11 959
7 724
17 460
0 995
6 762
5 593
10 727
20 229
6 415
0 859
10 589
0 737
3 266
12 627
7 737
0 357
21 672
10 389
26 812
23 884
24 615
24 513
29 537
9 364
28 238
18 816
7 841
1 452
3 346
13 254
17 836
20 407
7 727
15 284
22 232
1 965
27 853
10 606
20 616
25 485
20 651
1 565
3 663
8 715
29 798
10 600
0 632
18 419
13 785
19 451
9 730
16 836
8 937
25 245
24 320
11 820
9 628
21 811
8 871
29 319
8 997
2 679
7 518
14 952
15 560
27 879
16 374
12 681
9 351
11 726
2 566
19 914
18 572
16 266
4 755
24 418
26 237
19 595
4 946
16 834
0 665
24 455
15 771
12 412
15 874
11 262
21 634
1 650
26 805
26 256
6 314
26 888
1 882
17 231
15 630
23 447
21 791
8 529
0 511
24 363
21 368
3 615
14 289
20 816
4 958
21 265
22 699
11 330
1 445
8 795
29 849
19 926
27 862
15 509
10 960
10 365
5 691
14 627
28 689
24 264
14 646
25 698
19 622
14 917
2 905
19 688
10 681
11 586
12 366
4 311
28 460
28 583
22 682
9 205
19 391
21 305
14 725
11 409
1 952
20 885
14 898
8 249
0 534
6 843
18 436
9 819
7 615
10 411
16 995
27 711
27 874
0 803
4 374
14 620
23 580
7 887
25 243
25 844
13 877
27 626
9 319
1 302
16 318
24 654
19 951
20 536
25 610
21 599
2 406
23 952
22 780
15 445
28 696
13 874
18 511
26 825
20 529
7 941
22 236
0 569
4 920
21 213
25 795
15 518
16 325
1 883
14 805
6 237
10 603
22 899
20 608
15 837
5 585
29 755
28 428
19 358
21 445
27 650
1 345
0 227
11 508
5 422
4 443
15 222
7 697
4 837
1 961
7 269
3 318
16 348
21 284
13 467
17 748
25 904
12 242
18 725
19 480
1 567
28 729
4 491
28 617
22 482
6 680
0 443
9 708
6 926
8 740
12 748
20 623
14 529
19 556
14 267
24 829
28 851
26 609
27 297
17 713
1 455
11 977
4 866
24 882
4 549
13 478
27 891
16 837
21 791
14 980
7 690
20 828
6 389
25 972
25 991
2 229
28 965
16 344
1 446
21 888
22 232
17 512
26 220
7 578
15 577
29 839
21 559
14 765
12 889
14 728
1 807
9 272
4 743
7 858
18 795
1 383
27 501
19 294
21 825
1 945
23 808
3 733
18 294
10 482
6 524
25 442
7 676
24 628
20 552
16 286
29 591
10 514
14 944
18 738
18 872
25 555
4 339
29 307
10 596
24 705
4 358
21 667
0 439
18 216
0 275
27 274
23 865
3 350
4 427
6 900
0 952
29 849
19 673
28 244
26 351
1 961
19 882
20 443
16 440
7 549
20 676
3 651
27 654
3 712
16 363
10 665
20 391
11 719
18 478
5 579
25 753
26 533
8 765
25 797
17 972
2 357
20 616
0 830
20 220
7 846
28 832
14 486
25 523
26 269
20 541
25 839
16 762
19 383
10 503
4 810
1 802
22 672
23 495
13 846
21 897
2 541
4 273
24 875
22 575
24 415
24 326
19 523
7 600
1 688
3 645
25 485
22 289
20 481
11 778
17 562
1 350
21 471
4 543
27 468
23 945
16 787
8 857
14 639
21 983
10 365
18 539
26 752
3 603
13 213
5 846
26 518
17 705
24 717
23 990
1 265
17 817
5 996
13 527
28 865
17 562
25 980
21 341
16 885
24 810
29 964
18 536
14 869
4 203
11 417
7 621
28 596
14 885
11 575
18 916
22 683
7 875
13 975
15 925
5 809
27 617
2 739
9 680
28 691
14 851
4 260
11 504
10 510
15 412
29 962
15 873
9 607
8 789
22 706
1 814
21 596
11 646
12 401
19 272
14 788
11 444
8 767
7 617
6 328
1 288
24 818
6 832
22 294
27 816
3 808
3 381
29 274
8 258
29 314
18 894
14 956
6 653
14 225
18 630
17 804
24 223
6 627
19 360
11 858
24 615
14 447
9 762
1 752
12 276
2 533
10 743
25 964
22 989
7 853
1 794
15 856
20 661
15 442
6 604
11 594
11 674
25 692
3 216
13 794
16 533
19 952
26 422
5 463
21 389
8 771
10 704
9 895
10 255
8 707
16 504
17 452
26 483
14 529
0 796
1 417
18 799
24 951
5 339
19 865
16 621
5 851
22 967
21 832
16 265
26 357
12 260
16 453
25 326
24 600
12 833
7 849
5 932
4 611
26 888
18 990
14 463
2 535
21 523
27 537
17 655
24 285
24 556
28 989
27 879
8 966
8 597
28 595
1 876
8 510
3 292
5 790
27 304
2 970
25 619
9 426
18 554
23 801
17 559
6 314
0 977
5 613
8 871
10 853
25 819
19 398
17 886
20 207
28 905
22 860
24 601
21 979
11 541
19 474
26 933
11 923
27 654
27 973
26 441
18 353
3 690
21 905
7 463
20 344
21 872
16 947
2 793
7 640
18 327
25 334
10 844
6 802
12 740
4 669
7 410
29 957
23 353
20 271
26 868
17 714
1 581
24 839
11 214
29 1000
29 291
0 458
12 985
18 607
22 906
7 895
28 809
0 447
5 985
20 213
24 311
26 883
0 316
10 566
0 709
17 418
26 613
13 231
15 822
26 410
12 309
2 779
15 230
28 368
19 553
17 520
17 515
4 447
20 848
11 638
19 556
1 487
0 866
7 533
21 404
13 823
7 759
14 591
19 888
21 593
2 260
18 774
22 380
15 981
7 548
12 708
1 459
6 208
15 645
6 632
25 649
9 690
13 751
10 351
25 911
28 781
23 886
27 526
1 495
2 253
29 948
26 380
8 813
12 472
24 600
15 613
6 699
18 990
22 725
18 939
7 652
21 235
7 593
22 935
15 689
22 517
11 639
26 672
18 304
29 694
1 816
9 572
18 762
25 995
18 966
8 211
14 898
9 371
29 669
27 403
12 784
22 386
25 854
20 376
20 815
11 391
5 269
22 418
26 459
6 787
23 623
24 372
27 611
15 956
11 359
16 935
15 486
0 924
12 264
7 278
5 572
10 777
4 341
7 690
22 314
19 989
12 972
13 303
6 802
22 447
23 546
1 871
3 600
11 905
8 424
14 646
15 387
23 302
6 214
26 601
10 817
15 297
3 678
26 996
6 702
14 803
15 969
24 942
6 756
4 878
3 277
22 206
6 865
16 729
27 540
14 681
19 218
16 357
25 239
11 325
20 866
5 868
20 291
7 574
27 323
10 641
3 691
26 225
15 598
25 905
13 843
13 421
22 616
20 224
9 257
23 240
27 543
9 897
8 424
21 908
3 492
18 785
9 774
1 521
23 546
19 525
25 300
26 826
19 573
29 233
26 495
16 849
17 537
14 746
5 752
29 790
0 346
21 984
1 905
19 428
6 266
22 356
17 218
11 741
20 811
8 819
25 868
4 676
2 500
24 661
19 504
11 200
14 732
4 704
27 423
6 529
20 713
21 831
23 609
14 367
2 554
11 910
0 243
26 891
25 584
1 301
8 497
12 494
6 441
20 817
18 400
20 804
15 489
5 492
16 734
19 588
12 603
27 381
14 837
29 353
29 645
1 532
28 460
4 961
16 381
10 938
17 626
8 284
10 352
21 760
10 771
1 828
21 982
4 380
17 377
7 219
26 514
21 255
14 424
19 432
25 488
14 862
9 939
5 211
3 366
1 816
25 818
13 351
3 442
23 790
21 211
19 819
12 389
21 426
19 439
18 814
3 214
24 395
5 571
17 215
3 809
12 602
21 609
22 518
25 275
2 626
1 879
14 348
24 791
15 567
29 202
12 442
4 656
9 272
2 585
3 530
11 655
3 654
25 414
4 670
22 310
23 921
7 876
9 967
23 728
15 919
11 288
20 588
8 920
23 716
7 224
21 904
2 384
3 673
20 615
8 643
20 451
27 592
25 880
19 637
17 397
17 437
11 749
7 210
1 611
9 237
28 767
23 817
7 661
6 935
4 505
28 398
13 829
18 747
8 306
21 611
24 964
24 930
16 515
26 822
27 354
13 606
26 692
10 672
8 610
11 410
24 296
19 509
28 524
27 742
11 690
27 538
7 765
6 338
21 800
5 740
26 943
9 315
20 824
11 750
19 709
22 440
12 458
8 379
19 983
25 337
19 826
21 343
6 240
17 849
12 343
11 466
24 276
9 859
20 788
2 629
8 424
15 517
16 492
9 835
15 631
28 930
8 506
17 514
14 382
26 232
7 499
13 276
1 836
18 780
10 533
17 625
6 634
26 557
2 339
19 910
5 248
29 234
7 689
16 709
25 831
19 436
27 547
1 374
20 744
24 983
14 532
16 210
6 703
11 964
5 830
4 491
27 535
0 265
15 468
2 367
11 375
13 591
3 469
6 525
19 952
17 239
12 943
11 571
7 560
1 737
16 911
1 846
3 450
14 972
27 617
3 340
9 747
21 208
12 298
22 414
11 815
21 651
10 334
11 824
11 526
0 839
8 518
18 781
14 773
17 265
22 899
17 320
10 408
17 398
4 609
14 322
8 347
23 789
23 518
24 901
15 819
27 247
28 993
4 296
4 878
25 819
11 663
0 926
19 853
18 728
7 883
26 679
3 807
23 957
12 428
14 264
11 678
28 897
21 697
13 471
18 403
26 981
15 282
25 858
10 621
27 965
19 972
10 694
29 876
24 832
20 207
19 587
12 986
21 266
4 308
9 884
6 240
22 972
20 506
5 762
0 530
8 748
8 472
27 483
18 649
14 394
6 477
17 492
28 786
23 636
14 354
22 599
4 766
27 345
21 301
9 629
5 510
10 445
16 258
11 608
29 208
28 769
16 538
27 962
8 443
6 359
20 632
8 842
13 364
22 346
1 242
8 735
27 783
17 838
8 682
12 292
10 925
16 494
5 501
20 306
21 583
23 684
10 516
2 997
8 477
23 551
2 943
8 799
10 953
6 796
25 859
6 714
27 236
16 458
21 334
6 445
27 373
14 413
6 666
9 997
23 414
8 345
1 562
26 946
3 838
24 483
21 676
17 900
2 969
14 342
18 211
17 532
7 812
24 936
18 786
6 426
27 288
12 825
29 688
6 959
15 286
23 880
29 511
8 611
6 938
22 839
27 987
28 609
3 507
7 643
14 584
23 795
12 558
27 503
29 797
7 609
15 455
9 503
10 417
20 239
18 866
5 380
11 272
16 920
17 929
10 605
27 646
1 661
6 262
9 460
24 881
5 282
18 608
9 336
22 349
17 987
8 895
12 579
20 630
14 765
17 478
24 890
9 752
11 311
25 205
29 975
17 984
28 802
4 949
25 627
21 401
5 989
8 492
6 211
28 698
26 328
19 668
9 239
26 333
5 255
23 867
26 366
14 978
2 894
21 519
5 593
0 663
29 533
28 673
12 955
25 712
29 302
4 459
20 504
14 401
5 340
29 922
27 654
13 684
27 884
12 243
4 709
21 927
15 818
5 999
11 292
18 617
26 604
28 463
22 447
8 408
2 681
0 551
20 971
3 347
17 499
10 350
9 838
25 505
23 762
27 793
15 961
25 654
24 373
23 874
13 258
20 710
28 397
7 469
24 387
23 421
2 651
11 839
16 620
19 817
6 390
16 760
20 735
10 242
0 802
16 331
29 822
2 939
10 647
27 258
9 280
17 499
27 401
23 692
26 532
0 949
18 472
21 703
7 457
23 822
15 975
8 760
13 837
11 553
5 390
16 283
8 370
22 626
14 980
12 791
3 397
10 942
12 405
19 352
5 298
14 485
3 556
17 1000
28 894
14 334
5 766
22 699
16 507
25 618
22 428
29 510
2 972
4 215
22 420
18 557
20 853
10 393
24 655
7 737
13 696
4 853
7 516
17 941
3 820
15 303
13 772
5 607
6 457
27 328
4 349
12 777
6 823
8 936
18 294
26 599
9 332
26 318
16 855
7 554
0 886
3 503
11 858
10 234
23 875
4 547
26 715
21 340
14 863
28 944
14 714
5 324
12 986
17 315
3 595
2 723
22 436
21 380
11 451
11 906
16 529
8 211
16 548
0 288
14 922
12 506
17 332
2 436
6 563
10 819
16 200
27 398
7 806
28 642
20 969
26 412
10 500
26 714
23 352
6 968
15 640
27 471
3 464
2 281
19 907
1 286
6 960
21 847
26 834
26 416
17 657
1 927
4 749
24 822
26 574
25 979
16 433
8 931
3 589
0 252
27 610
16 527
0 532
5 319
26 601
25 308
4 555
27 486
6 439
17 259
10 844
26 890
11 250
12 802
28 398
10 597
12 259
2 346
29 273
4 330
19 973
22 361
15 228
6 372
22 830
18 439
21 819
6 337
22 240
0 877
0 346
24 907
4 526
13 674
16 671
21 904
8 629
6 286
24 375
28 510
14 475
25 206
19 866
9 916
12 373
27 344
16 867
9 286
3 662
19 310
23 745
8 558
27 354
21 610
8 307
21 426
18 366
14 435
10 535
18 418
4 742
17 279
18 692
3 803
5 281
1 359
20 322
28 874
6 614
11 279
6 336
21 886
10 232
12 901
19 618
25 882
4 824
7 705
8 331
7 221
0 319
19 603
7 472
24 298
4 974
18 311
3 483
24 317
2 959
13 324
10 716
10 623
0 358
17 463
13 690
1 212
16 903
4 265
7 928
26 322
20 560
11 593
5 758
29 923
21 414
26 583
27 391
16 817
17 358
18 718
20 874
23 519
17 674
7 826
23 386
27 284
7 571
12 938
21 914
4 830
12 734
20 857
29 675
5 513
13 436
4 451
18 746
17 825
3 291
29 316
12 242
10 967
16 916
15 815
4 581
12 796
23 684
4 477
22 877
25 608
17 462
19 419
22 724
15 553
13 326
4 221
25 720
14 286
6 810
25 998
7 461
26 927
14 701
25 458
12 515
18 567
19 407
3 329
13 739
0 757
7 562
15 582
19 813
28 415
2 258
29 502
14 240
24 972
26 228
15 929
15 910
14 665
17 581
0 980
9 458
25 893
3 620
16 936
12 973
14 942
14 775
23 594
29 224
8 568
11 524
22 262
1 268
28 458
26 927
21 388
22 557
23 291
11 324
0 493
17 935
25 929
11 537
29 513
8 430
1 434
23 900
19 397
9 343
5 873
27 245
21 971
12 418
7 884
16 889
5 339
23 360
7 348
0 343
26 633
0 595
0 339
18 651
3 817
21 967
2 555
21 980
12 305
18 954
9 377
6 575
4 412
26 554
0 314
10 400
24 803
5 350
3 679
2 830
13 841
4 212
28 894
18 553
26 898
21 620
25 209
28 261
17 861
22 837
4 823
24 200
20 803
23 787
18 704
17 449
1 985
19 455
27 771
13 954
24 963
26 954
7 781
29 355
0 828
16 921
5 636
11 919
18 859
20 729
2 650
21 689
9 729
0 860
10 440
28 206
16 974
15 986
6 874
22 974
1 848
7 939
23 805
2 905
27 497
7 331
28 876
20 603
8 815
26 338
29 886
9 388
2 255
5 809
6 291
0 768
0 888
26 460
29 952
6 208
7 813
1 680
26 851
0 705
17 694
19 645
23 510
0 798
1 769
26 246
21 873
28 562
10 655
28 985
27 532
28 268
24 695
17 879
5 781
4 1000
13 836
13 365
27 519
21 532
23 585
9 623
25 549
9 874
7 550
14 524
0 796
20 823
0 305
27 262
17 665
12 372
27 318
28 442
15 369
13 216
16 753
20 680
13 203
10 472
29 817
22 225
27 844
0 704
2 335
11 602
20 650
16 528
5 545
3 374
15 982
15 244
8 672
4 451
29 510
11 871
21 495
28 880
13 904
12 257
1 359
18 924
6 423
27 202
4 841
26 755
26 427
24 889
29 832
13 574
1 299
2 686
24 505
16 212
27 596
19 538
20 475
1 537
5 672
11 254
10 833
20 659
8 571
7 502
19 993
23 579
23 480
26 996
7 993
4 410
11 751
19 858
23 952
13 360
26 684
0 487
26 825
26 304
23 605
18 659
20 990
28 658
0 379
0 572
14 433
27 450
15 251
28 450
17 428
8 743
4 887
1 818
10 779
6 760
11 879
8 711
12 717
23 502
17 414
0 352
29 344
4 991
8 851
18 300
3 653
23 732
