2000
25 215
12 956
3 401
28 776
3 454
17 410
0 770
21 401
5 554
18 274
3 397
8 566
15 377
0 903
6 706
17 960
26 616
2 731
7 684
9 672
18 447
8 998
1 458
6 987
1 259
26 433
24 871
24 480
27 908
8 481
6 699
28 434
19 602
17 532
20 479
28 720
11 895
19 397
7 457
24 432
13 972
1 966
7 745
10 864
22 423
28 436
13 395
29 843
26 798
25 965
19 574
9 363
9 855
21 268
12 443
3 753
5 915
14 774
10 928
22 348
29 379
16 546
23 976
25 707
22 906
22 718
29 286
22 535
8 630
24 434
1 420
13 208
18 485
26 340
17 939
27 560
8 377
8 862
25 959
16 908
2 945
17 351
4 754
19 515
17 787
18 339
5 296
29 354
20 623
14 570
22 881
18 314
11 554
24 459
4 618
29 956
6 666
9 378
13 261
12 441
29 552
7 455
22 286
5 951
20 917
5 256
22 211
9 904
0 315
18 468
11 448
7 915
14 944
21 829
22 966
24 840
26 298
22 332
5 472
8 966
26 807
24 246
23 294
6 804
17 511
17 235
15 321
24 461
0 381
11 429
8 492
14 995
16 502
25 730
15 438
9 282
5 866
0 701
3 338
21 505
3 808
4 786
9 371
28 448
6 408
11 329
8 897
1 984
29 780
12 995
21 596
24 626
19 769
20 935
15 866
0 715
3 950
12 751
22 984
23 482
24 529
5 592
2 284
25 279
26 880
22 671
14 559
8 769
23 567
15 305
21 494
29 823
26 431
15 644
15 672
6 266
28 867
18 639
18 804
26 849
25 459
25 855
27 684
27 889
6 798
13 658
27 834
17 386
3 310
16 487
16 891
3 829
22 950
4 999
20 273
21 270
19 617
19 645
7 462
8 867
16 509
25 423
13 766
2 887
18 985
25 412
19 204
28 763
27 245
18 633
6 453
9 426
18 526
27 938
11 701
7 975
17 557
20 427
29 936
7 372
5 935
11 417
10 453
16 788
28 776
28 362
12 641
3 476
23 985
4 399
0 914
2 913
18 472
15 309
27 961
16 392
10 623
6 821
2 236
10 238
27 848
2 585
20 445
6 603
25 405
3 751
27 584
14 227
25 647
23 541
22 328
21 566
13 440
7 304
5 657
11 459
13 615
0 541
13 767
2 955
3 645
29 313
0 247
25 623
26 353
10 965
20 522
25 848
15 202
5 576
3 743
22 468
26 362
29 833
21 832
8 294
18 919
15 821
12 841
21 303
8 423
16 237
12 469
10 229
18 409
9 459
29 584
9 975
21 762
20 598
6 698
5 665
3 707
14 950
7 992
15 238
8 358
7 473
19 423
29 660
17 800
9 474
17 676
5 553
25 469
13 586
4 572
20 766
15 645
14 438
29 675
23 585
11 373
27 310
12 201
26 725
23 852
8 907
21 858
14 661
29 796
27 437
4 272
19 869
17 321
6 230
18 522
20 284
7 863
22 335
12 690
1 939
29 610
8 270
18 639
25 774
16 580
8 531
24 289
27 485
26 473
25 535
0 657
29 844
4 277
25 893
27 436
3 849
20 603
17 753
4 793
21 620
27 684
20 628
27 545
20 934
21 795
11 717
29 414
14 664
22 842
0 900
27 394
17 794
5 282
27 729
21 789
29 779
25 263
14 438
18 519
12 935
5 256
5 475
28 991
29 903
15 671
4 732
8 904
22 655
8 940
21 298
21 548
23 688
19 647
23 443
7 937
0 273
19 412
3 242
2 652
10 719
11 908
0 268
23 654
12 846
15 268
16 326
21 254
9 471
16 388
2 700
14 542
18 766
29 589
29 419
3 885
1 439
18 303
17 700
20 696
24 848
26 633
23 963
8 446
15 385
7 258
10 511
9 997
21 458
5 208
24 638
11 576
25 445
4 356
10 582
13 204
4 439
9 499
14 754
2 922
19 369
21 412
1 702
9 627
15 304
13 922
20 864
22 696
5 416
14 618
20 867
7 875
25 278
10 822
5 641
7 240
11 626
19 203
26 545
0 436
18 569
22 800
28 916
1 798
3 285
25 250
29 797
7 940
3 897
26 640
23 612
8 798
1 837
4 714
28 431
14 705
11 718
3 740
5 936
9 514
21 701
20 808
20 866
17 431
9 296
15 897
12 337
11 203
23 804
15 745
2 423
11 207
1 449
5 989
8 980
6 668
27 238
4 675
17 206
4 872
16 600
27 466
24 802
18 289
28 600
24 542
8 449
20 271
13 716
7 728
12 206
24 560
23 477
5 252
8 505
16 434
23 795
6 295
27 445
19 234
24 640
18 811
10 229
24 530
9 670
8 665
21 415
14 553
10 725
19 287
12 214
20 232
15 517
21 940
14 837
23 935
3 705
17 727
21 970
27 633
29 980
17 862
10 611
28 406
4 534
28 804
27 963
29 467
4 392
16 839
21 427
3 316
2 803
21 773
18 673
15 359
0 301
15 368
25 805
15 278
16 931
12 706
29 214
18 622
29 761
18 620
22 418
20 361
1 449
5 575
7 431
5 437
12 233
3 877
7 267
3 786
6 384
24 380
23 837
0 666
13 361
22 536
1 811
29 771
10 201
14 440
23 543
12 220
10 729
27 237
5 499
29 549
2 1000
7 713
14 469
20 402
25 286
26 474
6 339
27 1000
27 818
25 986
20 565
12 206
17 495
11 933
23 835
5 840
7 554
2 926
12 642
27 928
25 871
22 802
27 868
11 227
8 273
25 709
22 393
9 851
28 874
19 968
7 473
4 428
13 826
15 881
21 981
11 251
27 973
4 272
14 903
24 748
20 958
11 207
6 990
2 749
15 929
17 557
25 327
11 582
1 237
19 819
3 923
6 344
28 491
3 345
26 634
10 554
26 954
28 503
7 822
10 314
9 210
1 913
8 874
21 443
0 627
28 783
18 384
27 400
15 291
19 213
18 722
16 801
22 568
13 407
4 733
21 997
11 637
28 833
28 706
11 927
10 491
9 982
10 286
24 719
2 948
8 550
1 911
0 544
9 675
20 222
19 915
16 303
18 448
21 696
20 733
2 451
22 764
4 652
28 996
0 430
6 965
3 654
16 469
7 837
20 935
17 544
8 688
28 568
8 325
10 220
3 223
29 951
7 602
27 246
23 651
0 353
23 229
22 373
6 309
12 356
23 590
26 267
29 673
27 582
27 976
1 478
0 941
18 789
5 773
21 584
18 934
20 440
14 506
19 769
2 487
28 440
14 600
17 874
9 583
11 507
5 784
25 341
19 361
17 913
26 935
21 999
6 272
21 250
25 875
19 416
16 654
22 925
4 943
6 910
15 356
18 536
6 359
10 611
26 558
23 911
11 695
19 568
6 627
4 377
28 813
18 762
7 856
7 657
2 278
1 944
1 942
25 820
28 635
29 942
4 658
6 753
14 202
6 628
10 454
12 265
19 389
18 629
4 307
22 412
14 485
2 392
24 894
18 590
9 358
4 825
13 544
2 909
23 1000
26 822
29 298
28 887
4 574
19 561
8 566
8 573
0 774
26 470
14 411
26 644
15 542
12 374
19 795
23 458
10 517
0 221
8 681
14 274
1 655
20 346
27 355
27 797
4 828
10 910
29 725
28 444
15 632
24 360
8 488
11 402
19 552
26 545
20 909
28 754
20 764
11 619
18 201
9 421
15 565
4 212
28 372
3 805
29 824
19 791
12 503
10 583
19 859
9 435
7 528
5 579
25 808
0 872
4 331
23 988
11 813
16 233
8 567
5 381
5 898
24 550
12 424
4 868
2 653
24 393
19 254
4 994
8 436
8 662
19 350
21 738
6 590
8 566
26 968
9 948
25 493
17 463
23 554
26 297
0 646
15 562
18 337
14 681
28 267
27 455
24 372
11 386
8 387
10 922
7 951
14 863
2 614
2 994
15 504
7 791
25 806
24 794
20 551
25 500
6 913
4 779
2 568
25 292
20 780
29 715
6 450
17 993
13 234
10 863
21 710
26 601
27 396
11 780
12 826
11 705
1 829
24 349
14 664
18 242
25 217
11 356
9 644
3 255
12 995
14 947
19 587
9 819
27 250
0 238
16 791
12 922
16 641
12 566
12 693
25 346
25 426
21 610
1 735
8 224
20 335
7 848
13 274
13 282
14 630
11 655
18 796
9 245
15 939
25 291
23 570
13 522
22 416
6 564
7 539
5 723
27 711
21 232
11 631
8 556
1 1000
11 946
22 567
4 314
6 872
21 931
11 716
27 724
10 528
26 720
26 626
22 439
19 922
3 837
0 794
29 723
11 783
28 734
18 525
5 948
17 454
25 335
15 279
15 872
19 453
4 319
7 236
25 882
16 842
28 812
2 923
11 804
14 421
21 709
17 925
2 783
1 739
3 829
22 818
0 248
4 413
24 739
7 276
20 205
12 656
10 774
27 811
23 234
10 654
25 978
2 961
21 279
26 289
6 681
14 991
25 436
19 742
23 323
18 613
19 371
16 613
0 633
5 935
19 702
14 504
17 723
13 268
6 507
18 856
26 817
19 395
4 891
26 700
19 724
10 490
26 337
3 425
20 237
4 746
27 733
10 650
0 891
20 700
27 686
9 713
17 200
27 769
2 315
27 369
25 924
0 785
0 640
5 270
14 539
4 825
7 440
18 204
13 239
29 496
20 758
10 559
9 938
13 240
13 239
20 265
0 333
16 707
23 915
9 681
24 427
12 465
25 346
2 978
15 532
0 810
21 651
9 652
9 848
10 402
12 844
7 409
15 819
23 605
24 764
10 240
25 864
6 417
27 305
14 435
18 736
19 255
4 857
25 453
19 802
15 465
0 271
10 400
26 476
19 374
10 738
28 538
27 540
20 295
25 541
11 453
8 330
7 364
3 605
21 394
17 789
3 830
4 837
16 526
11 845
8 836
20 260
25 611
5 981
5 834
25 238
13 475
23 899
5 738
8 293
29 431
0 828
0 352
15 630
12 364
13 245
21 943
8 235
16 347
16 866
19 243
3 645
21 355
0 931
0 222
3 807
5 454
29 563
20 503
25 382
1 714
5 441
10 400
9 458
8 360
21 246
17 419
22 620
22 877
11 526
5 962
16 747
8 884
26 709
3 442
9 858
12 558
8 230
8 696
7 275
16 734
21 213
2 924
5 254
9 663
3 875
19 713
20 227
16 301
11 688
8 497
1 372
0 833
16 690
27 532
29 328
9 865
5 864
1 791
14 481
0 609
12 819
26 781
29 941
23 486
11 743
23 820
17 921
10 968
28 214
8 605
11 362
13 771
5 279
22 525
21 316
24 508
10 252
28 541
16 566
29 766
5 344
7 597
27 555
22 290
13 751
15 494
9 697
5 254
9 757
1 825
11 440
7 555
29 878
6 845
9 787
15 713
15 605
16 519
6 840
9 665
7 517
4 995
7 750
3 843
17 272
29 976
15 479
15 496
0 617
12 369
1 507
17 634
25 632
12 749
8 959
25 607
8 738
15 210
5 508
21 317
24 533
23 607
8 363
20 576
29 686
26 690
0 830
12 505
12 813
8 234
15 987
7 716
11 670
1 302
21 644
29 485
18 699
5 852
11 689
23 763
18 382
16 600
7 910
20 976
18 821
11 253
16 759
17 329
14 957
1 329
21 471
10 929
11 890
4 447
28 764
9 410
19 277
13 380
9 446
3 227
14 277
22 883
20 424
23 275
3 219
17 358
15 812
12 656
10 424
0 326
0 666
1 208
24 640
20 288
7 290
12 898
0 814
26 981
16 247
10 924
8 904
1 855
27 372
16 945
28 769
5 415
27 507
16 974
27 475
26 385
29 555
13 331
24 898
11 435
19 966
5 914
25 378
15 766
10 673
13 354
0 772
1 582
4 432
4 643
19 459
11 441
20 391
11 213
10 765
27 803
25 694
8 582
11 598
23 566
6 200
23 759
24 313
25 837
10 804
8 529
21 783
25 363
24 728
23 877
16 419
14 644
20 676
2 745
22 574
9 304
10 816
5 515
25 612
8 525
29 299
6 897
4 835
20 569
24 986
6 427
14 579
8 303
22 893
28 388
20 677
23 226
11 261
19 899
12 579
3 264
6 247
13 401
8 690
4 787
9 537
1 553
29 492
7 734
24 932
25 330
28 896
23 405
4 211
2 656
8 500
16 282
17 264
15 730
2 824
29 241
6 549
2 716
16 947
23 420
1 924
6 812
12 831
4 495
12 617
20 750
5 426
17 848
22 311
12 572
8 263
22 383
25 494
27 385
9 928
28 799
1 729
2 805
21 696
15 212
28 532
8 684
21 323
4 671
24 593
23 537
4 974
12 430
4 976
19 368
0 731
5 243
29 381
29 289
27 424
5 550
19 914
15 722
13 351
29 490
14 975
21 721
22 237
6 375
29 618
7 945
13 610
19 331
10 809
5 655
3 736
29 733
10 675
7 256
21 705
17 689
16 566
21 471
7 575
16 820
0 691
23 470
6 299
24 748
21 971
8 299
4 802
11 832
24 329
19 956
19 889
14 405
6 496
7 901
27 816
20 992
3 506
23 436
19 535
18 398
3 790
17 330
28 622
9 467
22 867
10 555
15 325
11 927
29 205
2 221
8 750
10 293
23 756
6 614
29 807
10 262
16 368
21 859
6 773
11 440
5 782
14 778
4 276
8 246
15 957
26 770
9 977
5 432
3 551
0 628
21 433
7 713
13 471
14 547
0 903
22 934
3 699
26 260
2 938
20 362
21 266
23 461
13 386
21 662
9 497
23 691
24 575
7 462
14 402
29 494
10 954
29 676
13 674
22 720
25 739
15 353
20 362
15 476
28 874
25 475
0 890
26 264
21 732
1 369
21 274
2 604
22 475
21 966
6 870
12 346
24 235
16 413
14 586
5 860
28 948
23 942
7 817
1 207
11 702
13 915
17 432
12 913
25 742
12 611
1 355
21 352
16 423
29 256
21 875
14 249
16 307
4 850
6 984
14 462
28 499
19 261
0 964
29 789
29 595
22 547
10 393
25 974
17 639
9 344
15 426
22 997
14 797
26 658
29 426
0 670
18 229
1 925
28 367
23 568
14 886
4 662
11 994
27 788
27 424
23 599
4 546
12 411
14 522
3 509
9 707
8 933
14 807
12 551
20 559
16 311
20 626
6 645
28 358
10 831
1 986
29 932
4 426
5 870
29 636
5 867
12 776
0 204
23 473
19 552
2 802
10 866
10 549
11 996
19 475
15 368
13 851
25 647
25 853
19 992
5 406
25 752
15 433
18 971
29 314
27 325
16 455
5 870
8 651
20 498
24 755
18 363
1 587
3 771
29 343
5 714
1 417
13 210
6 741
20 578
3 537
14 648
2 831
16 327
5 896
3 351
13 731
5 730
22 633
9 632
21 922
22 770
4 928
27 375
5 803
10 493
22 850
29 914
7 952
28 683
27 633
24 522
25 290
0 580
29 850
8 665
27 450
29 243
9 261
3 835
29 1000
13 981
6 636
9 208
23 765
14 939
0 349
28 878
26 820
21 238
6 751
8 451
9 211
14 486
4 881
18 550
9 740
14 626
10 313
4 284
29 304
22 287
12 811
28 988
22 545
14 282
8 732
15 812
11 488
4 917
6 815
2 243
16 332
29 991
0 334
23 713
1 349
7 578
7 798
0 669
11 255
2 223
16 988
5 270
20 503
5 495
14 248
7 293
10 875
20 851
11 794
10 455
22 231
29 666
10 924
27 825
18 452
26 400
5 242
11 926
13 920
10 572
15 422
4 897
24 980
26 288
23 231
23 217
7 794
28 289
8 742
24 595
9 794
13 962
12 984
19 601
2 378
8 329
21 581
21 738
0 558
19 275
19 893
25 811
27 425
25 640
28 869
17 253
12 482
7 609
13 264
11 450
25 415
3 631
20 527
17 284
18 386
1 879
18 705
20 727
21 781
10 722
20 894
17 954
3 750
29 621
7 673
21 981
26 743
12 285
10 329
5 610
12 398
12 890
4 918
3 899
4 753
25 828
9 573
25 645
14 912
14 906
27 571
7 525
10 951
15 780
25 612
24 780
23 360
2 421
27 207
21 405
26 735
14 886
8 656
23 668
0 206
25 631
18 949
27 707
24 679
1 808
14 952
27 499
24 535
21 316
29 363
5 535
9 325
28 620
18 839
24 719
16 539
6 410
5 880
27 338
24 918
26 524
8 444
21 704
3 304
22 916
11 453
28 985
0 307
26 755
5 558
10 466
24 826
5 933
25 474
15 296
27 888
3 367
8 969
16 502
22 672
4 985
6 538
25 944
10 566
3 731
5 423
4 241
12 952
27 627
17 850
11 243
24 898
15 893
12 570
7 508
20 883
20 758
9 851
12 350
21 900
15 346
28 835
12 897
7 735
27 443
13 448
8 741
8 857
13 211
4 309
6 939
24 268
25 726
29 375
14 454
0 513
14 538
4 552
2 463
18 667
19 983
28 817
20 363
23 421
15 519
2 344
5 530
26 570
25 839
7 473
27 591
16 604
6 303
18 509
18 555
13 853
28 314
29 223
1 676
9 290
2 509
5 608
14 692
11 296
8 703
19 408
2 453
27 680
10 265
15 784
22 497
21 891
7 913
16 673
0 586
0 795
28 968
12 467
4 564
19 411
16 432
25 343
19 293
1 781
3 256
4 889
8 381
24 603
20 408
13 717
29 732
17 760
2 613
16 591
16 337
7 546
20 771
10 751
22 230
26 703
8 379
18 526
24 847
1 617
22 455
1 402
21 480
26 292
23 954
23 455
25 775
25 825
19 679
14 375
0 399
10 691
7 469
15 677
8 763
29 825
11 853
2 969
8 849
2 923
25 900
18 704
8 339
17 420
3 350
2 617
14 866
24 499
16 736
11 371
8 843
17 242
0 762
1 689
26 649
11 239
12 929
20 796
4 582
6 501
15 994
4 825
3 410
0 816
14 409
20 747
18 971
8 949
0 749
19 648
26 530
21 615
16 467
14 954
7 744
28 580
9 611
19 682
24 853
25 762
0 484
