2000
14 592
18 644
26 461
12 883
1 378
19 876
17 758
13 659
7 213
24 367
20 607
17 347
28 298
18 855
24 784
3 583
12 386
9 905
12 724
8 316
28 744
10 913
27 463
11 667
2 221
22 881
6 961
4 402
24 666
6 451
0 479
21 942
17 780
23 667
13 410
22 976
29 425
17 309
17 834
1 857
11 364
4 337
15 257
6 779
23 565
28 938
21 725
1 917
14 919
6 338
10 677
28 802
19 215
15 458
10 828
22 240
4 403
25 887
21 629
11 266
7 835
8 863
5 261
11 864
7 497
18 699
13 891
27 242
22 210
6 632
5 723
2 244
20 408
29 231
4 557
5 536
13 803
25 480
27 392
20 979
23 882
15 968
14 782
5 430
16 884
26 504
20 867
24 243
20 221
19 879
26 767
3 600
6 858
8 711
16 385
25 235
13 710
5 905
12 633
20 922
1 518
25 262
17 404
19 861
27 662
13 217
24 821
7 782
29 824
21 434
24 592
6 943
26 676
12 410
22 441
11 928
5 750
27 829
8 891
27 794
15 656
20 768
4 581
11 308
25 333
7 707
18 297
10 234
11 652
12 910
4 852
11 762
15 351
27 562
28 708
11 543
20 559
14 992
3 302
14 805
15 840
13 706
27 887
24 327
27 716
29 255
6 613
22 543
17 527
6 443
6 324
7 859
11 344
27 970
15 679
0 886
10 402
24 914
11 957
1 911
22 510
8 420
27 722
23 874
8 654
10 585
25 719
23 221
7 455
14 835
2 891
21 400
24 594
25 234
4 616
3 234
19 745
10 699
20 706
12 845
12 509
28 766
4 981
0 766
11 584
29 907
6 625
14 748
11 614
19 284
3 586
19 418
25 661
24 961
13 470
18 237
27 879
2 521
6 968
12 776
7 766
4 231
19 693
25 334
15 866
12 875
3 224
2 799
25 375
13 341
27 346
26 482
27 896
15 881
4 286
28 313
24 863
17 879
26 487
7 389
6 327
28 947
6 631
4 974
16 954
13 353
0 900
29 831
14 258
15 282
10 250
12 619
10 819
15 392
12 332
27 608
13 948
20 956
29 342
16 355
15 638
28 826
20 956
23 658
13 516
8 322
18 316
6 961
6 462
7 806
2 880
24 884
19 451
6 469
20 918
18 643
2 668
24 536
26 239
27 539
3 377
26 631
5 362
6 958
0 779
24 973
25 568
2 377
10 729
26 447
1 530
10 463
20 391
4 671
7 538
9 303
21 837
15 254
18 901
21 392
27 234
14 466
0 303
20 948
15 640
5 453
13 909
6 898
9 691
26 908
10 368
15 384
29 328
25 877
1 831
5 662
29 446
4 575
21 418
22 752
0 310
9 561
0 555
4 838
2 889
7 889
17 522
3 548
6 370
29 518
19 931
2 465
2 733
20 455
15 259
23 428
21 773
26 560
28 546
5 721
0 221
4 802
2 200
15 310
8 276
29 673
13 821
12 822
25 556
23 288
14 672
1 445
29 727
7 760
5 801
24 325
22 900
28 572
17 567
3 293
26 372
24 928
7 413
6 226
11 299
2 998
21 231
4 981
29 763
20 816
25 854
14 307
18 842
9 337
5 468
10 664
4 461
9 334
7 379
2 579
6 943
23 437
29 544
0 792
26 961
15 963
12 279
7 209
7 500
18 612
24 550
27 365
15 708
28 595
9 231
16 633
3 929
24 597
5 471
21 379
4 535
28 305
23 989
23 771
12 741
6 507
15 274
24 691
29 563
25 558
3 365
7 938
12 948
21 599
6 588
1 591
18 918
24 603
17 620
3 679
15 295
29 797
19 738
12 655
2 686
10 383
21 996
17 368
21 930
23 719
6 365
14 219
1 293
7 870
11 275
12 403
13 309
20 332
7 320
20 739
25 827
10 348
27 380
18 410
25 924
20 923
11 227
3 560
15 225
27 513
2 377
17 344
22 971
24 626
10 845
5 328
8 930
3 521
19 495
6 735
17 815
29 656
11 344
0 423
16 912
20 981
19 467
25 830
14 389
9 546
22 891
3 478
0 328
19 963
26 704
23 536
9 577
23 531
1 745
26 383
27 601
8 301
0 239
0 622
15 853
20 370
20 396
17 395
4 291
10 563
26 667
29 769
0 283
15 470
1 543
17 570
22 517
5 352
7 679
16 522
1 664
20 881
8 244
15 590
26 460
22 426
29 624
9 379
24 306
4 986
21 674
28 844
20 330
12 672
28 801
14 351
20 450
12 735
2 655
15 527
27 353
18 786
2 599
1 281
0 513
18 434
24 877
7 965
27 278
8 720
8 642
22 610
19 222
28 461
8 977
4 416
16 273
28 330
27 208
16 324
0 268
19 730
6 560
24 928
24 333
25 323
10 985
13 305
21 483
11 710
17 921
10 882
18 816
8 951
17 971
0 460
15 261
25 440
24 374
20 478
27 617
0 770
15 332
22 451
17 387
9 562
28 574
6 327
17 679
18 436
13 826
5 345
12 984
12 815
0 762
20 283
12 571
18 394
2 928
22 904
29 301
5 503
24 893
15 374
3 657
13 755
5 206
3 700
20 464
15 895
5 412
24 395
12 545
5 915
23 863
20 204
21 333
4 574
21 799
1 810
13 809
18 849
0 727
18 498
7 910
1 817
27 809
20 818
26 704
2 502
19 429
6 914
9 674
22 338
0 228
19 428
7 722
24 387
26 693
14 589
2 888
4 611
2 494
25 232
3 726
29 919
28 712
29 390
23 648
26 399
19 279
0 975
28 383
25 882
12 479
13 295
17 284
12 921
21 870
22 562
20 735
13 490
28 219
14 511
5 378
16 292
18 977
1 350
9 914
16 382
10 939
6 639
9 321
6 401
28 205
18 577
15 496
16 831
7 782
10 240
13 504
10 409
6 431
24 465
3 417
15 465
24 906
15 674
15 716
16 384
3 855
20 479
21 949
3 961
19 886
6 387
1 820
28 812
17 244
0 777
21 327
16 949
12 337
22 786
29 653
9 973
12 942
13 884
0 623
23 613
19 382
11 846
26 427
28 984
11 509
5 888
10 719
12 968
19 414
23 864
16 626
17 958
11 979
8 682
12 471
15 919
4 702
7 374
19 469
15 645
27 648
5 586
25 404
3 749
17 264
0 331
28 619
6 443
26 786
23 379
23 287
7 650
11 540
29 761
0 719
4 369
9 473
22 670
19 752
22 361
1 226
16 346
29 905
1 623
29 978
8 352
26 847
11 562
10 271
24 749
29 835
26 493
13 573
19 560
2 588
26 561
6 562
22 759
1 522
25 815
0 876
8 534
20 277
2 913
17 775
3 208
21 888
5 320
0 590
24 762
9 401
9 904
27 916
28 665
15 751
26 998
8 249
10 911
3 734
8 592
13 207
12 302
20 218
15 540
21 355
13 973
3 840
13 470
19 559
28 516
28 724
26 332
14 290
20 998
0 658
7 438
1 960
18 686
17 545
24 805
15 774
4 637
15 661
19 810
14 443
8 235
3 445
16 745
17 660
19 389
12 517
12 714
0 782
6 692
2 396
22 469
26 292
16 227
8 569
25 795
6 501
5 753
28 836
19 839
25 777
22 375
2 990
21 775
14 654
24 630
24 618
4 733
24 653
9 755
25 737
2 226
22 792
29 555
10 661
7 797
22 987
0 277
6 910
28 869
2 433
18 718
15 302
21 879
21 666
19 445
22 240
10 390
17 996
8 253
20 317
18 681
5 877
24 611
21 452
6 381
21 689
16 427
2 442
13 810
8 270
24 664
14 399
24 599
23 468
7 864
11 200
24 529
12 700
22 349
28 955
19 515
22 453
15 963
20 307
6 402
18 835
24 342
8 604
11 341
22 356
3 216
4 773
12 927
10 459
23 388
25 876
21 306
11 399
8 780
6 724
23 447
28 950
5 203
24 217
9 541
11 538
3 831
14 360
10 223
24 268
15 477
22 909
11 680
25 460
28 844
17 493
21 370
28 312
26 411
2 391
11 611
6 388
9 463
22 740
26 997
17 337
24 593
12 982
19 335
17 965
14 428
27 862
25 790
19 558
3 260
28 684
21 300
20 481
13 611
26 903
17 750
21 979
3 831
2 879
13 802
8 894
11 890
19 435
12 417
1 884
5 662
2 212
6 318
18 478
1 871
18 930
13 477
12 813
16 970
2 795
24 875
3 485
19 395
10 670
22 929
27 899
21 499
16 688
3 322
10 421
16 833
28 313
10 427
22 249
19 443
12 787
17 308
14 357
19 759
17 804
27 216
22 576
24 706
12 912
7 745
18 529
9 341
0 934
15 850
28 559
18 215
5 707
19 887
20 366
27 589
22 400
7 432
4 384
11 692
14 626
9 751
7 894
10 935
6 378
5 642
8 796
24 598
22 789
2 721
17 461
9 385
8 557
28 661
13 831
1 432
0 739
24 749
5 415
11 398
15 321
25 214
21 544
17 566
17 744
9 731
14 401
7 853
13 353
26 745
10 659
22 876
5 890
1 539
27 961
13 874
25 562
24 578
22 318
27 825
12 434
9 581
3 285
17 584
3 731
18 672
6 944
8 668
15 611
20 979
18 897
14 481
20 696
25 336
12 216
9 220
21 592
17 264
3 976
16 712
12 246
28 494
25 219
22 609
27 735
16 881
12 245
3 703
24 533
24 550
12 891
2 802
0 803
27 222
14 607
9 461
5 301
13 924
19 796
16 918
20 803
14 270
5 216
18 843
4 331
14 612
3 760
13 596
12 703
1 617
19 285
2 322
25 820
20 264
14 686
19 312
10 645
2 391
28 723
6 411
5 914
22 674
29 766
10 920
22 415
9 378
25 520
13 526
28 791
16 526
7 720
2 792
0 582
19 447
27 889
13 843
28 798
7 262
23 887
11 335
2 942
16 793
14 259
22 313
26 825
29 875
12 724
24 693
9 308
17 544
26 582
11 549
10 326
29 630
14 881
25 443
7 769
15 838
26 846
25 962
20 742
1 916
22 938
0 625
6 970
11 726
5 881
23 640
9 486
24 666
18 595
15 876
10 513
27 995
14 949
20 338
3 713
2 549
22 530
28 628
11 910
16 950
24 477
25 697
26 380
27 309
28 604
21 541
15 564
24 507
24 862
9 700
16 681
7 495
0 553
19 895
13 708
24 919
12 212
28 747
13 235
4 660
28 510
3 647
1 430
28 893
23 400
17 247
4 676
23 698
8 241
27 505
0 280
3 870
28 214
4 430
12 366
29 228
10 424
25 971
10 797
5 534
20 377
6 261
9 456
24 365
18 1000
16 987
4 296
15 474
14 394
11 627
13 255
13 407
17 256
16 670
15 545
28 500
21 951
2 233
27 720
22 905
1 580
19 348
0 896
1 699
27 512
28 452
20 370
7 933
11 331
3 884
0 239
29 924
18 601
3 791
1 776
4 656
24 565
25 639
10 729
13 314
25 757
28 469
28 232
2 270
26 349
25 730
7 739
15 598
23 969
26 759
13 921
15 433
13 612
7 872
18 667
7 874
2 266
0 744
15 642
9 844
23 594
17 963
17 770
2 553
27 781
14 979
27 392
9 295
16 527
10 668
22 798
27 889
10 758
28 898
24 715
28 599
19 841
27 462
19 788
28 373
18 289
16 364
4 383
4 430
27 849
12 328
22 856
5 980
10 746
0 623
11 367
24 219
19 275
12 685
26 230
3 457
13 684
7 815
2 711
25 394
3 702
7 673
17 681
11 570
10 603
10 434
14 645
26 343
12 311
2 346
23 540
21 329
13 961
27 691
21 578
10 429
7 899
0 631
20 796
13 547
25 438
28 677
2 605
28 920
3 823
9 701
12 741
10 499
22 977
6 666
20 868
7 256
20 274
22 788
1 763
11 376
6 943
22 448
11 607
4 623
11 376
11 517
29 348
25 863
3 297
3 285
11 483
4 430
19 355
4 921
14 570
14 816
1 678
8 336
16 488
25 738
20 658
0 996
12 509
2 850
2 686
29 595
24 370
18 935
6 989
14 591
16 232
14 725
2 606
13 684
15 947
7 543
1 279
21 953
2 547
25 727
4 549
7 385
29 950
2 624
3 220
16 557
29 421
24 480
0 979
24 215
1 550
18 827
16 697
9 986
4 273
21 226
16 410
13 685
22 887
0 779
24 357
2 246
1 393
16 505
1 253
8 491
1 754
2 853
7 800
0 431
7 416
13 203
8 468
2 239
3 630
1 961
27 645
5 912
22 661
21 838
4 252
29 701
22 817
22 838
11 933
22 885
21 881
15 996
24 755
18 826
8 385
10 353
22 363
24 660
10 617
15 887
6 692
0 580
10 969
15 433
6 427
4 247
1 471
17 381
8 369
1 842
10 201
13 594
12 464
26 852
29 712
8 457
13 903
9 589
7 640
28 919
20 463
25 937
10 347
13 649
11 314
12 461
5 537
28 605
6 716
11 917
0 977
9 947
8 661
26 763
9 927
18 562
7 591
17 953
0 725
9 706
3 782
4 494
22 254
2 651
19 618
7 618
23 662
16 277
4 230
28 865
28 323
12 487
27 911
2 529
25 572
24 325
17 890
12 586
16 829
0 236
10 957
1 214
18 318
6 663
20 644
5 310
3 555
24 291
25 972
4 400
29 538
23 214
0 774
0 675
1 265
19 839
24 530
1 921
16 979
17 335
9 200
28 787
18 221
27 886
20 968
28 870
19 410
26 922
28 758
23 972
26 276
18 602
29 479
24 289
5 455
28 314
4 511
21 539
22 209
10 931
25 397
12 435
5 401
29 944
3 254
15 602
17 765
25 531
19 441
5 566
1 495
24 609
0 559
4 327
25 856
4 980
4 903
23 940
24 366
17 333
24 991
8 530
13 410
20 743
5 642
21 974
27 211
26 798
19 297
0 758
25 742
24 854
18 306
22 709
11 476
1 668
16 302
21 220
22 751
9 566
7 855
25 318
6 415
4 609
25 493
17 655
12 547
28 982
25 909
4 953
19 815
18 575
10 311
25 728
18 832
9 235
8 957
26 425
14 391
12 758
28 279
11 739
13 678
14 753
29 687
14 627
25 709
19 348
5 312
16 752
22 617
5 459
19 726
10 537
8 305
15 365
26 420
12 469
10 413
22 686
1 953
24 916
11 776
9 932
21 287
29 311
7 361
7 286
20 375
11 309
21 571
8 709
20 856
22 679
23 877
10 833
13 886
22 675
2 411
7 946
6 233
6 255
10 819
21 965
16 940
18 660
10 915
29 294
28 573
4 205
7 542
1 378
8 342
24 883
12 768
15 841
14 449
3 961
26 402
14 833
28 539
22 539
19 923
24 320
17 288
28 286
28 396
0 725
17 603
8 767
29 282
25 816
26 585
18 829
27 870
27 341
25 889
4 514
0 388
25 462
24 864
0 627
24 668
27 702
18 240
14 604
13 293
7 706
16 673
2 517
14 828
8 241
17 215
16 832
3 999
13 321
23 510
23 736
11 829
6 369
16 224
15 986
29 219
24 402
24 917
24 418
17 552
27 511
15 479
20 458
28 628
20 296
29 264
5 316
3 400
18 980
9 396
23 302
22 520
6 774
1 325
27 826
29 781
26 237
13 889
15 855
24 365
25 337
6 996
15 401
3 632
29 263
10 964
17 415
4 491
3 261
17 410
12 743
19 894
29 381
21 661
2 580
11 787
19 853
20 323
16 312
9 307
11 946
15 828
10 757
5 377
13 780
26 677
6 787
21 883
21 646
0 920
15 405
4 303
1 640
19 839
2 965
0 378
7 509
17 290
24 793
27 960
28 602
18 360
27 592
9 249
8 493
12 456
12 676
2 458
28 612
12 937
16 394
1 722
28 606
11 224
28 408
21 268
2 344
9 725
13 884
15 250
17 827
24 471
15 537
21 360
10 749
26 370
6 699
25 916
12 923
19 424
7 641
27 477
27 848
6 227
15 757
0 215
9 907
28 715
0 776
21 324
24 575
1 511
22 237
6 486
11 314
12 614
1 857
18 836
14 917
12 680
18 918
4 622
19 925
5 457
15 980
13 735
3 364
29 889
6 494
23 426
22 943
18 919
26 954
8 841
16 610
6 411
14 522
12 587
8 366
7 833
20 770
8 476
2 426
16 568
6 898
3 313
17 727
8 614
21 806
9 800
5 875
27 647
22 216
4 314
0 834
9 627
18 813
18 965
9 537
6 658
13 833
2 677
6 543
7 456
18 344
8 328
29 320
7 629
24 857
23 671
16 300
2 517
15 799
26 818
22 765
4 428
8 967
24 502
24 498
22 897
27 579
17 928
8 282
15 308
3 390
8 735
13 340
27 422
14 963
23 896
20 515
9 662
17 541
4 827
12 716
2 832
23 684
3 565
8 611
29 399
26 246
9 202
28 773
13 430
5 543
13 596
13 279
1 294
0 210
27 662
7 952
23 545
2 326
19 261
14 577
12 920
22 716
4 600
11 539
11 512
7 305
24 784
18 733
28 712
5 510
22 306
23 924
17 712
20 594
15 582
2 428
21 573
7 541
28 579
21 781
1 327
16 336
19 831
3 401
3 652
19 338
14 427
14 440
29 972
10 827
4 607
16 668
13 724
10 707
26 352
7 568
20 584
14 279
24 284
17 385
15 219
0 923
7 411
9 804
11 703
17 520
19 997
1 973
13 708
13 497
17 489
25 802
28 405
6 922
26 792
29 814
20 655
3 262
26 833
5 292
26 748
20 514
8 956
15 344
2 455
12 410
25 673
11 955
29 763
19 502
17 453
18 749
9 954
19 495
6 991
27 235
24 552
8 426
12 551
13 286
19 442
5 280
4 415
19 454
25 623
17 770
24 808
9 723
9 395
0 246
23 639
23 487
2 442
3 536
27 350
4 353
15 702
5 635
9 971
5 741
25 639
4 226
21 622
27 534
12 837
1 240
27 694
11 201
21 672
26 248
15 523
17 518
13 449
4 688
10 454
24 810
5 429
18 211
24 764
20 828
7 432
20 529
3 946
27 618
2 661
19 880
27 317
7 539
29 993
8 557
