2000
13 201
8 235
13 524
28 518
11 481
24 963
19 291
7 417
23 567
24 834
24 652
1 514
11 395
11 414
18 537
16 530
19 625
13 777
17 789
7 245
22 590
11 900
16 592
1 326
20 939
8 645
3 702
0 246
7 339
27 470
20 496
15 481
5 581
27 719
24 816
15 271
15 932
4 373
29 929
2 541
24 647
29 437
6 796
23 924
21 536
29 879
14 444
18 536
7 491
29 797
18 307
11 606
3 776
9 901
28 332
8 871
13 590
11 258
22 500
25 509
6 998
6 396
25 723
11 209
13 650
11 942
26 882
7 600
8 264
14 360
19 733
21 775
25 924
29 461
5 339
28 215
20 731
12 240
16 444
13 282
17 785
24 761
22 942
26 460
7 719
14 955
14 483
15 223
18 289
7 767
25 263
3 515
12 913
4 353
14 378
8 795
13 641
11 500
29 350
15 535
28 942
29 710
9 829
14 618
14 267
18 1000
11 716
21 767
22 412
12 686
14 205
22 594
19 421
0 930
18 396
8 373
29 454
21 682
5 476
19 264
2 350
12 352
21 812
17 547
9 361
28 292
4 651
13 275
12 935
14 740
8 632
29 878
27 439
14 585
17 851
9 576
29 374
24 428
17 553
28 546
23 435
16 647
26 834
13 627
12 452
7 821
7 902
7 875
5 502
16 839
5 303
4 663
8 779
17 639
26 824
10 518
6 613
1 767
11 426
25 824
3 396
20 850
1 410
9 778
25 389
29 415
10 706
20 982
28 370
10 450
22 594
6 964
13 342
2 429
27 383
22 468
24 999
25 745
19 649
4 617
6 450
13 973
17 726
29 466
26 608
25 330
5 384
0 413
25 234
25 833
18 331
20 387
21 764
14 719
10 709
22 409
26 981
13 522
28 420
18 621
4 643
29 690
3 432
27 699
7 448
1 898
16 455
4 373
14 385
7 924
24 578
22 366
5 359
6 529
6 471
1 817
20 893
15 920
6 702
22 252
28 358
16 558
6 931
3 328
0 690
2 653
7 611
27 857
4 677
17 691
12 306
3 599
16 986
6 695
23 828
19 456
26 645
15 573
22 860
5 993
29 209
18 372
29 784
26 292
0 511
10 311
6 798
24 881
25 831
28 821
24 736
12 452
22 569
26 639
7 362
16 367
14 412
7 886
14 316
27 966
11 418
8 233
27 740
27 279
27 767
27 575
2 327
15 584
9 584
2 365
11 997
24 533
0 311
0 871
11 323
24 766
15 559
23 753
23 410
21 732
22 309
16 885
6 941
7 668
0 686
12 574
18 783
26 264
9 684
11 295
8 291
4 380
21 227
8 774
17 635
27 961
4 656
23 390
15 996
15 808
24 405
2 641
27 815
15 662
15 486
29 979
29 477
2 468
25 266
15 601
27 995
17 417
6 419
3 314
3 610
5 775
12 503
27 314
12 971
13 987
18 335
12 349
25 753
1 394
9 443
0 465
28 662
3 645
15 938
24 226
13 588
5 531
6 226
24 370
11 248
29 638
24 715
10 466
23 957
14 950
15 316
28 432
0 461
8 925
17 822
6 617
13 331
0 620
21 246
27 871
12 348
28 406
13 618
15 484
11 733
0 867
13 309
25 910
3 628
24 932
14 248
9 338
11 268
28 318
22 616
21 810
17 220
2 685
13 278
0 818
22 569
19 337
11 375
28 276
25 423
27 329
15 919
3 982
18 208
11 618
24 310
5 408
3 484
17 266
27 649
16 698
15 477
21 302
11 625
26 967
29 337
11 944
9 358
3 770
28 362
10 284
11 764
0 689
15 630
10 818
25 283
1 649
7 402
3 467
10 977
2 673
5 848
16 639
29 477
1 807
12 792
27 878
21 960
28 574
6 322
6 941
19 392
10 978
4 621
4 424
21 920
14 827
2 376
6 710
4 978
28 789
17 823
3 218
1 791
21 362
19 314
20 756
22 436
1 346
14 772
28 458
7 533
5 346
11 936
5 427
12 928
16 362
26 216
6 792
24 541
12 820
1 410
20 244
24 687
12 290
19 232
22 910
0 592
6 854
16 803
29 663
7 283
0 919
22 974
6 904
22 486
8 501
1 980
13 650
14 719
28 911
13 471
2 735
3 321
23 459
28 333
15 960
15 447
0 896
26 810
1 412
16 780
24 356
28 584
26 593
27 770
13 565
7 583
7 422
5 328
9 229
18 745
3 876
11 383
5 932
27 977
17 688
16 561
9 596
9 845
10 674
23 663
22 843
0 209
20 864
7 280
8 901
12 798
20 296
1 525
23 795
27 429
25 474
25 781
25 689
25 923
12 993
10 717
17 308
8 853
20 720
10 711
12 348
22 997
18 752
11 406
23 563
13 799
13 922
6 382
26 868
9 281
3 982
19 539
5 593
15 363
7 612
18 261
25 948
6 283
28 220
0 398
8 745
14 684
6 729
4 506
22 715
27 657
26 753
6 378
17 266
20 941
13 780
26 751
24 366
0 549
3 359
3 284
6 292
24 378
21 345
21 650
10 220
23 466
21 585
17 974
22 719
28 303
7 720
2 733
4 247
20 936
1 557
9 402
1 669
26 752
28 690
22 568
0 750
20 223
4 906
5 966
11 527
4 426
10 721
3 823
18 747
5 621
22 816
13 671
15 698
0 502
6 369
25 540
28 598
13 474
27 719
20 504
24 221
22 505
29 332
3 742
12 867
15 822
2 815
25 873
23 836
13 626
13 954
24 477
28 254
1 672
0 209
13 920
7 417
20 735
21 291
20 592
4 995
2 704
1 875
14 587
16 229
11 435
25 434
21 300
24 569
19 914
20 965
6 477
5 895
8 890
10 702
28 343
17 850
14 686
25 799
28 890
16 641
6 669
9 277
3 698
4 821
28 692
29 246
9 697
15 316
29 880
6 231
23 285
17 424
6 791
1 751
23 627
11 587
0 658
10 716
28 888
16 401
18 993
5 331
13 952
22 329
20 715
5 225
13 340
15 312
7 697
17 319
26 372
9 364
15 433
8 387
22 320
11 285
5 586
3 397
22 750
6 507
16 818
11 615
28 437
16 244
25 940
11 563
17 871
1 447
24 454
1 208
22 525
15 802
11 487
15 809
19 487
20 475
13 440
11 354
17 353
10 511
3 386
8 834
13 282
4 735
10 593
28 489
14 873
23 678
23 364
18 235
1 910
26 302
21 862
10 908
18 700
15 683
3 783
27 802
0 577
1 246
15 963
7 294
1 540
7 412
24 928
19 658
6 603
3 586
22 991
7 457
19 238
16 827
1 915
24 623
27 908
14 736
3 761
24 434
22 227
10 895
9 451
4 225
24 561
3 490
8 581
7 550
26 715
8 653
20 638
14 417
2 678
10 884
22 868
18 312
28 451
15 521
2 316
2 677
14 978
27 697
11 833
3 927
22 639
25 949
18 401
6 775
4 845
25 613
12 405
20 521
5 205
26 754
22 214
15 845
18 680
17 729
9 719
13 926
23 240
20 410
29 730
6 690
1 235
19 543
20 907
6 299
0 452
4 939
22 316
15 493
17 939
21 836
13 968
2 686
18 599
24 270
14 269
22 976
10 463
15 616
27 767
15 318
24 255
18 769
12 690
12 233
26 246
0 676
3 779
20 701
26 210
9 484
12 237
18 333
6 341
0 912
29 268
9 730
4 468
23 789
29 828
7 700
20 217
25 928
17 389
18 845
11 636
9 275
15 270
12 637
7 708
14 599
25 201
7 274
1 373
24 986
7 854
15 735
15 982
22 925
23 655
3 251
10 573
11 298
23 862
26 793
2 863
29 639
25 951
14 928
4 798
19 853
5 742
9 203
16 945
11 847
24 324
3 671
9 579
6 985
13 593
26 781
13 300
9 680
0 341
2 712
13 828
22 414
16 617
8 781
10 501
8 862
19 286
2 244
0 661
29 430
24 967
3 984
13 607
0 338
8 905
21 279
21 535
11 912
0 527
2 934
14 393
24 577
17 881
17 971
28 841
5 263
10 246
28 713
8 858
18 281
9 318
1 312
17 813
18 330
29 911
11 425
0 918
5 420
10 423
2 744
25 938
17 490
28 937
2 925
5 286
24 619
10 569
4 979
7 848
12 950
6 524
11 663
0 607
23 741
25 221
2 760
4 293
4 500
16 216
26 696
1 910
25 986
15 756
7 899
16 450
24 474
18 217
11 311
14 488
9 938
26 514
2 953
0 738
23 515
1 530
12 494
26 500
7 924
16 604
20 328
6 801
0 941
27 228
22 459
25 354
15 917
25 373
2 538
10 891
6 846
26 946
23 451
8 245
8 841
8 598
2 368
16 824
25 448
20 703
25 750
19 638
1 449
8 718
14 747
11 634
22 446
4 914
5 226
8 808
9 791
23 655
9 568
6 290
24 342
11 554
0 706
2 463
18 953
28 373
4 318
18 904
8 841
2 529
0 914
16 492
7 818
9 748
14 817
19 367
22 846
20 623
13 414
17 785
27 961
4 898
25 935
4 898
15 444
6 571
6 405
8 909
7 930
11 921
28 975
20 603
17 288
11 309
19 542
18 612
19 805
8 262
16 490
18 374
23 512
17 853
14 301
27 630
11 932
26 280
4 942
19 757
10 744
1 945
24 740
0 249
24 980
9 722
6 855
1 578
3 805
12 441
25 283
22 263
4 889
25 437
0 909
6 381
18 588
6 584
16 448
19 302
29 715
6 966
26 343
3 405
1 952
21 301
24 847
5 650
10 204
4 610
1 217
3 611
7 796
26 534
27 901
18 567
22 859
12 471
11 839
27 728
13 695
20 591
14 262
21 461
5 505
19 232
28 492
9 973
29 465
4 999
22 934
28 350
5 597
18 217
12 938
11 648
3 530
29 326
7 827
16 967
8 269
25 236
22 801
16 439
17 942
9 297
3 331
28 221
20 881
7 875
10 886
15 572
10 212
21 354
11 240
16 624
15 759
29 470
12 484
21 990
13 645
25 944
15 552
23 906
8 391
14 541
3 566
10 858
29 934
10 692
1 231
18 763
18 961
4 441
25 773
4 942
4 581
16 606
4 907
13 891
23 202
15 220
9 334
13 534
19 964
12 905
15 950
23 465
0 882
19 875
24 639
16 872
0 359
16 435
19 558
7 716
7 330
2 724
5 736
8 708
18 907
10 424
26 873
18 539
14 711
21 951
23 461
14 965
25 250
11 462
1 642
5 549
16 521
22 825
8 277
21 302
2 209
3 385
10 844
25 263
25 877
14 813
24 480
29 557
27 510
12 629
16 247
29 428
2 872
6 721
17 500
2 537
21 204
21 610
5 258
1 701
15 735
27 859
0 210
14 494
12 462
28 945
11 372
22 497
20 298
23 402
28 247
22 767
13 767
10 474
6 746
26 284
25 320
10 719
4 247
10 539
22 565
23 319
10 808
24 747
9 781
24 521
2 650
26 309
18 553
8 524
25 838
20 795
19 442
24 945
11 628
7 625
26 678
23 668
29 969
7 851
19 482
16 775
4 826
2 795
11 820
28 786
2 919
16 855
12 897
25 558
8 644
20 211
26 758
5 542
7 441
26 527
13 741
7 757
12 853
22 533
8 485
6 346
2 533
7 379
13 513
1 591
4 996
22 937
0 577
5 306
13 219
2 351
4 839
25 514
15 669
26 387
1 700
15 650
4 837
3 530
6 423
14 937
26 719
6 565
21 942
2 236
16 557
11 592
15 221
3 299
6 994
10 557
12 972
5 372
6 299
27 480
0 308
24 832
18 412
23 811
24 276
17 685
9 591
29 300
24 346
5 776
10 640
6 741
10 238
25 943
11 836
27 878
14 829
28 287
10 367
4 707
8 443
20 954
29 955
3 311
24 752
18 827
18 426
26 796
18 293
27 531
14 665
6 588
26 904
5 908
17 415
0 708
0 850
15 612
27 943
4 703
29 847
10 818
7 401
16 699
19 564
11 738
16 985
25 578
21 333
29 762
22 267
0 653
12 271
21 470
27 244
22 945
6 746
4 547
7 494
29 444
15 756
29 526
4 1000
9 294
27 204
3 437
16 664
7 539
21 720
4 904
0 294
6 690
27 536
3 498
12 244
5 807
8 770
15 717
8 965
17 251
14 654
14 236
17 652
14 484
6 829
27 425
14 724
18 244
28 666
26 484
17 340
20 322
18 431
1 421
26 391
1 849
5 758
25 316
1 265
28 653
14 428
27 978
29 689
27 539
4 830
19 693
14 978
16 662
21 977
20 320
26 593
25 734
20 474
3 900
28 438
7 625
1 706
0 842
26 605
8 501
15 888
2 701
27 839
23 428
9 355
10 436
23 824
0 624
28 326
7 540
16 829
15 926
16 544
24 772
10 403
3 982
24 507
19 393
12 304
3 920
8 681
10 854
20 501
14 992
5 428
26 631
12 917
3 605
16 548
25 579
29 689
2 423
27 710
8 760
15 633
12 762
3 693
15 887
17 672
18 698
19 865
25 393
17 363
28 559
26 204
28 545
0 930
11 455
29 308
23 385
14 808
1 384
15 760
11 348
29 754
12 909
2 551
10 694
7 565
24 766
10 623
24 721
3 372
29 249
25 635
0 504
9 531
23 794
29 517
1 707
17 212
2 302
7 819
8 409
24 965
21 427
26 480
4 829
19 260
10 906
16 872
26 561
14 677
10 361
17 256
15 446
17 863
27 772
12 357
25 297
19 490
5 585
20 680
17 289
6 859
27 980
22 569
10 242
17 541
14 990
11 806
19 967
3 453
24 756
7 674
24 216
25 717
11 264
8 245
10 706
4 962
2 372
1 794
25 508
23 905
2 865
11 468
29 493
17 661
12 298
10 576
1 301
27 766
8 328
8 479
12 955
11 353
17 697
11 942
4 827
5 861
17 705
23 426
7 688
0 938
11 754
23 955
9 403
25 529
26 706
17 726
1 716
3 382
15 893
21 399
16 834
4 396
28 731
15 227
20 768
26 664
13 574
12 425
28 458
21 605
16 227
17 619
15 596
2 683
0 268
8 900
29 675
23 384
22 888
29 554
3 249
5 642
3 657
27 511
27 478
3 276
25 690
9 703
25 601
10 674
16 612
15 686
3 616
24 962
22 756
24 876
7 513
18 512
4 372
12 742
5 299
2 242
0 233
1 477
11 464
14 408
22 743
0 427
16 928
0 284
23 288
2 666
20 257
4 754
13 222
10 254
13 371
16 623
9 580
17 312
18 623
24 719
11 471
5 484
20 601
29 781
2 741
17 954
21 982
29 842
7 935
25 259
27 788
11 867
8 968
21 328
17 295
10 552
25 547
22 462
27 855
19 238
2 373
13 628
9 886
18 590
13 538
18 366
17 866
1 305
21 875
15 476
5 674
19 498
5 792
2 975
24 466
21 297
21 816
3 835
28 717
9 628
16 334
18 710
4 814
15 597
11 206
20 602
25 975
3 615
14 488
5 878
21 759
24 214
25 456
20 933
7 644
13 398
20 889
16 249
15 280
17 212
26 245
6 673
3 553
28 542
16 542
11 975
26 710
16 935
19 315
28 750
9 669
19 943
21 812
23 269
14 253
22 762
12 655
4 719
17 582
20 819
23 553
22 662
6 711
4 737
16 378
12 213
29 803
9 760
29 589
11 482
1 303
23 460
8 395
21 464
20 398
15 979
6 361
6 253
16 223
10 983
17 405
7 867
28 969
26 288
18 965
16 619
9 865
2 605
25 802
1 906
7 320
1 530
13 398
28 652
20 699
3 443
29 346
4 303
14 894
14 546
27 500
15 838
3 401
11 926
6 605
11 690
8 339
4 831
11 630
16 521
21 306
13 363
0 856
11 271
22 258
15 889
26 347
12 387
25 823
1 486
17 896
8 268
20 865
27 621
22 997
5 596
22 946
10 993
2 342
14 895
2 746
29 698
9 899
15 519
16 906
16 563
10 843
3 998
16 657
27 699
3 492
5 538
23 531
13 851
5 290
29 466
11 569
0 985
18 880
25 738
1 578
14 367
6 919
10 536
10 281
14 735
17 410
17 576
22 314
13 623
3 768
6 674
2 460
1 200
29 702
16 814
5 844
23 315
11 405
6 360
24 600
2 796
6 581
17 864
4 659
13 499
23 328
7 213
1 485
22 383
24 327
18 324
4 972
4 745
14 217
19 922
18 636
4 625
10 562
22 520
12 754
15 441
18 814
25 985
27 611
4 255
11 225
27 238
5 735
28 701
5 245
4 940
28 842
18 525
23 455
27 562
20 302
22 915
2 487
3 413
25 693
14 311
17 598
24 352
27 656
15 780
18 506
5 454
11 322
13 944
13 252
22 352
18 928
28 874
11 382
15 304
4 426
28 426
29 590
5 637
19 415
4 794
20 321
22 869
6 726
13 432
17 442
19 334
19 915
1 616
20 692
0 853
8 484
11 381
24 254
6 547
5 539
26 552
16 518
23 610
4 510
18 659
14 344
0 525
6 591
14 915
13 962
1 553
19 524
9 565
14 954
15 832
2 226
3 984
1 672
21 996
29 490
6 733
10 400
26 974
13 570
25 796
0 922
20 781
26 425
17 333
20 285
7 799
13 385
27 600
1 614
29 745
14 939
19 258
28 811
13 727
14 335
29 843
18 316
13 416
8 289
15 902
12 847
20 685
4 429
23 393
13 603
13 379
28 524
4 242
5 239
13 401
18 511
12 680
26 791
19 941
3 709
6 205
24 448
23 346
22 578
9 663
5 878
15 775
10 517
25 802
2 478
20 849
13 312
8 406
27 413
22 361
21 766
23 379
5 949
26 427
17 826
9 957
20 732
19 520
27 927
11 774
4 313
21 600
3 280
0 956
14 362
24 904
10 868
1 426
25 426
3 305
6 396
16 923
14 672
24 652
9 471
17 711
18 762
1 899
29 961
1 589
17 245
24 535
1 968
13 670
13 474
2 587
1 510
16 351
9 444
2 433
10 620
10 595
16 915
22 638
26 643
28 678
15 283
7 896
5 962
19 808
1 500
2 626
17 459
28 438
26 921
14 403
17 506
12 372
