2000
26 453
21 322
0 341
14 225
24 406
2 323
21 401
10 236
20 831
13 972
23 683
16 494
9 561
10 481
5 788
5 615
12 595
11 315
8 790
29 844
28 898
11 566
29 496
18 300
8 200
25 575
12 887
2 952
9 522
18 776
17 518
5 318
25 524
14 686
11 911
11 698
6 737
23 387
28 593
1 905
17 331
11 729
26 886
12 509
29 838
15 557
12 845
24 928
26 549
1 245
16 523
4 562
21 718
15 664
12 948
0 724
24 681
23 819
1 969
9 372
26 225
11 704
28 388
24 737
3 231
28 842
21 655
13 501
23 303
0 364
23 243
25 713
27 965
15 611
1 741
24 470
10 563
7 558
11 358
12 481
2 302
22 588
9 715
1 589
9 846
26 571
18 790
0 975
13 287
26 557
17 754
21 551
26 225
0 324
2 691
10 844
5 282
15 411
18 861
2 533
20 918
27 254
29 483
11 569
21 804
12 587
8 212
2 200
0 786
13 280
1 375
4 662
18 943
18 684
24 378
20 244
15 799
9 220
20 981
12 723
15 305
14 249
3 472
27 948
12 251
22 417
28 250
18 940
9 917
7 489
16 412
0 447
5 854
9 757
6 711
18 620
19 510
0 332
19 830
15 880
12 711
23 993
22 948
12 840
27 381
3 599
24 972
24 513
21 740
17 531
7 414
24 893
15 395
1 405
8 286
5 955
16 830
2 833
19 345
16 437
25 931
15 471
1 774
11 630
13 491
2 829
24 451
13 389
24 571
5 738
26 632
26 404
23 637
8 933
1 642
27 940
26 214
26 979
8 759
9 612
14 204
12 658
4 263
11 282
27 838
9 398
12 703
4 917
15 213
27 574
10 466
29 566
4 903
14 328
28 660
0 876
14 277
27 646
5 503
23 885
17 894
12 427
7 800
19 991
2 888
17 217
6 484
24 952
15 435
18 218
20 867
26 406
4 675
6 746
16 518
19 417
5 280
29 269
4 456
18 879
9 820
29 455
20 436
3 879
21 740
11 708
7 404
27 701
23 530
20 314
18 878
1 840
19 366
2 426
11 832
21 529
4 719
18 682
17 845
29 991
21 720
4 794
10 427
18 438
9 784
16 636
2 678
14 796
4 729
20 980
12 422
28 782
24 996
1 655
2 647
29 963
25 636
27 754
10 935
12 701
28 210
17 639
17 581
3 415
17 743
11 917
7 344
12 998
29 344
6 987
5 853
6 727
28 960
9 864
15 386
6 897
14 641
18 299
17 305
22 650
20 859
8 677
1 356
10 983
27 245
22 809
26 211
21 944
21 721
17 654
7 279
10 927
7 777
9 459
18 754
5 429
23 620
15 312
19 324
15 915
14 956
24 554
12 910
21 771
11 765
4 743
3 720
5 661
4 368
18 955
2 460
0 356
6 247
28 861
6 560
17 554
22 684
15 755
16 338
20 597
20 594
8 272
14 919
12 203
8 845
16 881
0 918
5 960
18 790
5 476
13 729
22 586
24 992
29 897
13 332
5 807
3 311
5 699
10 363
13 982
7 875
22 616
1 274
27 712
15 485
24 756
9 965
2 844
29 787
21 336
19 544
15 848
23 491
20 220
15 472
26 285
9 817
14 485
22 374
13 954
25 657
18 980
14 871
11 237
3 847
21 603
2 709
17 801
6 563
21 604
0 466
26 252
11 460
21 731
3 491
28 729
20 639
21 884
7 365
27 298
28 771
14 478
18 933
5 435
17 302
28 545
29 515
5 786
9 913
28 499
11 976
26 647
10 409
24 941
10 979
8 865
29 741
23 997
27 359
25 812
15 895
29 852
9 404
6 923
8 476
14 256
3 436
5 668
24 969
2 283
14 929
7 608
14 201
16 750
17 943
0 223
7 611
16 895
18 954
10 774
20 448
22 942
3 904
1 516
27 473
10 746
18 617
28 518
7 768
22 369
0 363
29 387
20 888
7 714
1 660
20 909
13 810
15 699
6 955
8 557
16 595
23 514
13 896
14 294
22 452
5 758
3 521
22 925
21 710
22 989
5 592
2 339
9 307
3 574
17 757
13 220
7 698
9 600
28 776
26 963
23 945
21 692
7 641
2 334
9 378
17 456
19 203
18 940
0 723
7 234
20 265
2 306
12 888
24 578
2 897
29 713
4 838
26 450
18 534
5 684
20 454
1 823
5 617
8 298
0 846
0 700
12 347
18 406
2 793
0 267
7 375
20 643
4 778
28 381
6 606
29 210
0 426
10 946
10 440
2 944
3 727
16 811
6 941
6 566
14 995
6 260
11 931
16 974
5 911
1 908
18 237
7 699
21 680
15 539
9 835
19 671
6 217
29 703
16 379
0 474
29 932
24 853
0 875
26 641
13 227
0 688
4 536
13 203
28 282
3 714
28 359
14 432
23 390
15 793
14 868
8 805
29 767
24 592
4 369
29 540
4 547
7 726
24 925
9 920
10 207
6 884
16 575
18 324
26 731
9 762
25 608
19 904
0 564
17 367
7 363
11 904
15 839
19 271
17 411
13 419
24 222
11 989
4 800
5 712
25 398
10 250
5 393
19 538
13 505
10 603
1 898
4 348
5 611
0 316
22 960
25 703
3 368
6 575
1 200
10 342
18 538
2 900
9 575
28 878
17 925
8 754
24 893
0 376
14 287
28 947
21 384
16 358
3 533
26 936
0 857
22 405
22 381
4 443
4 895
4 253
22 753
10 778
1 375
28 440
11 287
15 926
29 993
27 430
7 538
1 669
11 862
0 300
12 401
2 432
17 423
3 220
1 264
28 284
24 587
15 954
12 595
15 421
24 498
13 266
9 276
11 427
5 676
2 948
9 882
12 350
21 268
1 595
23 713
10 664
7 808
21 373
25 641
24 551
24 745
14 292
0 545
0 825
25 961
0 377
1 946
23 263
19 204
22 279
19 296
1 472
19 656
26 1000
16 791
18 940
21 842
8 443
3 561
5 262
9 874
13 341
22 468
29 244
2 808
6 993
29 486
15 217
26 391
26 783
23 959
28 699
19 703
22 276
5 700
4 395
11 231
19 639
21 257
18 689
0 651
20 600
15 991
17 385
2 812
3 354
5 686
6 768
12 992
20 578
5 539
29 236
14 938
8 510
20 308
18 798
8 583
8 286
2 589
18 741
22 278
0 896
12 853
29 652
14 843
7 751
1 627
29 686
17 699
9 685
24 431
11 820
10 335
26 699
5 400
8 438
0 813
20 668
23 311
27 623
10 483
12 276
27 951
29 785
22 907
7 351
6 665
27 479
7 222
5 293
24 570
24 836
19 709
22 860
28 503
13 245
13 305
12 441
21 729
4 644
0 868
14 740
7 982
1 477
24 931
24 920
13 613
28 270
23 227
26 674
14 353
1 424
17 981
24 575
20 431
0 913
1 227
19 257
0 693
19 552
0 933
1 313
12 587
29 236
26 423
21 422
15 780
17 320
1 969
16 545
10 663
14 297
18 507
16 956
1 594
13 438
23 266
6 317
21 775
0 925
11 417
24 951
18 925
12 646
6 996
28 596
16 745
0 550
26 549
17 876
24 266
25 516
12 748
25 249
22 594
13 838
16 478
10 292
2 562
13 315
12 918
14 863
0 817
16 681
24 978
10 301
16 527
18 604
10 522
26 295
26 485
3 542
19 233
27 668
2 783
11 327
15 255
15 822
14 316
23 800
28 729
13 559
9 793
11 314
11 782
23 527
3 645
3 872
16 693
24 451
16 341
18 813
28 448
6 381
2 632
23 532
1 760
17 259
6 670
2 542
10 476
15 788
15 812
16 269
8 857
28 793
14 373
17 526
13 924
17 924
19 290
3 241
21 782
9 493
15 660
19 637
27 304
20 794
3 347
2 942
15 373
25 779
15 443
25 511
0 936
16 471
6 530
27 903
1 627
22 856
15 499
13 433
12 731
24 343
29 253
5 633
28 744
17 856
9 717
23 373
26 660
0 499
18 310
2 682
23 834
29 445
9 268
28 936
3 208
11 212
2 640
15 875
5 574
17 713
9 890
16 974
10 331
23 438
6 224
29 962
1 638
9 511
27 891
25 880
12 930
24 716
10 807
12 683
3 655
18 558
10 995
29 954
21 228
25 377
5 371
28 454
7 366
19 232
12 878
19 928
6 417
8 816
17 430
27 741
25 711
17 226
27 390
5 632
6 723
29 261
21 365
6 679
8 539
2 690
2 638
23 465
20 581
29 586
19 215
7 444
12 331
7 739
20 414
27 362
19 584
24 772
20 570
16 920
4 784
21 203
29 588
20 540
15 210
2 278
1 429
5 415
24 412
14 906
13 900
29 685
24 998
13 836
20 975
12 405
20 914
26 666
6 606
29 437
11 931
14 666
0 391
16 783
16 991
5 437
1 709
11 521
0 481
2 997
24 886
24 341
25 855
19 427
26 901
4 755
13 858
7 924
14 611
14 211
21 279
2 921
7 924
0 308
9 969
27 865
23 757
5 552
5 533
27 932
4 780
25 624
13 727
7 256
2 765
5 210
6 814
8 784
23 602
15 200
10 657
6 410
21 902
1 773
17 352
21 298
25 865
27 465
25 577
10 389
15 411
12 733
19 563
21 427
18 894
19 647
27 492
7 262
24 894
15 799
15 961
23 701
19 450
0 548
28 925
14 699
5 370
19 477
16 572
25 858
6 331
29 900
22 225
23 938
27 622
6 569
8 442
17 317
9 337
9 713
2 302
11 751
24 629
23 777
14 343
10 855
24 694
2 535
5 335
15 294
4 998
4 246
24 299
0 735
0 223
25 679
20 526
10 201
23 439
21 854
29 287
28 306
0 910
5 554
27 623
16 245
4 677
8 290
14 517
27 909
10 651
1 437
26 988
10 494
28 422
16 589
19 540
10 480
15 918
12 289
25 289
8 955
5 822
24 260
20 794
20 480
1 929
28 831
22 723
2 790
17 228
21 622
16 329
17 798
13 946
12 926
2 400
14 363
16 209
10 252
18 732
20 554
4 720
16 559
8 730
6 276
11 748
17 407
0 434
6 321
8 253
25 800
2 303
27 768
18 589
24 267
19 999
4 413
2 689
9 632
7 607
2 442
22 653
13 348
17 469
28 458
10 550
7 535
6 413
11 979
26 352
1 688
5 950
28 400
27 999
4 220
4 489
23 676
5 607
21 320
26 565
19 361
15 243
28 705
28 652
19 986
20 217
12 687
3 569
26 287
16 206
24 309
11 388
1 705
27 710
2 281
20 438
23 412
1 744
4 548
13 886
15 233
29 727
27 208
20 469
1 760
9 902
24 710
25 630
0 752
25 401
8 993
26 704
5 364
20 766
12 799
18 947
12 953
5 268
21 796
24 235
7 519
28 772
16 301
13 983
20 894
11 927
25 844
19 295
12 665
18 677
12 774
26 446
8 867
20 226
24 785
10 688
18 411
1 840
15 953
9 317
18 591
25 800
24 778
27 464
13 410
12 343
24 544
13 677
3 867
21 631
13 503
7 699
29 268
14 983
12 394
3 251
29 605
13 972
24 515
3 572
21 308
17 906
5 279
19 626
2 402
13 315
21 657
0 718
21 527
0 403
22 787
19 604
21 366
29 401
9 518
4 964
23 958
19 657
12 407
21 272
6 786
5 781
12 261
6 874
9 450
10 663
25 596
18 424
2 578
16 776
6 236
13 917
14 753
16 840
28 919
25 344
26 632
26 914
8 424
23 229
8 504
29 530
13 226
14 988
2 549
24 671
7 610
11 823
25 472
25 399
2 759
3 782
13 834
3 500
11 395
4 651
28 610
29 683
11 309
6 957
11 276
6 891
1 597
8 580
28 765
5 897
26 220
26 931
8 693
18 681
25 805
22 981
19 975
24 340
28 463
7 688
13 536
19 312
15 380
19 232
19 501
25 473
10 836
13 293
28 931
11 371
8 873
14 341
27 555
10 922
24 304
19 987
20 718
5 768
16 407
23 490
12 820
10 876
16 957
10 670
27 394
10 993
16 979
17 393
23 501
17 534
24 570
29 239
19 675
24 482
27 432
28 810
19 789
28 702
20 944
16 795
28 627
6 697
29 402
19 778
0 803
28 516
22 550
14 941
25 491
13 808
7 969
18 586
1 213
20 975
3 334
21 391
27 707
6 563
17 774
11 813
1 630
11 482
5 967
13 226
5 349
22 756
12 962
16 287
9 770
24 746
16 418
0 468
24 646
6 528
16 675
22 816
12 789
24 845
15 590
6 663
25 250
2 794
19 213
26 310
8 378
4 441
4 948
3 301
3 402
13 929
20 362
18 663
3 702
9 690
17 517
25 289
14 545
14 449
26 680
23 790
23 248
5 498
11 662
6 490
20 586
21 770
7 316
26 200
20 836
23 920
21 947
14 574
22 802
23 846
1 964
10 996
4 704
1 774
26 497
15 307
17 570
1 798
22 976
22 600
3 337
13 835
20 331
13 502
1 330
14 949
18 406
17 397
28 732
14 596
15 961
13 896
26 365
21 833
28 405
24 281
28 321
13 529
13 457
2 714
0 797
10 730
28 476
4 266
17 885
2 745
18 851
25 713
12 673
8 846
14 812
13 814
1 515
26 684
19 698
21 841
5 938
15 493
10 236
19 240
3 347
18 464
24 897
11 839
14 629
10 252
7 299
3 965
20 608
19 745
23 881
9 781
3 875
9 934
4 332
2 463
19 445
2 979
13 562
3 315
10 362
7 503
19 470
9 787
19 936
10 695
18 947
21 378
27 316
2 350
5 774
4 545
29 468
9 346
29 735
19 880
9 668
11 512
1 823
6 840
19 590
11 742
12 398
19 727
7 682
12 425
23 640
25 491
16 404
21 223
11 231
14 298
13 477
21 587
28 212
27 628
28 826
26 545
3 996
12 376
14 915
22 424
28 968
8 914
27 250
17 259
24 493
17 603
19 898
29 815
6 724
21 302
16 921
16 689
14 683
15 320
12 707
6 556
22 220
9 495
7 380
15 792
22 432
15 234
0 914
11 639
15 399
4 498
16 300
2 361
21 201
19 356
23 931
4 390
0 333
16 359
10 595
4 552
14 941
18 508
28 287
6 692
12 843
19 626
28 588
3 991
24 587
12 453
29 283
25 262
3 846
8 683
26 684
8 536
23 237
11 284
17 327
22 678
1 856
22 968
15 902
10 842
17 359
12 535
28 284
21 300
7 601
0 949
29 591
6 475
21 279
2 722
28 399
16 275
12 680
29 281
11 748
28 558
6 887
4 915
20 984
9 852
12 315
1 528
12 469
28 854
29 811
2 801
15 786
14 541
18 921
10 817
11 283
15 579
17 898
19 252
6 621
16 913
0 832
21 944
17 823
19 462
11 796
23 231
13 575
15 708
21 928
14 526
12 632
21 957
10 653
24 439
6 228
1 954
16 778
26 354
17 689
13 889
5 842
24 810
2 751
9 741
26 484
6 302
21 459
14 888
13 496
14 308
7 248
23 706
21 648
12 514
14 808
11 531
5 926
3 959
3 223
14 544
10 722
21 577
25 639
2 688
19 233
26 245
17 552
7 362
24 368
20 781
18 793
12 805
27 326
3 311
22 774
17 645
1 773
29 285
29 244
24 217
26 950
18 973
6 758
17 820
2 375
22 436
12 552
23 362
1 358
25 837
8 253
6 602
12 831
9 638
17 635
29 748
9 872
23 361
15 321
12 912
21 924
16 619
25 438
9 630
27 388
5 555
20 853
27 213
3 806
15 939
1 719
11 513
11 526
19 504
13 284
11 888
24 719
24 582
26 593
19 382
19 903
4 918
25 212
4 553
5 980
20 734
9 763
15 339
18 950
28 791
3 358
16 811
21 968
6 841
7 669
1 262
23 256
3 762
2 259
20 529
1 513
8 927
1 886
9 815
20 893
1 467
4 979
2 976
29 386
10 804
10 716
3 318
10 862
13 375
14 773
7 340
27 329
10 685
22 456
26 270
18 393
7 612
26 774
18 887
20 705
12 641
10 363
16 696
28 213
14 264
23 386
13 255
23 808
2 916
8 537
18 566
11 352
26 731
10 329
2 470
15 727
8 343
18 260
25 655
22 789
6 339
13 956
11 402
20 736
13 273
21 970
2 466
20 936
5 627
15 389
18 710
8 818
23 747
1 750
27 946
26 731
20 727
3 346
26 725
21 300
2 510
17 739
14 463
23 673
22 465
18 521
21 434
16 921
22 406
0 219
5 966
15 411
15 460
10 227
1 681
14 534
8 930
9 586
1 513
19 269
24 354
25 689
14 898
1 940
15 315
16 913
20 697
16 215
29 880
26 367
9 748
6 470
1 678
15 907
22 608
15 442
14 405
15 223
26 365
1 247
7 361
3 946
9 476
6 472
3 792
23 847
14 456
18 746
16 279
28 677
9 885
19 814
5 517
21 975
7 715
25 449
10 376
13 727
29 450
3 619
11 334
29 861
18 297
5 254
21 731
2 451
3 400
24 400
14 969
26 939
0 683
27 882
28 283
26 605
8 787
3 245
29 250
23 422
1 522
15 557
6 645
25 902
3 348
14 399
12 205
8 361
6 226
15 926
8 680
28 860
22 738
28 884
10 999
23 458
25 861
25 932
16 491
17 670
4 770
17 383
6 379
21 770
20 640
23 925
9 968
23 581
21 728
10 738
15 255
16 495
25 727
27 205
1 657
11 991
3 847
7 668
13 402
16 286
1 633
12 929
18 487
20 852
2 599
11 798
17 216
14 512
15 216
8 377
22 482
2 662
0 360
12 235
11 758
17 587
16 488
5 995
9 892
15 643
11 232
14 846
28 942
2 738
23 435
10 887
2 740
7 675
6 599
13 396
16 918
20 243
26 833
17 816
27 285
5 814
2 840
4 333
10 468
2 656
1 444
12 252
4 693
5 268
12 521
14 791
22 461
27 879
18 633
10 814
12 564
28 300
15 771
19 458
29 310
7 889
3 330
19 852
0 213
29 558
20 630
0 367
25 487
15 581
12 444
11 522
20 940
12 869
12 731
12 699
22 651
10 927
