2000
23 382
4 970
24 426
8 840
1 411
13 396
4 768
25 426
28 620
22 203
2 861
9 995
10 902
11 638
13 759
29 687
25 489
23 295
4 217
12 484
1 922
20 716
0 977
15 734
2 852
20 833
26 317
18 517
14 433
16 528
29 899
22 745
23 762
25 221
12 277
15 388
13 404
20 393
0 610
21 745
17 270
22 200
7 673
20 715
8 645
1 939
25 309
19 666
10 608
4 598
4 602
14 945
13 451
21 380
23 762
4 738
1 788
5 316
1 395
25 327
9 288
15 296
10 246
28 818
8 364
25 279
19 875
21 990
16 771
26 873
19 928
2 988
9 990
23 527
0 704
28 520
12 459
6 701
10 766
24 454
26 862
26 981
15 711
4 655
9 268
2 853
1 368
2 635
11 660
25 859
13 337
12 915
9 750
24 848
15 403
19 255
17 210
12 515
22 352
9 524
28 818
26 281
26 273
21 552
1 974
20 876
20 815
10 559
16 637
12 350
8 609
4 836
18 909
23 447
8 530
15 470
18 246
20 948
14 233
14 510
23 674
20 638
5 685
14 652
23 443
2 489
28 895
23 529
16 771
16 699
1 589
28 892
26 875
27 931
18 238
11 705
1 974
25 820
12 413
24 220
27 808
17 949
27 817
5 742
10 712
13 844
7 959
13 803
17 798
1 812
0 543
0 856
13 537
18 336
28 407
28 252
24 567
21 798
13 858
21 689
25 275
28 960
3 586
6 383
13 216
25 899
2 201
29 499
4 545
28 230
13 805
19 311
9 737
13 540
13 564
5 382
28 953
14 255
28 350
25 474
13 662
9 542
17 551
23 792
20 329
29 494
9 583
28 373
8 344
5 802
17 888
27 210
4 321
25 428
12 467
4 343
5 927
4 493
16 337
8 828
10 261
18 615
1 484
25 583
3 434
9 668
0 863
7 868
17 824
15 676
1 790
26 503
17 787
8 260
7 898
28 469
12 683
29 789
1 767
29 530
8 393
10 726
25 752
27 627
24 251
27 373
10 272
25 747
11 551
4 959
29 364
26 971
5 363
21 441
20 725
15 989
4 750
11 210
29 723
14 261
21 666
12 775
29 572
22 338
6 650
4 345
29 218
15 325
3 668
20 343
16 670
6 868
21 962
19 354
10 879
3 617
29 705
28 624
2 605
23 237
27 338
10 437
0 423
28 942
20 483
23 243
21 572
12 284
29 494
19 476
5 670
24 493
14 943
15 476
23 384
14 436
10 948
6 737
1 884
15 727
3 328
12 394
5 339
19 588
21 750
23 361
24 931
16 220
28 456
22 779
3 347
22 452
14 543
14 707
9 617
0 902
19 662
23 486
6 256
28 989
0 715
19 269
21 351
26 459
26 551
1 366
25 595
15 636
15 211
25 395
4 471
14 647
7 356
4 985
29 838
10 500
4 937
25 956
24 206
16 755
8 311
28 378
17 737
6 978
6 733
26 401
5 411
12 223
25 374
27 418
6 655
29 735
0 453
13 286
26 863
8 567
0 401
12 690
28 502
14 503
3 557
13 665
9 970
26 587
16 828
28 508
22 229
19 832
19 802
14 649
22 737
18 327
18 285
22 640
17 617
5 340
10 518
20 838
29 479
29 432
19 372
23 268
24 265
2 301
4 992
12 780
6 623
15 825
24 944
22 788
6 787
6 869
27 930
25 803
4 411
14 984
11 547
7 302
5 412
9 300
5 858
17 399
17 207
26 819
0 683
0 609
26 933
24 469
24 531
18 373
29 387
3 738
18 829
10 409
19 558
24 421
26 680
23 738
15 861
24 378
26 902
4 298
18 985
16 484
24 637
19 994
11 861
20 584
19 650
16 692
4 781
12 816
16 464
11 294
24 497
22 364
19 456
27 387
21 814
5 327
19 678
16 466
23 584
22 968
29 266
7 277
7 599
20 832
26 931
9 986
21 742
6 582
28 282
18 543
5 710
1 627
5 472
28 353
19 523
7 746
16 518
26 315
6 862
0 200
4 970
12 476
24 559
5 630
15 991
15 256
21 321
4 379
24 364
29 237
26 210
22 634
2 958
29 651
6 528
10 237
13 616
11 548
1 832
25 301
9 412
29 226
24 400
5 324
29 426
13 515
3 604
19 754
1 752
6 817
1 631
1 373
4 927
27 709
29 320
3 263
4 846
8 950
25 851
25 829
7 982
10 493
26 396
19 370
14 287
3 297
7 459
27 604
10 444
24 309
29 610
2 216
8 347
22 386
27 314
28 655
5 490
20 460
10 872
3 462
8 709
11 888
14 445
4 873
23 760
9 803
12 378
4 500
29 923
17 749
25 902
3 857
28 554
7 722
20 392
13 379
27 394
19 621
20 577
26 480
8 544
6 712
14 969
8 816
7 268
8 966
26 676
23 853
4 687
5 257
21 333
21 900
0 365
3 218
7 646
23 210
10 479
16 247
15 949
4 465
26 202
5 994
3 747
19 871
21 895
17 897
23 487
12 345
17 689
28 976
2 603
16 722
10 907
13 390
18 200
5 364
2 875
22 603
2 289
26 729
8 450
22 495
20 858
9 483
22 543
4 532
17 380
12 269
15 303
20 539
8 620
24 221
13 838
17 450
1 626
2 329
17 960
27 549
18 653
13 870
3 539
1 912
7 441
17 215
13 246
4 483
10 944
11 602
25 642
20 582
17 745
3 451
21 781
12 499
22 207
23 661
18 824
28 673
7 740
10 854
27 535
10 328
22 856
5 355
18 719
1 686
28 858
14 204
1 954
2 743
1 216
24 590
24 854
23 780
25 731
8 653
2 682
14 527
9 465
10 236
14 994
14 366
12 225
23 612
6 430
25 764
22 507
21 857
12 736
26 899
2 706
27 336
19 610
22 310
22 435
17 234
8 671
19 926
12 847
28 552
3 516
15 465
25 683
1 897
9 866
16 430
0 769
3 371
12 892
7 431
26 581
26 583
10 657
21 617
4 333
7 275
21 586
25 545
22 856
18 294
26 979
10 985
1 565
4 913
27 980
18 341
15 719
20 617
19 366
6 426
7 676
7 352
24 935
2 943
6 602
12 883
17 202
9 506
25 743
6 687
14 750
11 497
7 640
4 637
6 385
2 325
29 973
3 660
24 285
5 240
25 702
24 940
1 382
11 646
20 435
17 978
5 762
2 836
19 913
5 767
9 906
1 590
20 283
6 327
17 741
9 548
19 317
23 956
2 296
11 537
18 928
16 892
23 966
13 338
2 577
17 662
15 534
10 239
3 409
19 228
24 974
28 910
11 928
18 824
24 286
25 776
6 388
2 898
18 840
24 778
6 410
24 719
13 576
16 380
9 512
26 271
0 358
17 480
0 905
23 536
28 490
0 778
4 467
10 612
20 212
6 474
17 627
4 283
1 921
20 803
17 422
14 986
19 985
5 539
15 723
26 727
25 257
24 884
12 923
13 606
1 392
25 592
19 318
5 905
16 856
3 764
1 209
9 859
25 314
26 302
19 983
15 426
28 799
21 263
9 406
9 582
22 934
10 441
23 848
13 498
8 378
19 747
4 420
18 701
24 524
11 442
2 727
10 234
11 260
8 840
29 676
2 743
28 824
27 823
19 882
9 290
17 814
16 373
1 854
4 573
7 473
25 337
4 844
23 738
19 922
23 558
17 581
4 469
7 268
16 623
22 554
19 374
17 409
3 716
18 384
11 488
8 552
2 973
16 928
1 758
29 207
25 391
28 380
22 892
26 984
27 631
22 742
26 327
10 658
20 749
27 268
7 273
15 770
21 238
18 473
4 878
15 353
1 572
3 908
28 201
10 792
15 662
12 605
10 409
25 774
11 312
7 712
4 602
10 928
4 653
29 664
19 841
6 619
16 994
18 1000
13 818
3 662
8 753
8 834
1 263
18 705
20 489
21 985
4 896
18 331
19 686
3 658
17 281
26 410
0 872
25 603
12 829
14 218
10 322
28 331
6 961
4 673
25 371
9 837
22 582
20 578
19 524
7 933
27 909
25 684
18 611
0 766
19 776
19 558
2 700
24 479
29 807
14 400
21 979
10 988
20 217
19 752
11 959
10 434
25 746
0 222
21 211
8 351
21 747
1 887
7 545
23 222
29 649
8 273
13 643
20 891
5 412
16 419
17 329
16 344
8 217
16 972
15 884
5 545
10 897
17 976
24 304
4 624
0 726
6 806
24 910
28 287
25 922
9 670
26 578
11 302
13 634
18 881
5 313
21 245
13 330
23 692
23 203
29 469
22 751
10 876
2 614
15 692
27 420
20 272
3 975
2 642
6 873
5 341
22 374
29 201
21 546
28 610
11 298
21 279
23 935
3 239
1 723
15 575
24 821
6 352
24 369
18 823
21 943
7 221
28 968
5 600
2 694
5 997
3 617
27 867
4 386
14 819
3 228
20 797
0 483
29 321
21 364
14 301
22 990
7 358
9 544
7 215
29 362
21 483
5 696
28 780
24 343
25 295
17 994
23 518
6 659
5 378
21 603
13 308
5 976
6 468
5 454
12 995
27 978
0 387
24 882
7 376
7 577
6 807
29 347
6 887
15 390
17 231
29 920
20 656
10 574
10 342
13 507
29 726
11 469
24 241
10 853
28 567
5 896
24 944
22 611
7 313
5 719
6 977
16 420
15 611
14 438
3 866
19 411
22 811
11 948
15 863
19 553
13 463
9 586
9 833
4 638
4 846
14 970
25 790
14 904
15 900
23 615
20 302
25 864
6 586
20 647
10 376
17 642
16 712
14 911
26 663
15 976
15 863
3 374
20 741
17 393
27 844
14 624
6 216
15 653
15 834
15 321
23 947
7 729
6 994
10 540
20 293
1 523
26 904
27 536
5 455
13 409
6 703
2 426
2 951
17 257
14 823
11 470
13 558
16 745
5 680
6 533
22 608
15 922
19 409
17 478
6 905
11 724
6 395
25 994
3 630
7 507
1 838
19 317
4 541
21 286
6 793
22 453
26 535
20 611
8 850
27 503
18 716
28 552
25 749
12 564
11 248
9 844
11 545
9 407
12 293
29 338
7 795
22 314
2 784
22 774
23 379
10 415
5 289
2 963
22 493
19 255
21 298
12 570
5 952
11 482
16 633
0 683
2 926
25 231
24 215
9 850
1 690
16 434
22 994
14 478
23 699
10 769
0 966
28 579
21 993
17 777
18 634
22 474
7 991
15 250
17 586
11 891
21 438
20 492
27 728
20 930
25 690
10 978
7 924
23 388
25 477
20 780
20 533
27 714
13 212
25 208
23 429
15 790
27 977
14 684
11 493
21 454
21 338
26 968
0 967
7 245
0 807
14 629
26 573
22 401
29 320
3 757
24 798
4 354
5 729
11 861
5 623
14 367
22 725
12 341
18 522
10 361
27 474
0 968
29 806
2 282
0 281
11 964
22 694
29 739
3 538
24 948
27 386
8 887
17 257
20 658
3 555
24 700
4 593
3 617
16 320
6 866
0 634
13 942
3 479
24 794
4 718
21 696
20 613
20 781
5 283
13 260
6 886
3 505
4 545
27 327
3 880
18 579
7 576
11 669
9 594
19 771
16 868
0 450
25 442
9 363
1 938
9 708
8 250
9 442
0 500
9 980
25 356
3 979
18 617
28 259
8 395
3 476
6 481
17 891
21 832
12 219
8 320
10 394
2 223
0 474
6 559
23 731
1 845
14 598
29 961
21 469
24 621
7 967
17 467
15 213
15 810
15 534
26 471
16 839
23 618
26 544
3 852
11 975
25 626
2 548
28 588
4 350
24 884
24 290
13 544
18 726
11 679
14 570
20 386
19 406
0 496
10 633
18 364
19 466
14 592
26 638
3 278
10 315
3 819
20 892
5 449
28 943
2 736
7 313
22 772
19 241
23 894
11 462
19 452
0 533
18 847
1 638
4 843
10 479
28 827
23 805
4 494
23 365
12 504
8 680
14 923
16 429
2 583
12 422
7 818
11 921
29 878
27 489
22 966
23 243
17 213
17 471
24 736
0 944
14 333
19 519
14 264
7 945
16 341
7 630
0 941
25 218
9 315
14 267
19 850
19 936
29 839
8 614
27 597
6 571
2 754
15 218
17 817
7 601
2 393
17 365
25 479
3 483
11 950
15 950
3 801
24 360
28 666
19 390
5 744
27 410
20 971
14 824
3 267
11 419
0 438
20 429
22 333
23 729
4 574
12 565
9 955
2 650
7 930
8 517
18 992
29 921
0 912
6 393
0 787
9 450
28 451
24 957
5 995
16 324
19 273
0 798
9 528
6 824
6 479
6 209
20 397
22 514
1 452
3 867
22 441
24 627
16 687
19 748
5 788
21 827
2 486
13 717
22 764
19 951
2 554
10 299
13 957
24 613
9 334
7 510
13 439
20 346
29 350
13 530
6 473
6 371
14 334
29 318
14 438
29 851
5 724
15 324
12 292
14 965
1 794
12 216
10 297
5 712
12 650
4 803
28 933
0 438
16 672
28 351
14 697
10 547
15 218
26 725
9 936
20 675
4 562
4 526
27 899
16 786
17 518
16 217
9 426
7 391
7 477
1 893
6 771
26 565
18 516
6 978
5 530
18 878
10 774
4 961
10 740
13 825
19 952
12 608
18 802
0 369
13 959
28 346
0 560
27 453
21 924
19 973
26 533
26 385
8 694
8 466
28 799
17 356
22 262
18 663
26 343
6 767
17 738
27 213
19 408
2 820
13 961
15 459
20 476
3 250
16 276
22 766
8 639
16 955
4 367
19 448
0 602
2 323
20 570
11 992
11 272
5 647
15 773
3 692
22 970
5 473
22 768
8 455
25 960
17 501
16 452
29 260
1 339
24 394
2 975
18 448
5 318
16 370
26 511
2 746
15 450
0 394
25 599
23 802
18 600
4 594
26 351
28 740
14 775
5 821
29 403
0 738
5 278
18 208
27 693
8 223
2 843
28 360
7 889
12 755
17 693
22 970
28 660
4 665
14 792
13 651
15 865
16 987
27 658
6 327
4 527
23 504
18 662
18 975
10 838
8 364
14 911
18 895
22 294
23 268
5 975
15 989
12 752
15 211
25 543
26 748
8 646
20 322
25 694
28 955
27 483
22 707
23 898
19 297
11 271
25 229
27 287
17 929
13 954
14 663
11 325
29 445
10 789
20 758
20 652
15 492
16 482
25 690
25 620
23 210
22 866
21 357
17 832
5 796
18 805
8 962
1 722
17 979
3 985
15 950
13 484
16 519
10 230
10 458
20 922
1 448
8 490
25 753
27 227
4 855
7 398
20 904
22 994
12 531
9 690
9 899
18 286
9 527
14 710
4 607
25 337
20 279
28 226
29 788
18 741
17 269
29 712
0 263
28 526
3 213
19 287
1 669
18 351
17 530
22 932
20 447
10 859
18 353
5 419
24 687
7 401
9 581
5 908
24 768
4 801
17 676
1 555
13 921
7 214
14 613
8 635
4 377
10 583
10 420
10 736
11 361
18 780
17 509
8 733
23 241
16 661
9 370
12 599
19 213
21 264
0 393
19 823
4 433
11 840
8 666
27 685
24 955
6 701
2 201
22 332
5 675
3 580
4 211
24 657
29 522
28 400
11 474
1 546
24 791
3 489
3 394
25 553
8 383
29 646
6 384
29 413
2 708
20 825
10 746
8 838
6 822
24 888
19 876
3 322
3 451
15 443
28 704
18 677
23 772
19 813
23 993
20 313
10 989
27 844
21 860
9 702
7 379
14 458
6 857
21 792
8 422
15 774
1 867
27 838
1 417
4 804
18 702
1 504
26 462
21 461
4 934
16 730
29 409
11 864
20 577
11 266
10 926
25 694
18 666
21 492
16 880
12 298
12 501
13 875
4 649
6 909
14 796
23 504
6 806
12 592
16 266
22 397
12 236
18 389
27 307
28 909
3 871
27 658
20 249
17 668
8 515
28 731
26 857
16 710
24 614
27 257
5 670
15 804
22 940
23 922
6 355
4 578
18 923
12 426
5 540
20 534
5 308
17 963
22 602
11 494
6 444
20 986
23 722
8 587
25 475
19 211
9 471
21 695
29 344
4 819
21 699
6 378
18 832
4 355
29 505
20 811
14 937
26 809
5 713
6 751
22 412
29 215
21 780
25 229
14 216
9 815
8 266
19 365
1 881
15 362
17 851
21 705
26 677
4 812
22 882
18 666
4 352
22 333
27 224
7 323
12 608
27 659
13 869
23 406
25 281
8 557
1 773
12 807
3 346
6 689
25 446
25 278
3 632
28 510
10 759
1 511
9 767
3 236
15 425
20 396
28 441
27 560
22 432
13 963
1 234
9 224
18 553
1 826
16 554
8 590
23 584
1 306
26 340
20 649
18 861
6 828
4 475
25 791
1 924
25 785
5 929
14 458
28 903
23 700
8 315
18 340
7 352
27 215
14 730
17 706
15 367
4 340
7 783
0 497
3 726
27 710
12 926
18 334
19 369
20 893
29 987
12 466
0 254
16 629
24 790
20 695
10 934
28 882
28 614
2 430
18 634
0 365
29 249
24 995
5 546
5 447
29 419
20 276
23 691
3 365
3 700
26 999
11 530
18 439
20 564
18 964
17 349
14 364
25 856
20 295
8 774
8 892
27 712
14 926
24 770
0 836
2 953
28 317
23 978
12 627
1 282
12 914
22 917
12 680
29 470
26 304
21 582
20 627
6 469
27 801
0 235
25 213
15 271
19 282
15 232
13 253
4 384
1 284
16 612
9 326
1 993
19 212
19 571
26 287
24 768
3 981
0 967
11 833
25 640
0 317
19 846
23 576
18 419
18 640
2 747
7 996
21 239
10 447
14 368
8 429
10 344
12 204
10 444
28 626
19 977
2 794
7 927
10 804
8 725
29 628
10 209
14 370
2 994
11 228
27 723
25 238
16 764
29 462
12 269
20 303
7 568
9 417
4 607
23 489
18 422
26 740
29 502
26 281
16 746
23 763
6 240
0 309
15 780
23 314
12 888
13 510
0 383
19 548
13 258
9 593
6 536
24 526
21 608
