2000
28 717
25 232
22 416
15 853
24 286
28 965
16 251
10 645
18 664
7 929
27 532
16 743
8 468
14 664
21 327
12 203
20 317
13 225
10 383
10 764
10 260
7 417
10 757
8 650
8 461
17 376
17 460
29 476
13 298
0 282
4 439
10 290
12 719
25 801
2 907
18 260
15 322
9 809
16 480
6 922
3 766
14 923
20 791
12 262
23 752
11 544
18 568
27 404
7 244
29 743
7 616
23 476
26 417
3 881
4 297
25 438
9 560
11 806
6 512
6 352
4 968
16 200
14 834
13 812
2 348
14 288
20 619
22 998
8 523
28 660
7 475
0 749
10 995
15 607
11 708
13 782
5 285
23 714
20 593
27 795
24 593
12 440
17 286
7 768
5 534
3 764
22 556
1 228
22 569
13 789
11 483
29 616
3 238
7 557
24 810
20 645
18 293
10 980
24 675
21 596
16 267
6 331
13 522
20 621
24 947
15 376
16 361
10 752
24 616
9 292
5 208
21 214
4 417
29 242
10 701
29 633
14 440
6 403
21 846
1 407
4 238
22 802
19 862
3 584
8 590
20 835
1 987
18 558
29 969
18 885
22 912
17 668
2 778
22 716
4 900
7 577
19 649
18 897
24 739
7 678
21 467
21 471
19 313
1 392
5 347
1 242
14 920
11 831
1 741
25 962
27 778
26 756
28 461
3 227
12 596
28 616
7 943
28 814
2 616
19 242
15 913
3 918
1 606
5 648
21 494
18 505
26 968
1 596
29 485
4 729
17 220
18 241
15 803
25 871
10 715
23 346
29 225
2 470
1 583
12 217
11 917
6 879
14 537
13 934
13 922
0 994
5 959
16 792
17 434
27 523
1 472
16 465
3 509
1 678
11 263
6 211
28 578
13 691
17 440
21 934
6 746
3 365
5 247
1 360
29 613
12 767
15 483
15 275
15 247
4 982
14 571
1 355
8 358
4 395
12 252
20 202
7 512
16 598
23 845
7 258
10 253
8 463
20 640
2 403
28 298
23 941
18 887
27 539
7 392
17 706
26 661
1 591
14 424
28 667
14 818
18 838
6 804
15 242
18 551
8 748
3 486
4 850
17 550
10 773
24 761
16 633
9 666
7 859
28 563
6 697
10 718
12 662
8 503
6 328
24 745
9 308
24 956
27 293
22 626
21 414
20 329
20 904
10 696
5 558
5 834
24 626
21 764
29 306
17 634
11 842
23 794
27 829
18 527
26 320
24 718
22 408
7 499
19 977
18 536
14 874
4 714
12 346
3 697
13 759
14 206
28 307
19 271
28 757
2 456
16 670
3 412
24 208
27 325
0 312
25 689
1 287
0 279
15 437
3 396
14 361
16 671
15 416
23 314
7 754
27 816
11 588
1 940
3 552
21 614
29 897
13 917
14 229
10 399
15 809
23 519
21 987
6 668
10 764
28 617
8 914
25 777
10 642
15 551
1 996
4 397
27 676
0 499
3 569
25 957
15 609
14 951
28 604
17 250
16 700
11 997
2 840
27 961
19 568
8 926
2 422
21 859
27 603
21 891
9 682
14 761
16 258
9 828
23 368
2 457
16 414
20 234
28 716
22 827
22 952
8 284
24 968
3 513
10 935
6 674
29 708
20 555
6 258
22 736
3 953
2 461
22 539
20 396
12 200
8 730
5 683
3 676
2 713
20 815
24 532
25 562
4 637
13 757
16 238
15 870
1 217
29 697
24 769
20 239
12 695
17 534
3 992
11 974
12 555
2 543
11 281
22 436
1 449
15 376
2 739
17 522
11 987
20 794
14 401
1 460
28 617
23 327
13 843
22 242
6 305
14 740
13 569
13 596
15 592
24 384
8 549
23 751
29 494
21 346
25 820
27 812
18 786
18 889
29 349
13 301
23 296
15 630
26 248
10 591
15 916
25 739
11 561
4 430
21 795
7 376
27 231
0 561
23 301
0 977
7 1000
26 893
16 729
17 868
28 673
14 657
9 580
10 450
22 942
14 554
11 361
21 319
24 789
5 956
2 458
15 817
28 627
15 946
4 379
9 349
4 365
19 488
11 321
6 777
19 491
7 356
23 277
5 746
14 298
18 674
19 680
9 803
26 631
21 804
21 776
28 574
15 607
28 979
6 491
7 232
5 347
11 316
2 355
21 462
16 254
20 467
1 922
26 624
26 521
5 988
3 260
26 350
5 986
24 888
17 865
7 202
27 522
28 277
12 434
6 416
13 587
8 741
26 751
19 247
23 669
28 635
2 975
6 262
21 418
8 899
4 684
27 625
3 607
13 360
3 212
20 589
1 978
6 237
8 330
24 575
11 436
1 422
3 614
18 949
2 283
28 605
3 485
18 524
18 884
12 543
23 424
1 250
19 572
13 620
1 994
1 950
0 800
4 904
10 587
21 912
23 541
14 381
25 577
27 552
0 360
22 911
0 850
12 308
26 504
12 565
20 887
4 949
6 430
22 840
9 456
24 333
4 995
24 729
25 926
22 781
24 793
9 315
29 968
9 830
13 959
29 494
29 951
21 916
28 802
10 225
14 770
23 724
23 579
11 631
22 757
6 625
4 894
0 592
13 222
22 822
1 780
27 289
7 595
2 578
6 503
1 470
4 215
21 748
25 502
11 397
1 254
3 986
6 798
5 707
1 675
12 260
15 969
20 625
10 809
26 412
28 935
21 338
26 638
4 419
29 358
10 984
13 621
1 636
16 906
20 416
4 609
9 401
23 613
22 563
13 682
12 729
5 591
24 278
22 564
19 621
3 928
19 249
2 581
15 991
13 829
2 840
8 664
25 300
24 378
12 412
10 554
19 485
18 729
29 987
15 271
18 883
10 811
17 636
6 652
25 920
14 367
18 416
4 814
0 320
29 607
10 614
11 845
1 817
14 828
8 834
20 952
22 829
10 362
21 245
4 496
4 669
17 357
14 983
9 625
23 478
3 748
20 573
0 409
26 881
2 800
28 563
24 735
13 821
5 634
9 498
6 305
10 770
11 715
2 403
1 889
27 898
8 265
9 298
12 267
4 615
8 850
22 877
26 303
5 743
4 688
4 837
8 201
18 432
22 657
10 440
22 338
1 829
22 651
1 962
25 426
19 838
23 350
25 566
5 247
27 986
2 393
18 283
18 801
21 713
4 779
27 287
0 480
21 814
10 913
25 274
3 234
23 784
18 603
11 671
10 633
8 746
28 798
18 308
23 451
23 415
2 457
28 207
2 741
3 274
10 788
12 796
14 370
27 986
24 270
2 257
4 590
18 816
28 625
22 358
23 307
12 941
19 632
27 526
9 378
1 645
8 577
15 672
28 840
14 676
7 385
28 920
29 387
15 686
4 863
1 419
10 222
10 801
24 923
18 783
7 814
29 700
19 212
19 518
4 303
29 719
5 433
24 232
4 427
23 393
25 505
6 469
26 970
26 582
28 878
1 844
18 303
21 846
7 930
14 435
13 735
8 307
6 414
22 823
14 458
0 485
28 981
23 388
13 955
26 557
13 844
8 757
26 523
9 225
24 861
2 997
24 335
28 533
9 463
21 572
18 338
27 622
2 205
12 441
0 692
8 777
28 705
4 923
20 625
3 295
5 896
6 826
29 821
24 611
18 566
19 490
9 690
2 319
25 854
6 332
28 917
10 340
3 703
13 824
7 254
29 661
6 764
6 395
4 568
23 762
12 984
14 513
9 536
27 390
13 777
18 273
11 280
13 452
20 835
22 227
26 760
23 515
4 346
14 365
22 428
5 357
24 439
17 577
9 294
4 817
14 631
26 364
8 672
1 401
9 210
4 401
20 706
25 201
26 217
17 295
0 916
29 621
10 353
21 984
24 571
5 388
11 735
23 337
26 757
21 311
24 205
4 550
4 768
7 631
23 204
17 948
3 807
28 855
27 519
22 296
20 615
11 661
19 456
24 393
12 942
2 419
15 285
24 429
8 638
24 781
9 342
7 321
13 961
10 844
28 386
9 262
22 600
1 659
25 689
1 277
24 752
15 279
19 896
25 897
26 717
12 294
11 912
17 255
28 446
14 364
16 573
13 975
23 612
26 573
8 927
6 608
8 942
2 766
23 297
2 852
26 235
2 991
19 840
19 643
8 982
2 728
2 325
9 406
10 306
27 217
27 464
4 731
4 519
17 624
19 664
12 995
22 208
13 927
26 583
9 720
18 881
18 514
4 743
1 562
8 412
18 996
15 695
10 921
12 542
24 908
25 945
10 901
14 899
1 988
21 622
8 507
29 613
22 373
17 921
11 397
2 936
2 769
17 483
0 245
15 537
12 350
18 654
29 799
28 398
18 326
26 738
1 839
20 800
5 594
11 897
13 297
16 473
8 629
4 475
15 924
12 818
19 750
0 798
20 759
4 277
13 489
14 500
10 903
21 256
26 947
26 273
8 513
16 938
8 478
19 974
1 307
12 635
6 811
1 796
10 959
7 908
24 641
16 496
0 725
8 843
9 965
19 607
25 441
2 327
28 572
8 743
6 748
27 876
18 487
25 559
26 645
24 240
16 924
21 429
6 930
28 308
22 666
17 663
23 221
20 610
19 635
21 338
11 804
21 922
5 927
14 452
12 277
3 939
13 798
18 392
1 715
0 450
23 679
1 334
22 376
19 566
21 396
0 739
10 272
3 560
13 573
12 296
22 922
5 800
26 617
6 886
0 947
4 775
24 718
6 685
19 391
2 207
23 717
22 787
0 670
2 784
24 695
2 332
6 940
21 218
26 990
9 980
14 671
6 809
29 678
21 286
19 873
21 892
1 346
3 556
4 336
25 271
2 948
6 214
29 340
6 366
26 764
25 516
26 945
12 648
6 297
18 400
25 377
16 420
7 217
18 563
29 551
9 279
2 205
11 261
15 369
4 255
8 396
20 844
8 533
15 886
9 878
3 983
17 218
15 841
15 219
12 803
24 839
10 403
26 311
12 873
16 379
24 579
23 683
12 346
22 702
8 878
27 766
6 307
10 857
15 728
24 559
1 539
11 718
5 698
2 414
15 839
20 985
27 248
6 238
8 270
6 582
28 854
27 920
1 885
28 552
6 475
7 390
19 348
24 269
11 494
13 587
0 763
13 954
21 289
18 395
26 360
5 972
10 276
0 964
22 217
8 531
29 540
13 743
7 619
9 296
19 262
14 788
19 744
16 524
19 704
27 863
20 364
27 420
16 840
10 209
4 385
0 680
6 968
12 383
6 602
24 386
4 754
14 336
5 784
12 892
5 826
24 703
4 834
0 207
21 468
6 771
22 295
7 838
15 539
27 849
6 661
20 283
18 789
21 801
29 689
27 610
27 728
29 917
15 405
25 677
27 660
18 599
11 440
11 452
21 259
13 733
14 471
29 759
13 332
11 956
27 645
25 284
8 441
7 662
3 836
2 710
19 787
17 282
23 802
23 912
28 646
4 221
0 386
29 641
9 538
23 655
4 644
11 279
22 659
4 763
23 340
18 410
22 980
18 497
13 641
26 247
25 551
3 220
15 906
23 825
22 796
6 821
18 375
0 773
15 609
14 327
5 228
17 356
15 420
9 590
3 355
14 924
21 466
1 887
27 270
10 287
20 278
12 601
3 401
13 958
4 216
12 927
24 567
7 425
10 893
1 385
29 308
20 812
0 717
28 884
16 795
16 282
25 232
13 526
2 908
17 877
16 900
7 503
4 726
27 909
3 649
0 376
20 741
14 626
4 758
5 527
4 616
7 306
20 526
24 338
9 789
10 299
12 289
28 723
1 583
15 522
16 521
1 330
11 683
19 383
8 590
4 829
12 606
1 850
19 952
18 560
0 513
24 435
19 989
29 992
25 656
7 918
13 675
24 417
0 436
5 724
15 886
12 448
15 203
0 380
21 346
7 817
17 587
19 450
9 838
2 363
13 443
13 920
6 626
27 445
27 665
10 214
19 569
2 779
14 222
9 256
24 758
25 339
7 885
19 485
9 610
4 817
17 705
5 336
11 741
0 247
19 632
29 605
24 714
7 414
1 842
3 761
23 942
0 517
2 345
28 982
21 919
6 881
29 449
7 883
18 418
10 796
8 313
10 636
9 909
29 214
29 595
26 637
21 307
27 949
3 545
10 694
4 456
12 501
18 281
13 801
7 994
25 424
2 369
12 903
15 443
18 612
14 942
4 362
20 316
24 233
24 408
5 885
15 256
23 404
10 329
26 574
10 657
14 245
12 934
18 530
12 531
12 602
2 633
27 326
0 236
9 937
6 531
8 202
6 376
24 215
16 651
14 740
16 411
18 419
20 379
3 963
20 981
17 696
24 224
5 853
1 737
0 761
1 809
6 777
8 526
19 324
7 418
26 951
6 537
19 327
6 853
25 764
18 552
0 756
15 929
6 341
26 326
0 582
15 651
27 263
6 928
11 855
7 912
20 931
13 275
5 551
18 822
1 456
12 700
23 797
26 323
29 664
16 734
19 247
22 613
4 563
10 318
23 745
16 834
11 583
7 357
8 717
20 968
18 259
27 330
3 855
17 429
2 485
0 314
24 708
19 303
9 877
8 511
22 481
2 878
16 997
10 865
27 865
11 606
12 334
29 381
28 901
26 957
2 522
8 975
17 464
29 462
4 645
0 615
18 812
15 636
12 260
23 864
1 253
12 666
8 903
0 470
19 558
7 486
11 545
8 409
9 473
27 766
13 761
15 654
5 464
3 958
14 836
1 929
27 507
12 987
3 313
17 282
11 284
26 840
17 982
7 376
14 277
6 611
9 483
6 474
28 648
2 588
24 461
1 315
1 559
24 227
18 686
0 998
0 391
14 652
23 958
4 531
18 867
5 285
18 341
1 274
5 258
15 917
4 630
8 430
24 475
12 230
27 427
15 369
18 887
27 459
22 494
21 675
8 597
8 407
9 687
6 247
25 1000
24 909
5 931
17 758
12 718
3 746
7 529
13 257
12 387
10 970
19 914
20 812
6 632
25 722
9 563
5 596
8 463
8 250
24 833
14 254
20 664
15 251
21 337
11 786
12 572
0 330
19 583
18 425
25 701
14 212
24 514
23 886
15 595
6 476
7 245
13 790
23 267
4 507
22 985
25 967
20 522
25 766
27 293
8 222
12 839
18 814
18 800
19 285
11 434
23 706
10 940
4 273
18 675
3 571
23 268
21 268
22 953
15 343
12 317
9 615
25 749
19 591
2 236
20 421
4 559
17 898
2 256
1 483
0 430
4 481
27 878
1 660
25 488
3 935
27 332
9 265
21 541
13 877
1 945
6 746
7 955
18 333
20 410
23 625
4 992
25 743
3 487
29 876
28 516
4 582
9 691
14 775
21 514
17 589
2 273
16 581
23 516
21 444
24 570
12 336
10 670
10 391
28 895
3 345
19 635
1 324
0 380
18 294
26 499
22 256
23 838
7 614
7 326
2 287
24 914
12 480
2 871
24 370
15 301
16 658
11 707
25 897
25 856
9 454
21 885
3 314
16 716
8 716
17 972
21 334
15 571
12 984
10 684
10 338
8 579
5 765
5 304
5 227
25 626
12 777
27 779
25 443
11 892
10 933
2 444
21 313
2 673
16 491
8 879
13 790
20 626
0 899
29 672
29 332
5 597
10 886
18 200
0 216
20 329
27 998
2 249
5 362
10 920
20 857
7 394
29 343
29 591
12 941
29 624
8 785
29 892
27 371
3 885
23 536
16 289
6 496
11 304
3 295
4 395
7 627
4 349
19 728
25 785
2 626
9 850
18 649
21 819
11 812
2 670
19 884
11 606
3 573
12 989
20 648
29 679
3 826
24 779
7 816
15 643
11 535
29 291
27 467
25 960
15 827
21 715
12 437
19 493
16 377
10 339
25 474
6 950
26 793
25 281
19 334
16 685
28 704
6 922
16 660
20 646
11 569
3 358
20 919
3 740
0 580
24 374
5 285
6 872
5 384
16 804
29 929
6 695
18 958
9 331
0 952
16 481
6 869
1 680
11 797
1 389
1 988
11 852
7 759
16 931
9 514
16 657
28 573
25 749
15 839
29 832
10 377
16 341
21 825
4 906
17 394
4 989
20 646
18 695
0 514
28 757
2 448
3 670
17 298
29 441
20 530
19 227
26 278
15 546
12 821
0 657
11 722
26 386
10 484
28 772
16 468
4 388
3 372
14 643
9 959
21 592
16 601
12 256
3 873
18 715
4 366
26 281
19 278
18 719
22 678
16 651
23 831
28 315
2 505
3 366
28 509
28 465
4 571
9 439
26 473
17 594
2 408
3 761
0 243
6 359
8 462
18 413
18 772
22 403
25 685
10 629
10 266
18 691
17 574
9 285
12 688
17 351
29 644
4 830
0 746
22 312
29 374
16 683
19 965
6 330
15 276
10 534
20 201
22 764
4 459
8 802
25 989
16 758
15 886
8 403
18 634
17 260
18 712
1 571
25 688
16 420
9 475
4 847
1 707
1 820
9 313
8 278
2 644
8 924
23 311
29 986
4 968
26 834
14 707
21 817
8 603
26 813
15 284
28 242
21 275
27 561
3 881
10 404
29 636
21 900
20 899
5 395
1 569
22 470
12 433
22 531
2 643
7 630
28 706
17 290
19 488
13 491
14 528
15 924
6 330
12 845
3 574
0 393
28 373
9 255
9 902
16 846
19 853
17 877
25 727
18 678
17 641
24 321
22 659
28 922
12 638
1 431
10 701
7 990
22 661
9 791
17 245
15 276
15 444
2 992
24 767
14 846
14 312
8 940
23 562
24 553
6 491
27 321
14 842
5 920
11 639
8 281
14 740
20 317
5 804
9 310
2 724
9 608
13 354
8 516
5 727
2 852
2 823
28 274
23 901
2 344
5 279
17 700
25 835
3 925
22 301
1 732
14 306
1 691
18 424
12 962
25 812
17 924
2 851
23 972
23 649
16 938
18 461
15 279
6 430
10 805
10 591
19 748
29 912
9 584
23 257
27 871
28 656
14 482
28 281
1 864
14 228
19 286
9 220
22 312
22 249
25 643
7 833
9 908
20 613
