2000
28 739
1 808
23 724
26 852
26 440
12 275
22 689
25 682
20 481
15 676
20 572
27 958
25 903
14 859
23 319
17 701
2 480
24 816
26 458
15 759
11 826
20 674
12 751
10 359
7 512
21 942
11 949
1 645
24 684
25 877
18 280
17 610
16 898
3 881
4 644
10 391
2 855
21 307
18 933
5 560
20 508
1 733
2 313
16 761
0 525
23 242
17 561
6 798
24 502
6 821
14 883
29 251
16 611
4 889
21 823
27 274
5 384
27 864
20 797
28 272
23 686
20 220
28 820
12 651
12 562
20 742
3 546
12 326
11 238
13 547
9 504
29 839
4 446
18 513
13 840
15 923
9 830
1 448
24 531
26 310
5 896
18 361
13 746
14 467
20 227
3 445
11 948
23 835
9 575
10 754
13 939
8 973
19 419
27 654
11 940
9 704
25 665
10 792
23 444
7 780
11 765
24 440
28 758
18 914
5 818
28 545
13 734
1 371
27 228
7 829
4 795
12 805
19 469
24 814
26 605
7 567
6 992
3 696
17 703
29 451
7 519
6 316
17 802
7 528
3 950
15 675
9 971
11 315
22 631
11 724
1 958
27 302
7 502
22 890
28 967
27 434
26 433
21 825
7 594
0 244
5 332
9 350
8 208
4 733
8 413
7 521
24 265
25 728
27 249
1 979
11 503
11 320
13 819
25 967
7 784
25 517
15 284
25 433
24 773
13 814
5 760
3 424
10 227
13 200
2 384
7 509
3 944
12 864
6 454
9 891
20 936
18 919
10 330
21 430
9 444
29 209
29 636
10 721
28 806
18 265
0 469
8 731
25 842
27 261
5 682
6 835
14 349
11 523
29 215
22 554
17 624
9 535
28 219
22 339
11 315
7 546
0 708
23 440
17 526
22 431
24 507
26 942
21 212
4 726
7 956
26 714
17 637
18 505
16 521
15 537
22 740
12 719
23 420
26 323
20 804
6 435
5 426
2 660
22 314
22 479
9 812
27 276
22 343
8 778
28 752
0 337
13 687
7 588
10 481
3 373
5 778
16 350
9 591
10 826
21 786
2 496
28 243
16 882
7 653
18 528
27 492
9 783
21 326
17 384
19 816
24 786
4 804
1 495
18 460
16 937
24 855
9 837
20 916
26 212
16 402
8 659
16 731
12 521
5 322
6 992
1 806
5 376
17 323
4 866
8 839
18 790
23 492
25 511
23 709
17 688
9 544
27 899
10 478
10 739
18 573
9 329
11 274
3 808
27 778
24 979
23 974
11 877
25 677
15 424
8 654
3 450
24 770
19 632
3 333
8 810
24 467
14 567
13 227
14 431
29 427
18 813
27 626
5 734
4 316
3 206
26 208
14 565
12 253
10 379
24 665
21 463
29 648
16 713
1 632
20 285
4 220
21 749
17 924
8 584
21 506
18 498
3 294
16 753
25 799
18 621
23 819
14 416
16 287
17 508
8 644
5 456
16 954
2 839
17 654
9 207
23 242
14 622
24 955
3 704
4 547
0 213
4 384
6 855
6 703
11 506
21 901
5 327
24 695
10 882
23 958
24 249
2 254
15 439
18 750
12 803
1 964
11 776
22 918
8 875
29 780
20 433
8 434
12 442
11 942
10 840
29 732
4 427
22 413
3 966
19 586
7 386
2 211
23 433
26 340
7 323
12 238
17 532
29 340
19 301
1 620
19 365
20 977
12 668
4 631
10 962
22 316
13 448
13 326
1 292
21 829
1 676
8 857
5 632
24 385
24 774
0 868
20 416
13 388
15 608
24 697
25 603
24 896
7 904
12 588
25 613
27 274
26 653
29 698
17 699
29 338
2 750
7 783
28 373
18 563
2 332
17 628
21 952
22 403
25 236
21 896
12 808
23 687
15 521
1 555
13 428
26 937
26 258
20 847
5 651
22 401
13 634
2 403
15 755
10 797
9 375
4 237
14 900
27 272
3 606
27 479
23 484
24 774
4 763
1 919
18 771
3 551
12 594
12 830
17 468
11 808
0 201
18 399
8 240
7 661
19 637
24 787
0 627
0 355
27 766
17 811
28 317
15 855
13 729
29 721
16 566
22 444
13 547
12 538
25 272
29 877
25 638
14 717
9 390
25 506
18 489
5 859
16 657
12 628
19 631
27 499
18 414
15 325
0 730
4 415
7 215
26 848
19 743
6 684
6 760
13 220
13 741
19 889
7 451
19 694
11 973
26 812
14 881
3 694
17 376
5 226
13 969
4 307
24 980
27 749
16 585
21 249
4 717
11 494
4 931
22 344
14 445
19 371
17 467
0 565
12 530
17 690
28 735
8 462
16 436
28 201
29 731
26 452
26 925
26 568
9 388
19 508
7 989
3 481
16 728
19 642
3 409
16 557
21 274
8 280
19 865
9 768
6 554
23 945
14 235
6 501
1 997
15 701
7 607
22 964
2 929
11 347
15 841
19 475
14 843
28 864
22 324
21 982
27 402
26 253
10 616
29 497
24 346
11 781
10 569
25 939
3 719
2 347
12 452
22 537
4 560
12 593
21 859
22 944
21 622
0 225
13 503
20 657
12 327
11 240
4 885
18 933
11 341
18 811
3 283
0 838
25 886
4 553
22 872
22 886
26 524
22 397
27 479
15 621
2 666
19 917
11 947
16 556
16 363
17 763
0 402
9 728
23 704
19 735
27 781
22 809
9 804
7 245
16 777
4 881
13 719
9 591
6 389
29 921
7 980
22 254
3 402
7 723
2 810
7 708
26 363
5 805
13 937
27 894
22 801
10 816
22 539
28 510
2 643
25 831
23 551
25 396
8 455
20 523
10 998
26 497
8 464
14 877
29 418
8 583
17 682
24 542
4 573
22 515
2 849
12 509
9 363
29 668
15 429
21 605
29 708
9 389
9 755
2 969
13 205
16 642
1 986
2 576
17 669
10 926
14 571
6 355
29 943
12 313
22 596
19 254
27 720
6 884
17 499
11 358
29 521
3 936
5 441
26 383
17 525
25 300
25 375
26 971
4 506
10 283
12 501
25 396
25 838
20 588
16 532
21 342
9 897
29 580
3 531
27 560
17 982
17 372
6 899
16 294
18 348
5 226
28 736
7 754
21 523
10 883
26 792
13 369
6 637
16 477
1 583
18 769
16 781
6 672
2 362
12 903
0 712
16 645
29 676
3 892
22 414
6 390
29 845
0 424
24 756
24 306
9 859
7 548
2 572
16 682
20 399
7 738
6 666
18 504
24 586
1 357
8 789
5 513
12 585
26 717
6 650
14 559
17 368
2 655
16 626
6 580
19 204
5 998
23 811
5 646
3 927
0 242
23 389
13 661
1 411
5 278
3 390
17 402
8 848
18 453
16 320
20 664
3 754
8 252
25 218
26 907
19 556
29 225
18 802
16 245
14 312
22 780
0 984
6 240
5 301
2 525
15 716
4 954
25 865
2 517
26 702
14 328
29 594
8 660
22 259
25 307
14 288
13 945
25 967
27 817
15 231
2 504
24 338
19 991
28 621
5 310
1 567
19 852
15 472
4 479
17 933
14 678
14 391
25 824
10 497
11 431
22 692
26 566
22 433
21 736
21 576
9 470
28 285
12 242
20 287
18 340
26 459
26 399
1 597
7 243
11 445
25 339
12 951
3 479
3 370
12 296
27 695
1 534
20 993
2 754
29 904
15 594
14 633
13 494
15 891
13 633
12 756
4 907
13 677
5 477
22 826
2 697
8 971
2 683
16 727
22 384
8 313
26 701
19 642
25 414
25 704
21 677
2 582
20 575
4 724
3 766
11 980
4 826
3 551
8 565
29 258
13 900
3 489
23 919
16 524
9 556
29 571
11 886
6 262
11 870
8 372
13 228
22 362
13 602
16 587
12 596
6 675
9 861
8 224
22 501
2 441
0 811
10 464
27 355
28 739
3 239
26 687
4 674
3 703
27 504
9 987
26 747
5 429
29 232
9 453
29 475
1 854
12 262
9 240
29 748
12 567
10 862
3 281
20 397
27 594
19 291
29 930
5 452
13 789
5 849
12 660
18 872
3 855
20 928
27 801
8 573
24 318
19 721
22 574
23 554
6 919
26 207
8 434
11 217
23 863
25 539
20 753
20 798
10 273
29 644
24 296
6 581
26 707
24 620
27 329
19 892
8 947
0 311
16 515
20 914
11 266
11 280
18 235
23 298
9 660
21 342
27 497
29 869
2 649
26 489
15 328
12 390
18 722
22 669
22 305
19 612
24 223
6 310
14 243
23 614
26 856
17 510
13 914
9 221
11 330
18 978
21 924
23 532
1 642
1 438
0 290
23 799
21 465
9 617
26 789
3 753
2 549
6 764
15 311
4 874
18 666
12 310
7 647
22 554
12 493
0 932
9 755
22 701
28 577
17 926
12 281
9 819
16 482
6 416
13 321
21 541
19 440
20 303
2 377
15 652
23 857
20 438
14 856
18 920
7 973
22 247
20 383
4 482
4 274
21 855
5 864
8 715
0 215
20 562
7 552
28 525
6 818
11 951
25 735
7 698
7 536
13 1000
21 354
22 900
0 583
7 531
4 588
7 825
29 214
23 318
1 866
15 899
9 657
2 917
13 926
16 971
4 687
18 961
10 776
23 870
9 292
22 234
18 271
7 856
16 353
1 913
28 557
15 286
19 306
14 550
4 642
13 947
18 960
10 751
28 479
12 391
27 345
4 829
5 277
21 804
0 756
22 920
20 614
0 603
16 622
13 956
16 701
8 483
26 738
25 377
9 272
26 855
27 297
21 594
0 313
10 480
20 834
13 868
21 485
5 628
29 361
10 533
27 612
12 334
13 925
28 264
26 422
17 694
17 743
0 877
12 550
1 595
1 231
6 747
17 719
17 846
14 776
16 955
23 989
10 818
2 299
15 698
10 727
13 619
12 597
12 683
22 382
1 364
26 614
14 253
10 975
25 380
7 632
25 345
19 674
25 723
11 546
26 501
26 544
21 587
7 339
18 288
14 279
15 861
20 828
20 854
5 590
7 593
17 359
13 616
19 309
4 337
9 220
29 788
6 331
25 956
26 276
5 233
14 761
6 441
29 525
1 592
29 777
20 726
9 415
19 1000
12 896
19 893
3 689
11 729
20 432
27 649
18 947
25 375
8 661
29 695
7 366
2 556
22 700
4 567
12 252
20 844
15 573
4 333
20 872
25 401
15 627
2 894
17 480
15 211
4 406
16 713
0 573
21 944
26 486
21 945
22 508
26 816
12 559
6 576
0 334
17 696
17 316
25 429
15 234
24 665
29 394
5 847
13 633
20 863
9 251
14 402
28 952
27 768
18 609
3 360
21 243
11 920
24 637
0 957
25 716
0 654
22 458
10 695
27 418
13 894
20 410
0 573
25 860
27 856
3 877
15 723
0 974
2 597
1 313
13 447
14 273
25 912
6 254
17 330
16 773
4 796
21 737
11 734
11 520
16 580
16 849
10 400
10 510
2 866
7 342
29 702
12 324
8 850
25 658
17 751
10 991
3 232
5 795
10 592
14 306
15 727
10 476
3 748
18 927
19 653
0 379
28 898
9 904
0 227
5 946
25 874
7 445
22 252
23 989
2 591
25 391
2 274
23 881
19 334
22 737
3 208
9 447
12 788
17 735
17 775
27 520
6 960
26 742
19 878
10 583
0 498
25 621
16 582
21 701
0 568
15 285
26 796
24 605
9 842
19 756
5 673
25 385
15 910
17 588
24 837
0 448
13 379
1 659
11 501
29 404
25 869
5 677
16 251
21 368
18 510
5 739
2 202
4 854
2 987
24 282
14 439
6 464
22 719
13 307
20 701
12 228
1 508
5 403
25 452
21 278
27 938
13 692
6 957
19 449
26 770
16 795
29 714
8 793
25 601
26 578
6 378
21 227
3 768
14 820
24 381
13 952
6 476
26 498
0 482
8 583
26 246
20 547
22 850
1 647
6 321
4 822
4 971
17 509
1 791
25 768
2 211
5 372
25 915
25 545
8 296
25 571
12 403
4 853
25 609
6 668
0 602
2 664
5 561
25 706
24 223
11 597
9 956
18 525
2 751
15 779
24 686
0 940
26 734
15 680
19 378
27 683
29 806
8 878
4 639
5 472
15 699
26 795
2 321
27 269
17 664
3 884
24 918
28 280
4 492
18 593
0 486
6 737
8 259
11 839
3 719
20 223
29 715
27 348
12 618
24 731
17 744
4 743
17 753
17 550
13 511
4 901
26 703
7 480
13 742
28 816
8 776
21 942
27 897
12 962
18 530
27 919
29 834
8 365
22 511
21 416
11 732
19 496
14 203
12 494
26 342
29 960
1 885
11 822
12 802
13 318
8 649
27 204
19 326
0 973
17 255
16 518
26 727
1 406
0 538
4 797
21 869
22 768
15 921
1 959
25 299
24 741
7 670
24 246
0 722
23 413
25 315
24 626
3 655
9 450
4 844
21 456
19 888
25 443
14 836
27 443
19 610
26 770
16 374
13 447
0 966
29 339
14 673
23 749
5 765
7 427
18 309
16 767
19 609
26 378
4 362
24 828
4 816
27 567
24 659
18 609
8 565
9 466
12 236
18 839
7 369
12 706
0 978
9 442
23 587
7 360
4 834
1 813
7 518
9 267
14 289
18 432
4 969
27 815
14 547
8 873
10 648
27 248
25 555
2 834
2 302
25 309
6 662
26 987
21 947
10 660
18 514
2 222
11 300
0 1000
13 755
21 580
24 216
28 914
24 360
14 476
28 675
2 700
18 288
5 871
12 320
29 441
24 749
14 858
1 210
18 404
7 252
5 640
8 996
27 683
18 788
8 577
5 332
4 459
27 399
13 306
29 649
17 904
18 889
25 246
0 762
26 426
4 970
14 927
29 392
29 982
2 286
13 457
24 697
24 592
19 507
21 328
3 273
20 879
17 567
2 785
18 937
5 505
3 515
18 488
15 207
16 542
4 722
17 867
10 513
11 420
22 910
28 550
17 377
22 976
29 200
19 448
2 516
21 795
20 791
15 870
11 542
5 395
12 774
29 634
16 658
3 232
11 728
20 585
23 214
15 898
15 407
13 654
10 620
18 744
9 288
19 274
11 264
5 467
25 806
10 323
11 501
10 298
18 411
16 549
2 866
10 636
1 667
27 349
23 786
2 406
25 528
19 605
3 919
19 337
26 565
4 866
29 742
19 711
8 203
12 619
25 708
24 471
5 392
29 595
18 667
15 349
22 739
18 291
27 567
17 494
27 994
23 852
13 616
9 800
19 963
13 570
8 956
28 322
7 720
11 284
13 630
17 744
2 281
27 200
20 768
0 754
3 414
6 217
20 848
17 559
13 654
8 666
28 291
6 507
3 964
24 380
18 868
12 573
4 493
20 409
12 382
9 676
19 628
22 659
9 732
8 244
9 653
14 807
13 433
22 961
7 556
15 501
28 476
12 338
8 315
0 463
20 353
25 373
12 250
25 700
20 503
22 961
26 670
16 419
25 956
27 605
6 539
5 257
7 310
27 412
15 344
21 607
19 772
6 978
4 899
19 628
0 785
18 934
26 930
23 819
10 380
12 206
28 267
22 567
12 988
16 402
12 341
8 684
16 894
7 239
25 453
28 859
22 529
28 910
19 617
6 899
23 613
17 793
24 712
22 451
13 811
4 784
17 855
29 292
29 973
4 747
14 932
13 306
11 696
3 230
19 391
4 554
16 739
2 635
24 648
1 686
27 556
20 357
21 363
20 723
19 517
14 357
5 489
22 663
21 957
2 584
8 585
22 466
27 486
6 612
24 483
28 855
14 998
17 871
9 262
10 426
15 339
18 502
28 374
10 982
15 218
11 848
22 269
20 686
12 463
16 954
9 492
15 405
22 688
19 818
12 778
19 825
17 286
24 921
17 941
13 904
24 532
23 464
10 725
7 485
19 603
25 980
1 944
14 338
9 581
24 782
13 957
13 830
5 625
13 587
5 662
26 416
0 640
21 674
7 591
21 382
2 811
10 205
17 924
5 728
2 289
0 812
12 548
7 764
29 475
22 875
9 615
17 956
1 246
12 575
6 869
25 242
20 356
3 285
6 995
21 568
0 782
24 918
5 572
25 582
10 249
27 359
12 569
21 875
11 406
26 647
8 374
0 960
4 299
16 528
29 708
14 457
10 839
17 252
20 299
11 222
10 501
25 464
18 863
7 887
13 960
22 732
18 793
22 938
15 932
18 804
22 943
12 771
18 319
6 793
12 886
26 282
27 882
1 268
28 404
10 811
22 884
14 751
8 517
12 872
11 632
7 376
1 865
13 661
29 608
1 784
26 535
21 259
18 891
14 657
6 477
7 871
15 462
27 583
2 988
14 454
25 774
13 950
24 702
27 784
3 603
9 440
24 248
24 362
0 202
6 387
25 371
2 749
4 504
12 865
6 962
13 240
21 640
17 478
15 257
6 921
28 954
10 819
17 687
16 920
15 468
10 767
16 650
13 487
29 439
4 292
10 964
29 929
14 685
13 380
28 541
27 315
11 984
28 552
12 449
15 945
23 296
0 527
20 435
29 884
8 549
5 284
1 544
17 398
17 931
29 271
25 607
3 776
17 522
24 900
16 656
8 371
24 561
2 796
0 943
17 708
10 529
14 268
27 708
28 931
23 782
24 848
23 680
5 232
7 626
16 470
17 666
1 915
24 236
3 797
12 371
20 950
12 637
12 983
6 766
9 956
13 888
25 967
25 674
1 354
2 538
14 208
19 241
4 335
3 582
7 807
2 445
16 715
28 846
3 740
4 275
25 710
8 450
28 961
24 838
1 655
24 408
27 793
16 377
9 633
5 234
8 279
9 286
7 264
6 432
8 883
16 781
29 890
23 310
12 708
26 407
19 607
10 788
28 949
6 359
15 529
29 529
0 473
15 884
24 374
0 390
0 874
21 453
6 620
5 471
5 940
24 425
2 342
15 665
26 673
22 566
0 270
19 370
13 559
13 904
10 826
26 496
5 224
11 558
0 437
22 372
19 890
2 699
10 657
16 405
24 750
