2000
21 962
8 491
20 922
0 756
18 387
3 801
26 801
16 383
13 795
18 306
20 539
22 532
25 738
16 273
11 331
21 964
4 378
1 374
0 517
29 435
26 311
18 837
10 291
8 397
17 812
12 443
19 913
19 828
29 389
27 421
23 898
22 307
25 562
24 210
17 626
3 365
12 698
19 541
14 626
12 926
18 763
21 845
0 763
7 922
12 346
3 656
11 547
3 356
11 457
4 941
14 651
12 581
3 430
23 338
19 274
28 348
24 853
4 271
24 397
20 567
6 595
3 942
25 708
25 810
9 969
25 890
17 271
3 240
24 342
1 824
20 780
12 933
26 480
22 917
11 414
18 662
2 235
8 619
22 444
14 320
15 729
17 616
24 784
11 903
12 594
13 929
2 290
6 336
21 218
22 835
27 302
26 825
15 356
29 371
10 556
7 435
12 224
29 274
15 756
18 959
25 228
10 902
17 981
11 268
20 688
5 778
14 366
21 855
1 807
9 372
15 348
18 707
14 526
7 308
24 654
23 543
15 585
13 952
24 529
5 997
10 716
27 950
21 428
8 875
20 254
27 728
0 236
13 925
12 895
7 654
2 340
8 558
13 221
19 995
19 685
22 918
24 954
5 239
18 814
22 649
0 538
17 211
9 856
9 895
29 649
7 218
20 607
16 575
27 638
9 871
20 661
6 215
20 731
7 359
1 707
28 953
0 271
19 658
24 518
21 266
10 686
6 696
19 830
12 939
6 813
6 302
3 444
10 629
13 561
16 589
24 726
7 863
4 300
10 829
21 846
28 777
29 947
11 720
14 850
21 395
21 369
15 766
4 707
9 864
22 366
9 443
7 285
12 980
20 499
26 944
24 579
1 563
25 464
13 324
21 937
22 266
7 721
26 347
25 754
19 993
4 688
3 963
4 312
17 512
10 533
20 455
9 369
7 293
10 684
10 349
12 947
29 783
11 783
0 842
24 622
10 770
0 983
26 732
5 570
15 206
3 880
12 548
3 763
3 923
15 902
3 981
12 212
11 293
20 929
1 975
22 872
23 813
20 595
17 498
10 788
20 303
3 588
18 656
8 615
26 422
20 872
11 646
4 671
19 617
6 332
17 294
29 359
7 739
15 576
20 767
21 913
21 517
0 692
11 670
20 637
26 326
18 549
19 515
3 411
5 330
3 611
19 965
28 475
19 970
13 865
28 333
0 303
17 860
15 848
1 206
26 313
6 658
17 494
0 758
21 820
28 933
23 578
27 824
1 453
10 652
26 653
5 908
25 943
29 359
14 747
5 476
6 924
15 345
13 868
18 517
20 765
2 289
7 495
3 384
27 202
10 587
19 672
20 573
10 724
22 845
9 589
0 589
10 268
26 206
4 523
2 847
15 984
23 609
29 365
7 439
11 391
3 365
10 932
23 379
12 949
16 776
22 448
28 484
23 512
2 301
28 721
18 410
24 936
5 690
27 294
26 839
12 696
20 495
23 382
15 259
26 264
21 681
26 653
13 403
8 693
11 733
13 830
7 502
21 209
9 440
13 826
2 242
20 294
3 722
8 854
21 346
25 621
19 823
27 751
21 416
24 580
4 696
22 409
28 472
0 825
3 430
27 500
6 458
0 698
3 970
23 476
3 230
20 463
20 789
11 285
20 943
14 908
13 757
16 493
16 258
1 630
25 497
16 747
1 862
0 218
15 936
9 671
15 518
8 431
19 743
13 935
21 715
1 848
1 450
14 440
6 690
10 489
9 546
1 221
22 558
22 922
18 314
27 692
13 298
16 926
21 370
12 440
26 382
22 305
0 353
9 289
2 614
17 922
8 264
6 411
7 457
9 226
22 295
3 468
19 224
13 205
18 872
28 931
16 717
12 312
5 393
9 241
8 910
23 701
27 219
8 921
4 926
14 972
2 279
14 279
8 962
12 442
24 606
25 266
0 888
22 533
20 858
4 633
16 370
20 200
14 223
9 623
12 940
19 625
27 721
2 643
14 404
16 536
6 715
6 630
25 601
27 885
14 879
24 908
15 633
10 408
8 852
22 830
22 566
15 993
12 338
22 314
26 867
28 944
28 220
7 861
16 515
9 872
8 338
7 471
13 769
9 887
28 635
22 887
8 276
16 236
22 324
6 387
23 217
14 434
20 614
15 627
2 549
26 433
17 866
11 534
27 938
13 921
6 523
20 529
23 777
27 633
19 635
23 294
27 538
3 627
11 312
8 583
25 289
25 266
25 517
16 510
12 304
10 316
2 315
6 839
16 899
28 626
24 671
25 578
28 359
10 543
19 439
11 694
27 915
10 671
19 366
29 786
5 599
20 634
22 534
9 475
28 674
24 752
10 430
11 628
12 779
14 713
23 948
28 506
14 437
25 888
2 281
16 934
14 468
3 401
14 420
29 811
29 551
17 483
10 301
8 824
2 286
14 947
25 594
19 704
13 321
29 656
15 328
17 771
1 531
26 401
5 835
25 263
0 424
10 500
10 276
12 677
12 532
26 294
19 392
1 889
16 749
17 678
28 682
8 966
15 844
21 919
2 580
29 259
16 422
23 520
16 384
1 655
24 753
8 839
22 312
21 692
25 888
3 365
9 586
5 343
23 735
6 949
22 210
22 462
14 231
0 737
1 701
8 405
24 480
26 629
7 991
13 865
21 424
25 274
4 716
14 335
15 855
6 452
8 997
0 915
20 744
7 930
16 586
13 873
27 718
9 577
9 289
2 675
25 947
13 595
28 547
27 578
0 522
13 579
20 742
13 243
4 621
16 765
17 512
3 1000
14 956
27 303
28 992
26 627
29 946
2 678
15 647
25 780
18 916
9 435
10 222
15 881
19 576
18 251
29 413
28 826
3 279
1 858
25 819
3 805
8 476
26 964
2 315
4 231
26 804
2 577
7 332
4 899
9 488
8 705
3 371
19 704
5 373
7 737
7 591
27 705
23 767
8 781
19 328
0 979
0 642
20 473
19 609
2 438
18 946
3 515
23 560
16 400
11 625
6 223
11 386
4 810
3 990
24 422
20 473
10 228
6 746
21 565
11 609
5 296
26 963
29 288
1 957
16 587
16 691
22 210
2 676
5 248
17 303
0 942
12 670
12 878
8 909
21 465
15 812
0 470
29 780
23 309
27 327
10 730
13 292
12 280
18 580
10 975
9 216
18 579
4 830
1 893
3 703
10 773
13 638
12 938
6 940
17 486
21 640
19 759
23 230
17 681
15 419
7 210
23 291
9 972
22 972
21 242
20 407
18 986
7 951
13 637
20 866
18 339
0 734
15 685
7 822
17 787
6 664
17 625
28 597
3 446
4 517
7 266
3 841
9 377
7 864
15 254
12 696
15 456
20 835
14 249
14 479
16 865
29 886
9 546
14 278
10 789
1 824
25 568
8 306
18 809
28 368
12 436
9 978
3 792
16 929
24 432
16 654
15 952
9 227
20 851
10 970
4 865
3 387
28 862
13 844
10 595
6 990
22 784
10 343
3 336
25 497
16 838
15 554
28 656
3 765
27 335
22 782
8 368
28 403
16 808
11 487
23 286
25 276
24 579
20 483
21 723
27 286
21 622
27 403
16 446
2 962
28 231
20 508
12 809
4 854
13 255
5 497
23 230
17 560
13 774
27 910
12 632
11 603
18 517
17 789
18 412
22 262
21 360
5 764
15 663
25 690
19 342
6 896
14 697
9 315
24 643
14 406
9 757
23 939
18 809
12 634
9 707
26 249
2 829
1 407
25 624
18 550
13 718
29 705
6 644
24 258
25 787
14 852
1 605
20 611
23 252
21 561
12 819
0 551
9 681
19 621
1 341
25 854
9 243
12 226
17 401
28 647
24 371
28 758
9 327
8 396
12 536
23 904
13 783
10 324
15 222
1 964
27 688
27 777
14 473
27 571
10 475
13 457
28 402
8 353
7 292
11 291
17 975
28 326
24 644
24 718
0 753
2 893
0 766
21 859
13 612
24 593
3 482
21 694
14 567
8 989
3 837
9 831
29 342
29 722
26 376
26 341
27 860
21 886
0 438
6 716
16 430
29 369
14 688
7 833
7 493
14 738
15 926
28 938
20 802
23 726
7 398
9 266
5 358
15 999
1 898
23 654
23 699
9 325
24 512
16 807
3 313
9 310
3 665
23 626
14 218
6 356
25 858
18 638
20 405
9 789
6 938
25 917
2 838
29 832
25 676
28 505
4 948
20 785
13 467
27 983
21 601
28 607
28 497
11 230
22 233
7 569
20 789
12 746
22 208
27 266
7 587
3 800
21 868
0 767
15 269
11 201
15 221
1 356
14 979
23 911
6 755
7 798
16 380
22 528
17 683
12 547
7 353
19 638
5 974
22 593
18 217
17 256
16 719
12 433
15 424
13 938
2 682
29 892
3 519
28 395
11 314
1 342
26 209
27 455
12 742
25 757
13 355
27 210
24 700
22 451
21 946
22 521
21 558
22 718
25 767
16 627
17 660
7 881
21 925
15 813
5 457
25 934
17 338
8 566
9 292
3 351
23 852
25 235
29 576
25 631
8 267
3 208
14 254
22 619
0 800
22 921
29 247
11 625
10 648
23 451
3 589
12 710
2 794
15 693
14 527
13 997
7 439
19 272
23 707
26 440
19 895
14 946
12 914
3 731
23 764
13 389
2 209
18 837
27 589
16 928
15 756
8 847
29 863
18 570
15 428
12 605
21 681
28 770
14 204
9 241
7 874
1 253
23 524
13 891
19 887
0 413
13 233
1 673
8 250
21 729
8 830
28 360
10 434
7 526
6 473
0 317
26 361
28 336
4 960
4 897
16 252
3 288
17 395
26 904
6 854
19 919
15 461
23 711
15 820
6 375
9 903
0 426
17 869
2 688
10 651
1 955
13 436
13 747
18 684
28 301
6 247
16 651
15 823
12 770
3 623
12 380
16 573
24 761
24 600
1 905
23 354
21 761
4 522
15 583
8 329
9 647
19 831
10 753
13 687
23 845
6 632
21 987
28 674
29 777
19 236
2 807
9 427
4 910
19 856
25 821
5 623
9 552
20 933
3 225
25 543
1 895
2 906
11 719
25 899
5 980
18 491
12 677
22 477
7 439
0 266
19 565
5 254
20 805
11 429
3 553
8 914
29 606
19 732
10 242
26 264
29 703
12 953
18 333
6 725
2 232
14 854
16 534
20 293
16 687
22 707
3 638
18 807
8 593
0 525
8 336
19 436
19 900
16 531
22 730
17 565
3 273
3 438
14 777
11 578
25 622
16 787
10 709
24 490
29 337
26 650
4 921
0 503
3 855
3 221
25 615
7 981
28 333
4 281
8 587
16 463
12 285
25 433
10 359
9 372
28 437
22 356
25 716
18 423
19 844
14 794
10 746
22 895
15 275
25 352
15 742
9 278
13 850
12 452
21 593
25 495
2 218
1 937
20 412
12 593
9 732
13 396
7 408
5 901
15 921
3 520
15 663
16 359
4 230
28 403
0 521
1 897
1 232
1 1000
6 524
29 312
2 341
6 838
18 330
16 636
18 745
20 441
24 524
10 807
10 875
10 475
18 620
19 613
16 863
18 342
12 403
29 550
29 604
9 291
17 775
7 283
1 855
15 698
22 507
24 525
28 313
10 780
1 769
27 702
4 244
17 208
21 729
2 282
21 383
0 907
7 916
29 308
18 926
2 288
3 924
22 626
12 336
25 918
3 354
8 729
22 254
27 794
17 435
22 373
5 356
3 381
21 308
7 349
19 601
22 686
11 220
28 996
8 619
26 395
14 764
10 464
15 473
21 234
25 442
25 967
4 295
24 279
19 480
17 969
2 476
5 389
27 311
12 774
28 902
3 214
6 829
12 516
17 953
11 253
25 207
4 262
24 404
29 740
15 690
17 973
26 915
17 873
23 528
4 319
1 867
16 882
21 538
13 855
0 509
6 553
22 994
21 425
20 769
6 875
16 409
1 568
23 638
3 564
9 882
17 353
11 376
17 847
16 513
7 987
5 283
17 376
5 627
0 558
29 944
28 307
5 918
6 554
15 328
25 554
19 806
9 872
3 631
7 267
22 532
17 237
22 835
16 479
27 263
21 992
2 451
24 999
16 897
7 963
29 631
11 296
12 728
5 674
26 774
22 1000
21 429
16 286
26 337
29 204
7 565
19 575
18 719
9 405
11 660
15 489
11 882
27 358
6 386
2 565
10 529
17 471
13 502
16 265
17 672
15 260
3 564
27 937
6 308
20 425
6 558
8 315
14 479
9 289
3 332
18 725
16 652
23 844
13 744
19 767
18 992
6 484
15 952
29 749
5 656
19 902
19 318
7 972
29 559
8 651
11 515
11 664
16 581
6 602
20 667
20 363
6 694
24 347
4 952
29 908
19 486
8 217
18 310
18 819
14 998
22 388
6 585
28 894
8 311
27 696
20 447
10 227
3 616
21 698
1 500
11 876
28 457
22 546
28 430
0 805
23 793
15 486
15 235
18 612
29 952
7 363
0 480
18 809
18 748
12 353
8 997
27 547
1 214
11 484
18 219
24 672
0 834
10 280
10 745
8 469
6 888
19 231
19 504
4 417
11 948
16 729
23 324
2 563
14 289
26 268
2 411
21 654
20 830
24 637
19 794
9 838
7 897
7 333
25 835
23 982
28 260
19 318
11 302
5 307
15 961
7 699
4 613
9 933
29 680
11 343
26 579
24 367
13 879
10 319
28 559
18 629
0 610
0 328
22 325
2 735
11 467
16 851
19 937
3 835
22 392
19 677
6 769
9 453
24 918
19 862
23 385
23 339
25 865
0 211
7 376
7 855
2 703
9 384
16 803
22 815
19 400
27 662
0 321
2 913
7 240
23 541
7 627
17 647
3 268
22 542
26 582
8 846
25 914
26 831
6 652
24 346
2 486
14 209
21 489
16 959
27 550
19 645
3 491
29 739
21 876
4 206
23 544
6 934
1 646
9 205
14 247
12 472
14 650
1 208
16 443
29 679
16 261
6 317
20 781
20 821
20 878
6 452
24 288
29 474
5 671
6 730
21 484
15 319
11 743
9 781
7 789
18 912
25 568
12 860
21 502
26 286
9 720
11 847
10 550
19 986
14 900
8 208
10 643
6 699
2 533
20 790
22 498
18 335
2 758
16 681
24 600
28 860
22 576
7 621
9 696
15 225
19 546
21 993
13 325
12 664
13 479
18 954
13 863
9 566
29 666
4 510
0 715
23 717
29 632
23 512
3 978
26 781
10 736
16 667
25 786
22 632
4 541
13 875
19 889
18 962
11 253
9 284
26 658
18 451
28 795
11 579
25 313
22 201
8 742
12 204
14 241
23 285
26 378
29 201
1 700
21 308
14 537
5 635
16 804
11 646
17 760
25 225
11 761
29 850
16 885
16 570
23 714
18 576
24 394
25 216
13 678
27 699
11 442
2 979
7 662
29 442
3 733
28 909
27 796
20 424
12 373
2 742
6 499
16 952
15 461
22 485
21 335
18 473
19 633
29 862
22 204
25 730
21 553
14 329
0 797
12 427
12 266
20 868
11 275
8 477
28 205
26 865
29 276
5 427
13 553
0 980
28 536
20 217
23 698
18 393
20 432
9 814
14 640
29 606
1 269
24 921
23 392
15 868
5 482
6 223
7 381
12 834
10 928
0 864
17 721
21 302
21 263
16 776
20 263
15 972
12 292
2 267
15 900
27 405
9 395
3 844
17 680
17 631
23 468
29 510
17 562
9 959
25 559
15 620
1 905
23 895
26 332
6 963
8 695
20 637
10 411
26 641
19 903
21 266
22 673
7 974
10 764
17 916
14 802
7 444
17 631
12 872
25 372
4 925
15 849
4 859
25 581
23 222
25 516
23 416
2 772
12 763
14 836
25 342
11 225
10 789
14 969
2 671
29 722
23 700
12 986
1 313
17 574
27 851
29 892
2 701
16 766
16 469
14 466
6 787
19 988
10 271
19 672
4 632
2 971
23 434
26 983
1 291
12 765
15 635
20 680
3 227
27 835
11 365
29 411
18 610
17 673
28 640
28 421
12 763
29 918
1 313
26 499
25 375
27 642
14 512
9 737
22 369
20 218
20 464
27 428
5 381
22 971
0 634
5 483
24 585
19 956
0 383
8 710
29 454
6 246
11 559
19 509
29 368
21 469
20 769
4 559
23 445
10 589
18 363
24 240
1 269
0 710
25 816
22 982
15 796
9 604
23 712
1 766
23 690
6 592
4 873
16 932
19 363
4 813
0 202
3 777
6 575
1 918
8 585
7 762
24 881
13 662
15 409
11 249
18 397
29 290
3 570
12 644
9 733
6 706
26 350
27 858
14 784
7 699
25 831
3 207
24 574
13 991
4 436
23 379
24 840
24 548
14 584
13 924
12 403
3 718
13 838
16 502
23 474
22 521
4 562
15 703
26 534
26 966
7 723
12 818
29 528
10 435
19 840
12 388
27 835
19 862
19 327
18 263
22 328
25 869
4 522
24 675
5 437
20 823
16 793
13 803
8 302
24 577
20 787
24 657
4 955
18 285
21 529
21 830
5 858
2 236
4 512
14 709
25 399
29 599
7 878
6 780
15 274
3 799
22 280
17 556
10 872
6 354
29 741
25 440
7 947
14 699
8 864
13 886
24 376
13 660
26 986
22 707
17 863
6 613
26 668
7 952
13 342
5 658
2 608
11 690
9 596
8 565
17 631
25 722
29 738
20 845
17 960
8 396
9 340
14 815
29 585
3 362
4 608
4 592
11 239
11 302
26 428
4 884
19 850
14 399
2 396
6 620
23 220
0 331
15 559
2 874
14 536
22 368
25 952
18 828
17 210
18 937
17 480
25 633
12 207
29 441
26 895
18 334
9 507
18 844
22 920
15 239
14 628
23 345
18 799
26 739
3 979
15 744
24 878
29 424
0 702
9 878
7 350
29 351
17 651
16 606
23 580
18 605
11 671
26 476
9 538
3 390
22 337
0 502
4 306
25 905
18 543
23 355
2 887
26 857
23 959
7 326
3 643
21 491
