2000
4 942
1 371
25 666
13 352
16 918
2 480
4 948
17 583
14 600
15 454
9 525
13 848
4 550
21 935
7 441
15 945
7 549
17 920
1 940
26 775
26 784
9 537
5 982
21 939
20 494
21 464
8 678
14 553
23 448
28 283
13 488
18 546
13 913
26 973
7 444
26 628
10 237
26 418
27 743
7 601
13 640
4 289
15 944
9 939
7 821
4 652
2 932
20 711
2 342
13 500
24 345
17 558
20 459
27 701
15 699
3 815
21 375
25 513
12 480
20 633
13 494
20 926
5 222
10 582
16 824
18 367
21 891
12 550
14 863
10 867
17 422
26 230
19 412
21 472
2 334
25 294
13 874
4 740
2 975
8 575
16 440
25 436
21 227
28 405
2 226
27 858
29 968
26 204
28 285
0 593
27 413
19 231
13 326
10 330
16 897
8 680
18 929
7 962
12 683
3 963
13 663
15 926
20 385
1 473
1 953
19 274
0 941
0 974
16 293
5 827
4 458
19 839
0 611
5 248
13 320
26 224
22 580
4 221
23 968
16 529
12 764
22 803
12 678
17 847
5 561
20 449
10 944
6 924
15 808
9 403
8 756
29 265
23 593
24 588
10 962
0 254
7 842
2 383
21 417
24 364
8 810
15 516
19 559
11 547
21 867
20 322
24 770
2 676
25 492
3 311
1 669
24 302
6 728
26 821
3 818
20 507
18 720
2 211
6 714
29 886
26 461
6 781
17 706
27 726
1 207
22 613
20 794
8 340
17 493
9 272
4 576
18 600
22 710
21 521
2 810
7 879
1 287
22 833
14 309
19 488
13 761
26 537
1 481
3 446
7 271
2 646
4 518
3 282
14 286
20 958
8 408
24 822
10 324
19 217
16 604
10 540
16 862
3 916
19 857
10 336
3 377
29 291
11 497
20 256
21 291
23 543
11 913
22 901
17 643
18 546
2 856
11 718
13 902
26 908
11 542
29 683
10 733
18 846
26 590
26 678
11 307
24 742
8 990
3 676
25 926
21 819
19 998
21 922
27 757
11 937
1 695
15 250
1 329
4 479
17 242
5 349
5 702
29 718
14 385
19 452
24 643
12 504
3 273
21 306
12 777
15 555
6 897
4 961
26 903
23 750
22 607
17 766
3 973
21 689
19 672
20 915
24 957
8 751
10 631
13 421
14 586
3 677
17 619
21 994
28 523
14 788
22 350
2 996
24 920
1 930
6 988
7 851
29 857
28 268
1 747
14 574
12 742
28 472
14 469
16 896
12 826
23 929
21 916
7 471
3 454
1 318
5 322
0 916
11 231
13 250
0 905
13 849
27 1000
8 637
29 438
29 749
19 261
18 899
11 622
13 433
13 496
20 219
3 360
14 786
5 872
13 330
29 638
4 790
23 380
5 767
0 822
27 774
29 818
0 257
16 324
5 525
5 543
14 488
21 575
0 962
11 876
11 675
3 695
18 585
26 919
29 743
13 701
1 533
25 863
14 237
19 415
17 990
14 679
6 282
11 956
0 624
20 873
22 311
12 811
23 779
14 570
17 210
6 899
9 835
23 249
17 511
7 926
5 605
2 446
11 760
5 299
21 580
24 847
12 436
13 513
6 972
23 813
16 961
24 286
18 999
5 907
13 884
7 669
22 346
4 583
5 661
3 391
24 476
2 998
25 807
5 634
7 672
7 919
19 357
16 958
8 886
22 598
4 697
23 891
0 862
29 254
15 944
10 567
12 958
9 217
10 478
20 565
4 206
13 610
2 723
19 683
21 732
6 395
27 242
3 980
15 904
25 469
20 584
6 430
4 296
4 754
13 288
20 601
28 438
27 652
22 724
24 970
24 212
19 583
4 785
3 700
3 518
29 648
26 633
3 844
13 230
4 472
20 895
18 556
20 279
26 808
2 928
1 357
18 300
4 428
13 725
6 347
13 245
6 992
27 235
2 820
18 691
16 548
25 205
24 439
29 772
17 456
15 683
1 510
20 772
6 866
29 434
19 872
9 868
28 210
21 991
26 409
10 818
1 507
20 252
17 968
28 625
8 737
12 339
20 877
18 788
6 201
24 696
23 964
29 521
14 529
3 919
14 879
9 345
6 599
19 939
4 726
16 898
14 575
6 469
19 768
4 330
23 418
11 215
9 423
6 581
21 934
17 208
11 266
28 209
6 553
12 208
25 910
29 586
23 231
25 760
22 691
29 930
28 246
21 742
19 343
15 966
13 543
5 919
11 754
23 224
21 217
2 906
18 318
9 486
11 445
16 834
23 587
4 884
16 408
15 896
3 766
8 217
6 824
15 524
17 776
29 273
13 500
11 950
13 765
5 291
25 429
3 550
5 803
11 512
13 590
1 662
18 435
26 817
26 255
18 571
2 741
23 973
19 292
0 716
7 323
29 440
12 918
3 232
14 584
25 361
6 328
1 582
28 382
22 950
24 723
23 655
24 807
28 790
20 243
22 903
27 221
26 371
20 514
26 973
5 537
0 279
16 473
11 597
24 955
22 608
1 988
3 742
23 226
22 892
28 973
26 751
8 218
18 478
22 870
5 886
12 255
1 519
6 926
17 305
6 777
5 319
0 931
9 291
11 815
8 562
25 564
11 211
11 463
27 818
6 242
17 403
7 636
15 725
21 291
29 430
21 346
16 662
25 456
8 907
19 587
13 438
19 998
9 212
12 624
11 453
20 551
24 751
22 519
17 832
13 270
21 659
26 337
18 636
11 617
27 455
19 735
8 843
27 631
0 834
19 881
10 544
20 972
17 862
6 924
12 284
3 201
17 273
29 408
0 825
28 623
1 898
14 733
18 302
6 907
19 267
20 405
19 629
23 972
26 675
10 656
17 910
8 594
12 327
19 345
3 224
10 959
17 522
18 637
17 627
11 855
23 497
26 429
28 273
29 820
3 607
10 398
2 345
16 310
29 471
28 802
14 332
15 947
23 335
5 767
29 753
2 277
25 323
21 335
6 901
19 568
27 976
28 945
13 751
20 889
10 966
18 724
22 278
17 352
21 282
5 603
13 951
21 893
14 654
3 542
10 257
12 385
1 913
14 946
6 392
28 242
24 382
25 338
15 517
22 696
24 785
13 947
22 600
18 797
26 695
28 309
8 677
12 425
22 286
18 974
2 345
6 790
20 240
16 381
13 412
4 600
23 534
9 768
14 877
5 206
8 674
2 742
8 987
23 357
6 461
0 597
25 901
5 983
21 944
8 240
19 933
4 823
9 379
9 638
0 455
17 259
1 294
25 712
5 682
14 713
3 446
8 412
2 314
27 572
11 338
19 642
24 471
23 348
6 340
8 432
12 347
21 514
18 821
2 433
3 218
13 613
16 586
19 977
26 221
15 622
9 982
1 548
28 590
25 529
20 587
27 801
20 630
23 907
2 796
7 337
26 332
20 436
13 713
5 768
18 717
24 949
16 849
17 757
27 396
23 680
15 302
7 251
16 233
11 895
29 750
10 937
24 793
9 486
24 950
28 754
9 329
3 648
23 794
29 542
24 951
21 526
10 487
21 993
0 515
8 696
1 377
17 859
5 831
11 700
3 245
12 587
7 369
12 711
24 770
10 731
1 392
23 631
19 648
13 253
1 303
17 428
4 320
11 275
27 653
0 895
11 813
27 266
25 264
20 672
6 390
7 372
0 514
7 439
7 488
14 830
7 428
8 888
8 960
4 225
16 504
11 301
3 880
3 973
1 553
20 672
26 258
12 708
10 904
14 551
12 404
7 732
25 783
29 610
2 849
11 527
19 464
18 297
19 547
17 807
27 379
29 799
27 580
26 671
3 707
29 970
8 845
18 962
24 956
0 752
24 437
26 237
16 336
2 734
23 765
4 777
8 695
22 1000
20 336
17 857
1 724
18 521
20 818
4 777
1 482
5 554
2 462
23 391
9 888
9 747
20 396
17 683
14 771
8 540
0 369
19 833
4 311
3 945
0 773
13 898
27 236
24 566
18 274
29 336
28 270
28 663
29 458
24 976
1 244
15 828
14 652
16 460
22 851
25 865
24 545
15 846
15 428
9 851
17 991
28 586
7 611
23 893
7 656
9 246
14 499
25 701
5 820
1 769
6 769
26 679
22 298
10 795
19 758
6 400
23 948
7 240
5 533
5 857
7 818
23 220
23 550
7 579
12 825
18 399
2 743
15 267
18 301
5 348
15 244
22 876
16 741
16 375
8 308
8 577
0 380
3 327
15 377
10 884
5 425
22 677
19 379
9 299
6 360
19 986
27 716
13 900
2 807
9 989
20 376
4 331
1 578
1 740
7 286
12 450
27 937
1 675
21 789
23 950
7 727
27 993
11 884
16 888
5 295
11 407
11 362
24 851
1 390
14 826
3 234
20 202
20 727
21 725
13 872
0 523
18 248
15 406
21 604
12 953
18 286
5 608
2 601
22 727
9 730
11 220
11 507
26 451
10 390
21 601
27 512
8 690
8 866
28 579
2 848
26 775
22 797
17 404
2 394
10 963
27 332
24 986
23 306
7 774
11 585
29 216
2 524
20 714
26 714
7 956
7 474
6 845
2 817
11 867
16 475
21 845
19 682
1 699
25 907
13 936
27 348
28 383
25 207
29 443
3 439
7 290
17 603
7 426
22 246
12 794
23 941
18 277
19 252
16 307
20 529
8 384
25 434
21 998
26 700
16 385
29 588
28 205
11 771
6 778
17 937
15 353
11 831
14 898
20 342
10 700
20 431
7 782
9 960
2 940
9 538
22 842
10 251
12 594
21 972
12 885
22 837
29 300
9 364
6 204
12 804
4 658
8 829
26 917
14 935
23 200
23 437
11 607
0 653
25 257
29 456
14 601
15 527
28 457
11 420
27 376
4 370
0 536
11 473
23 374
4 930
8 519
20 512
23 410
23 465
4 986
2 239
19 672
27 547
5 373
5 601
8 851
1 663
9 790
8 906
4 409
6 741
8 856
18 656
25 269
25 918
11 426
2 243
11 591
29 876
28 890
10 994
16 843
0 463
8 252
2 556
5 953
20 967
28 535
28 465
22 928
6 635
4 714
14 414
24 211
24 640
23 910
14 542
29 381
2 328
29 525
18 688
27 224
18 206
10 917
3 339
9 303
13 462
12 667
20 654
11 406
1 423
6 337
5 666
3 599
17 365
4 726
22 568
10 250
17 475
0 504
17 937
13 227
2 566
2 390
15 958
15 954
22 436
8 793
12 432
28 930
20 410
6 725
27 733
28 456
8 977
29 569
14 708
6 490
19 758
6 794
17 559
5 537
4 584
2 509
25 229
10 601
29 943
28 513
22 911
0 612
19 584
20 549
6 445
9 549
29 860
3 548
27 271
10 655
12 260
11 690
0 280
7 969
17 435
29 659
7 217
6 254
24 899
6 449
12 670
16 703
12 904
26 862
10 478
21 479
21 313
6 994
28 708
13 868
6 669
29 586
16 228
22 802
16 940
10 594
6 685
9 432
16 917
29 518
11 245
5 798
20 950
22 582
11 855
21 447
29 401
14 966
24 251
11 848
2 954
25 915
9 455
7 340
20 659
15 314
4 805
22 497
1 913
4 350
2 836
29 590
27 389
18 575
9 475
26 666
1 452
13 383
17 618
29 781
9 795
24 647
0 432
19 338
18 839
7 818
16 357
25 900
7 881
1 248
13 656
24 329
8 956
13 500
20 215
0 847
19 924
20 225
16 440
16 560
27 528
12 215
22 205
16 434
1 832
12 731
9 893
10 806
19 761
19 920
23 715
19 681
8 550
11 822
4 903
15 758
15 534
22 460
10 540
17 445
17 469
27 624
23 831
26 369
9 405
13 340
12 217
28 994
0 250
22 854
23 336
19 428
28 401
23 549
21 599
29 341
13 893
22 926
13 602
20 646
7 415
7 583
12 636
22 513
23 758
18 766
17 524
8 938
10 566
14 578
27 837
0 595
12 645
26 603
15 699
25 802
11 532
5 659
10 914
8 563
1 876
11 330
9 593
17 885
8 893
8 971
22 929
21 725
27 763
2 200
3 232
25 408
8 473
10 988
9 807
3 826
27 796
21 955
16 852
15 341
10 797
23 792
3 275
24 630
23 615
6 959
18 752
0 227
3 973
3 229
19 692
9 795
12 975
10 554
2 955
7 298
0 281
25 722
16 791
29 688
19 897
1 649
7 995
0 725
16 545
22 421
28 914
11 866
10 447
3 584
16 689
2 817
25 559
24 256
25 920
14 455
12 544
1 436
9 684
27 256
6 372
12 516
11 329
25 774
13 461
17 797
3 275
11 269
12 333
11 788
24 823
11 423
2 973
27 614
6 675
9 919
17 361
23 289
16 778
26 536
25 402
16 385
7 344
23 482
23 911
2 398
0 216
4 498
3 326
20 896
22 394
2 746
23 774
7 445
16 674
9 765
9 939
22 303
23 939
16 505
10 793
7 871
6 518
25 737
27 301
10 217
11 739
29 674
18 341
26 250
0 655
7 794
24 752
24 408
4 972
14 809
27 629
27 529
9 567
2 323
24 520
18 292
18 238
0 443
23 834
15 950
7 514
5 746
12 764
7 439
5 693
11 642
8 465
8 693
27 552
25 550
11 451
6 527
23 782
1 900
24 564
19 338
20 522
16 993
3 745
29 407
7 364
24 387
10 579
9 562
22 681
21 917
8 438
6 814
8 318
28 780
27 678
26 772
12 410
26 889
25 981
11 936
12 491
18 276
12 797
3 621
19 664
4 456
29 623
17 379
25 696
19 905
2 285
1 460
14 811
19 318
5 394
21 607
29 803
29 375
21 923
16 579
13 266
1 245
25 209
17 939
0 757
24 364
9 795
20 213
16 527
19 956
12 603
22 409
29 352
21 953
8 879
10 454
22 800
2 993
4 800
6 834
22 259
25 873
23 622
13 252
12 825
27 356
29 531
25 543
27 764
15 643
29 470
24 230
14 445
13 503
19 916
25 775
16 803
4 814
26 826
8 278
25 945
19 842
20 786
5 400
18 620
11 749
27 436
5 467
18 458
13 694
2 667
22 495
14 514
9 858
8 295
13 669
18 697
10 328
26 209
23 712
16 342
27 411
28 698
3 331
11 259
23 853
29 291
3 941
6 622
25 911
29 648
8 676
26 721
27 523
29 389
8 568
19 902
15 274
1 219
29 387
9 597
0 658
3 518
18 211
15 459
7 831
28 675
16 512
26 237
2 728
6 720
0 503
9 823
25 485
9 213
8 563
26 409
29 219
6 450
5 490
4 428
21 846
27 894
18 530
17 432
2 625
14 557
25 879
1 938
24 840
8 408
11 836
19 229
4 231
10 650
12 645
7 256
28 500
7 266
26 583
22 843
26 705
20 703
27 899
7 248
8 992
0 935
5 720
24 667
6 423
8 954
29 420
12 517
29 997
28 855
15 804
2 668
2 661
7 390
3 771
29 739
16 551
13 425
21 781
5 813
24 670
0 360
7 266
17 388
20 414
17 315
29 644
15 889
4 243
15 367
23 566
27 468
29 381
3 563
16 431
14 743
27 417
21 285
27 862
26 787
16 951
28 998
3 872
4 695
18 315
17 230
28 256
2 818
7 303
0 642
6 899
26 320
1 526
0 594
25 781
29 578
28 963
16 528
2 861
20 421
24 835
8 950
18 273
14 905
22 699
7 547
29 521
6 916
9 460
6 364
21 366
2 944
11 485
27 239
19 680
15 477
17 657
13 425
12 608
11 608
19 397
16 203
15 841
22 917
23 977
25 879
19 446
1 357
1 571
12 419
28 378
8 805
2 659
18 532
2 862
18 224
11 740
13 973
14 338
29 736
6 537
22 953
26 394
11 713
23 576
0 987
19 758
2 202
2 871
3 425
2 958
19 362
28 629
8 396
22 796
20 956
27 688
20 795
8 405
7 349
16 284
27 621
8 401
12 710
13 770
7 442
17 747
0 215
1 829
0 976
23 549
3 423
6 308
15 722
1 901
15 965
14 332
19 773
27 535
15 746
4 820
27 547
11 352
22 655
24 627
2 278
8 684
12 504
26 284
22 391
18 738
1 683
5 219
19 235
13 974
29 702
21 519
1 636
21 894
6 265
7 298
18 428
1 677
0 468
3 977
12 674
22 297
17 629
14 378
3 439
15 291
4 861
0 641
24 518
19 801
2 262
2 982
29 624
24 779
16 680
18 981
19 386
2 384
24 430
13 575
29 671
25 792
1 932
1 660
1 935
12 753
17 234
25 243
6 435
7 216
16 453
20 943
11 855
3 562
24 555
5 577
29 955
12 523
11 480
14 770
29 514
18 377
16 286
17 320
14 380
1 379
16 614
27 416
10 657
18 975
27 355
29 778
6 479
27 965
11 817
14 335
15 514
25 964
10 876
7 412
26 718
17 684
14 431
1 618
28 303
4 957
15 677
9 856
22 317
22 712
24 255
6 407
24 851
8 874
5 583
21 399
10 229
23 500
25 244
0 552
18 274
4 753
9 572
29 602
11 634
21 614
11 569
9 310
15 734
1 334
19 626
0 870
22 870
7 938
0 300
9 336
7 771
28 384
29 972
16 223
9 684
18 871
25 717
11 719
18 647
25 476
4 405
24 392
13 292
18 762
13 763
17 394
21 777
17 690
0 490
6 489
14 338
23 967
17 953
4 250
25 627
6 628
18 674
17 391
10 290
22 629
3 894
12 504
9 254
8 557
25 259
27 398
8 599
8 370
2 503
21 906
8 743
8 396
4 821
2 308
26 295
11 616
0 800
11 801
23 284
9 623
16 993
27 813
8 380
20 203
20 811
14 642
16 253
23 872
0 968
15 505
18 738
9 554
20 534
15 477
1 692
20 215
27 531
0 541
21 522
5 320
27 646
28 686
15 364
23 393
5 960
10 601
22 280
26 498
19 320
3 361
26 912
12 858
1 448
2 745
4 673
11 514
19 642
12 396
20 662
5 853
3 824
2 895
23 215
12 790
26 734
29 364
12 724
13 627
4 424
6 761
1 303
28 224
0 564
21 686
12 299
13 239
11 789
