2000
13 385
23 790
1 453
9 883
8 581
4 646
21 734
20 781
1 453
20 404
17 361
12 425
6 292
20 514
24 880
8 703
12 502
9 573
11 685
27 635
6 756
15 220
1 918
5 648
13 312
26 999
11 688
3 290
8 434
4 620
17 790
24 284
17 911
16 538
0 938
13 242
25 463
21 771
7 908
23 370
27 431
24 321
16 428
11 886
29 669
4 712
13 719
9 350
29 781
8 541
17 828
20 903
6 425
7 453
6 491
24 254
6 350
21 789
15 329
24 589
12 994
26 358
18 259
9 473
11 239
4 490
6 804
27 206
22 717
10 816
22 778
24 392
28 895
15 981
19 377
20 699
27 273
1 908
10 202
9 338
18 413
19 542
21 722
13 473
21 453
13 908
19 438
14 211
14 827
10 932
12 848
16 822
11 542
24 951
24 776
28 883
18 527
0 843
9 704
16 570
24 606
5 742
26 906
25 624
29 683
22 209
27 446
7 976
28 963
21 728
7 588
7 607
6 934
21 424
26 440
7 464
7 947
3 948
17 954
20 930
23 430
16 909
19 940
9 491
0 813
23 551
6 495
21 576
12 867
18 619
18 988
26 766
20 425
19 428
14 538
9 917
9 558
13 926
2 816
12 591
24 450
11 759
24 946
11 501
13 338
16 389
29 667
1 201
0 836
5 865
27 389
25 522
16 694
25 995
15 623
28 367
17 904
11 381
11 889
4 384
7 486
12 643
17 495
7 312
24 442
3 813
19 859
16 544
23 447
19 655
21 353
17 722
7 230
14 271
29 339
27 885
12 670
28 663
5 478
3 332
0 519
22 658
8 272
28 756
18 290
4 698
17 382
13 285
29 687
13 500
20 804
20 809
0 482
29 479
14 468
26 513
5 864
18 972
24 750
10 247
6 352
7 890
23 895
20 252
8 611
3 321
4 728
15 598
4 853
22 607
15 429
22 471
27 679
7 467
16 863
21 271
7 429
11 919
12 812
10 412
25 881
5 531
12 899
6 705
12 741
8 248
26 539
29 335
22 624
3 200
22 993
19 880
4 312
27 759
0 457
19 963
21 658
19 285
27 771
4 292
6 671
9 262
17 840
9 837
28 929
25 297
21 972
0 570
10 579
18 828
14 381
16 960
1 849
3 288
22 585
24 453
24 410
2 571
14 518
25 592
8 208
15 247
3 768
21 885
26 766
13 208
12 633
3 657
27 976
14 408
13 926
20 516
11 447
13 393
29 799
15 801
27 236
15 965
24 888
13 901
1 903
5 634
16 520
11 473
23 843
20 383
25 432
8 755
20 490
11 726
18 920
17 886
15 788
8 781
20 746
16 693
3 539
12 211
13 247
2 558
1 823
1 953
25 832
23 682
27 984
5 914
20 583
5 950
17 275
18 269
22 993
12 455
26 491
0 570
10 523
19 947
9 691
6 949
9 440
28 252
10 292
21 942
13 816
12 432
16 204
8 478
12 204
22 476
1 633
1 608
23 323
4 334
9 871
19 860
7 763
27 579
13 930
29 367
16 761
7 413
2 662
7 707
29 485
27 228
27 728
16 936
5 600
8 730
23 594
15 498
14 464
29 619
20 631
24 525
10 423
4 249
20 1000
25 442
18 728
14 269
23 700
5 627
17 653
20 271
8 221
29 787
18 262
0 621
7 452
29 354
14 595
1 968
11 820
24 539
15 415
9 993
27 726
15 607
16 282
1 461
7 653
18 779
28 746
0 700
8 742
0 917
3 228
21 831
10 300
18 716
27 639
6 917
4 729
12 430
13 280
23 338
23 577
15 859
1 405
9 866
28 750
28 971
2 801
16 619
19 597
28 864
26 956
8 604
26 364
0 272
28 827
10 988
28 650
11 689
3 844
14 853
3 589
17 558
18 372
26 885
10 591
19 322
17 897
11 440
22 736
12 578
7 404
28 423
10 833
18 864
24 996
22 939
6 374
4 787
20 885
24 358
24 278
7 206
6 566
3 230
12 254
17 435
24 793
19 254
24 235
4 504
27 729
10 650
9 850
17 418
10 943
25 952
2 234
23 375
17 990
22 903
14 280
23 680
26 294
22 517
11 328
29 987
29 803
22 374
20 429
28 277
0 651
20 725
13 999
10 290
27 808
16 347
21 488
10 718
10 722
28 890
17 211
29 931
6 377
9 499
0 860
17 339
29 598
21 527
11 723
11 331
24 383
10 983
23 992
21 657
13 445
12 642
4 319
14 397
3 842
19 827
20 467
23 262
10 977
0 349
28 235
11 432
0 716
26 887
0 374
19 487
14 312
20 792
8 978
2 406
15 976
16 335
0 733
19 469
27 867
18 312
10 513
25 678
2 346
10 881
11 280
20 555
25 637
20 508
20 797
12 626
23 233
24 844
6 506
25 201
11 712
1 977
15 411
3 691
8 250
26 630
18 252
27 699
2 558
6 964
21 839
13 910
1 731
3 315
24 206
6 596
17 297
20 638
20 200
27 880
19 950
2 563
23 973
7 436
5 924
15 825
5 945
18 942
24 545
22 785
12 695
3 581
2 838
14 891
4 586
3 657
17 229
25 660
23 384
5 788
17 837
9 720
13 546
17 518
29 785
10 504
23 529
28 946
11 717
10 996
27 979
2 735
23 781
0 705
25 631
3 360
13 926
25 467
17 415
27 674
14 269
0 217
24 434
23 321
20 496
1 561
1 213
10 481
8 237
19 696
6 533
11 205
18 383
0 758
5 805
25 240
21 885
9 797
26 205
28 255
21 809
16 636
6 604
17 846
20 506
17 886
1 461
19 824
9 514
9 444
6 558
13 904
3 401
15 463
19 800
27 449
15 395
14 201
27 830
10 814
20 984
4 665
8 235
10 387
17 698
17 869
1 554
6 744
2 792
21 424
12 833
25 357
29 586
7 474
11 499
16 255
29 486
20 479
17 472
3 900
15 566
21 981
26 984
9 930
18 413
14 558
17 420
1 875
3 319
2 491
17 717
1 230
23 688
5 583
0 374
19 716
25 248
20 466
5 681
5 959
9 868
29 869
3 778
14 956
19 387
24 209
29 625
3 895
8 441
7 231
7 790
7 451
16 276
17 270
15 893
17 775
12 851
19 530
26 630
22 216
23 557
29 827
18 251
14 240
27 911
10 594
23 365
23 861
23 904
11 401
19 274
21 527
17 505
22 829
16 302
28 818
8 656
29 233
16 676
16 903
13 220
17 745
19 656
24 530
9 450
3 952
16 299
19 884
19 451
6 672
12 666
0 300
28 684
19 478
19 856
10 653
4 493
26 489
0 898
25 579
27 249
27 319
28 657
16 336
13 726
29 620
14 229
14 800
4 597
28 891
15 648
17 749
17 310
14 727
2 856
2 834
27 662
5 240
29 276
6 846
22 519
9 686
10 488
14 654
18 308
27 369
8 331
14 200
17 677
13 490
4 703
18 257
12 378
0 836
21 766
18 918
10 623
23 471
18 770
28 346
2 669
3 361
15 401
19 206
25 895
29 853
5 862
2 706
9 917
22 755
15 425
14 915
9 694
14 797
22 635
10 730
1 669
28 665
26 972
4 908
15 845
29 771
22 332
7 781
26 515
14 809
22 663
18 318
11 823
16 683
2 527
17 580
15 432
6 763
8 696
2 465
10 996
12 799
0 375
24 202
19 206
0 873
0 526
19 741
2 812
10 264
4 430
6 406
18 777
9 937
4 703
10 915
14 209
17 448
14 412
28 363
9 566
1 711
27 845
7 216
23 799
0 794
21 247
21 222
23 382
14 218
1 958
8 418
1 374
0 833
13 466
3 824
12 987
12 284
5 496
28 221
29 653
0 946
29 933
29 517
22 826
22 241
1 625
11 995
1 615
22 423
27 358
15 256
19 426
27 393
2 403
26 666
3 786
26 611
22 994
12 850
19 342
26 529
16 252
23 264
27 840
5 474
1 943
14 324
17 280
27 480
9 252
26 298
22 501
5 739
17 769
14 988
1 617
11 933
21 717
8 254
25 212
11 384
1 791
20 748
10 368
24 349
27 929
17 343
5 827
11 685
23 580
26 657
29 591
0 888
9 317
15 464
20 499
23 963
9 910
12 443
15 258
15 888
27 999
14 1000
13 870
1 643
6 909
0 856
24 840
15 471
23 339
0 652
11 737
24 728
23 991
3 917
22 958
2 587
7 743
13 608
11 376
15 677
13 336
5 924
15 625
29 566
0 557
26 952
13 519
3 632
21 909
17 818
13 984
28 959
28 776
18 616
11 542
5 526
25 307
3 902
25 472
5 284
3 654
26 458
28 864
14 981
27 730
23 414
25 449
8 242
1 478
1 880
11 218
17 335
3 806
26 913
25 294
10 545
22 560
16 260
22 642
0 676
2 766
20 868
5 599
24 956
1 598
19 298
17 712
20 771
10 314
25 710
29 987
0 401
2 460
21 644
13 582
7 380
11 200
21 514
20 385
26 821
18 410
17 468
10 873
1 565
6 867
3 913
1 546
11 918
4 959
12 426
2 425
22 922
10 713
5 839
20 534
24 344
20 242
29 451
16 907
0 342
27 588
18 481
8 567
15 335
12 697
22 495
24 414
22 495
2 239
1 221
20 581
19 896
10 532
2 325
13 849
14 291
25 657
21 359
26 980
10 253
12 594
16 443
21 541
10 584
16 385
17 364
9 545
4 490
28 307
1 326
28 309
12 634
7 931
19 876
21 870
28 396
5 608
11 982
10 731
20 262
14 600
10 559
8 538
14 896
10 826
6 469
13 861
18 916
18 620
12 478
21 735
1 809
10 338
9 594
12 654
23 655
18 913
17 782
13 756
5 258
22 349
22 834
6 571
15 626
3 383
9 512
27 881
15 701
2 539
28 701
11 854
4 709
17 707
8 706
7 974
25 301
16 475
22 691
4 382
5 874
9 891
28 202
22 767
5 523
27 517
18 271
20 572
20 310
2 330
12 785
14 884
4 535
5 280
14 361
26 968
9 872
5 417
13 691
18 668
25 421
19 429
4 468
25 695
26 460
28 255
27 361
11 737
1 573
27 562
25 279
6 265
16 757
9 558
17 967
25 387
13 934
5 733
14 799
19 947
7 905
7 250
19 735
24 682
6 390
16 415
29 621
13 738
26 463
3 567
1 991
7 706
29 834
18 336
29 892
27 655
6 900
24 554
18 566
29 287
14 981
0 796
16 578
23 967
26 931
17 805
24 505
25 336
28 773
25 526
16 327
7 277
29 361
23 537
10 448
19 294
15 809
0 452
0 377
26 930
29 918
25 922
12 810
3 407
10 340
15 507
9 550
8 369
7 525
25 868
20 333
10 528
5 324
17 228
22 844
16 809
16 264
17 326
7 341
9 448
6 740
7 576
26 944
22 862
21 689
16 676
14 490
3 650
17 561
20 428
22 972
22 672
8 410
1 762
26 913
7 594
3 907
14 290
28 648
1 635
14 832
3 487
18 548
21 253
26 945
1 583
10 915
13 637
14 452
14 668
25 857
23 417
13 482
29 268
14 355
15 403
22 521
16 209
1 661
21 966
21 672
22 919
7 615
29 767
7 335
20 909
7 355
20 673
10 786
13 477
4 442
21 650
13 756
13 267
15 599
24 894
17 715
12 329
22 712
2 509
23 234
25 938
24 910
2 566
7 967
21 472
10 549
12 348
28 790
6 471
13 591
21 315
21 591
4 695
29 963
8 677
15 241
22 649
4 706
4 812
18 293
12 337
29 920
13 356
3 767
26 309
24 720
20 867
8 487
0 238
28 487
20 331
5 214
7 827
29 392
28 604
23 819
1 796
20 782
13 876
10 570
4 887
13 978
29 363
23 265
3 528
19 565
6 340
19 858
0 760
21 765
18 466
26 757
17 977
21 634
27 533
23 320
21 518
24 325
22 303
21 292
12 341
20 959
18 352
2 669
18 591
8 253
24 574
29 462
15 693
10 844
7 338
25 641
9 546
22 925
12 977
11 569
0 698
24 569
26 684
13 941
28 309
7 410
25 494
14 999
13 577
1 567
21 332
1 280
22 407
13 381
5 998
19 295
4 206
29 656
24 928
20 220
10 316
18 690
4 612
1 459
8 905
21 358
13 877
14 693
28 785
19 578
21 640
27 790
24 676
23 498
24 800
20 378
22 623
10 477
8 678
21 291
20 402
27 913
16 982
27 578
16 921
3 808
18 697
5 534
17 969
1 890
17 420
7 813
1 645
22 567
1 862
13 592
20 279
1 449
11 212
3 901
25 588
5 741
20 658
2 445
5 894
13 938
18 481
27 557
20 774
15 440
11 940
25 917
25 648
29 866
10 300
0 447
22 413
13 506
19 747
25 590
10 301
20 655
21 632
20 415
6 307
15 650
12 479
21 627
9 452
4 490
0 422
4 521
18 258
19 218
27 275
22 912
1 386
6 204
1 289
24 343
18 510
4 639
3 534
19 783
1 264
12 782
20 735
19 521
14 523
28 695
5 833
21 986
19 212
29 824
21 788
7 432
23 731
8 923
3 334
6 267
4 669
17 412
4 896
28 545
28 980
12 833
25 249
22 375
7 316
24 483
22 789
13 611
2 336
8 339
14 948
15 296
27 452
21 660
8 765
7 970
19 646
28 200
15 294
6 342
19 462
29 291
18 744
0 957
10 209
16 702
14 470
14 371
7 526
6 919
8 505
4 993
1 464
28 809
28 557
19 479
9 527
25 958
18 524
8 524
4 881
22 525
18 424
24 813
14 343
24 836
19 349
2 374
22 548
19 832
2 697
27 776
26 656
18 533
5 591
8 254
20 506
2 663
26 837
27 855
25 784
10 248
9 792
20 737
21 475
29 534
1 615
26 725
24 778
16 776
18 278
29 862
3 330
19 244
21 789
2 942
16 975
12 888
29 828
4 241
10 364
26 575
16 766
9 715
1 312
19 526
28 408
26 506
22 703
24 383
19 261
5 634
12 957
3 917
16 475
6 203
3 790
25 574
11 749
20 939
29 884
17 403
12 277
19 594
6 382
9 766
13 849
16 252
19 558
5 348
14 874
26 895
29 655
26 252
16 257
18 791
2 531
27 429
2 374
19 999
25 279
22 254
29 585
10 237
27 582
25 654
5 409
17 568
16 358
19 607
8 958
16 749
13 457
18 274
21 702
24 878
23 792
11 828
8 994
3 469
12 226
11 761
18 332
14 611
24 537
18 815
7 562
29 994
14 638
27 575
11 635
6 664
6 925
11 374
25 324
0 888
14 888
13 936
28 708
21 414
15 456
14 664
28 388
0 263
8 538
1 793
10 873
11 959
26 460
8 290
28 953
17 702
8 200
3 601
4 363
2 707
21 307
14 302
5 507
29 762
9 788
20 507
15 346
23 649
27 281
6 518
21 567
22 318
12 696
22 980
11 637
20 455
0 347
23 949
23 653
20 318
29 380
26 220
0 696
11 932
10 803
11 913
28 938
21 589
15 473
16 489
17 504
28 356
29 826
0 959
3 234
14 924
21 936
23 844
3 894
26 437
19 922
17 483
7 279
12 289
21 710
11 305
2 835
22 264
1 524
22 611
16 372
23 460
3 358
15 276
21 803
8 649
1 550
28 905
5 717
24 545
22 796
5 373
9 751
11 263
2 475
23 933
4 221
8 309
12 422
10 600
15 449
18 373
24 329
0 820
0 380
29 628
16 655
17 358
10 452
10 619
7 989
19 252
8 685
19 393
0 210
3 816
5 345
28 444
29 628
3 497
3 952
26 640
13 416
28 753
11 527
13 843
0 751
15 209
8 610
16 769
29 978
15 299
11 411
13 854
24 593
15 801
29 309
2 678
5 224
3 469
6 527
16 566
26 276
8 558
9 707
22 603
26 597
18 848
17 913
14 852
24 643
9 864
17 499
17 605
9 710
2 920
1 581
16 622
26 367
23 242
25 496
22 579
10 448
12 344
10 259
19 556
12 739
28 800
23 212
1 451
8 227
12 882
4 347
26 652
12 957
17 933
29 461
19 599
21 416
5 604
8 563
12 914
25 995
23 425
25 480
12 375
8 405
20 945
20 971
10 839
19 315
15 880
21 919
10 769
12 525
5 879
5 304
28 628
29 923
8 931
14 639
10 667
16 230
17 234
14 835
22 223
4 599
16 274
13 545
9 838
27 863
19 744
7 529
8 519
20 644
22 229
3 556
18 763
26 540
14 379
25 307
21 341
14 220
17 440
4 971
2 854
7 677
13 803
9 442
13 408
16 782
22 337
29 361
21 212
23 786
14 644
11 906
28 486
13 378
24 277
26 756
29 926
20 333
2 506
1 651
11 315
13 756
4 359
18 826
28 422
16 689
15 560
2 234
5 424
1 403
7 203
25 840
8 782
12 470
6 587
23 253
3 780
13 250
21 654
10 770
25 281
19 898
9 437
21 349
13 754
10 374
15 512
21 975
20 933
11 874
27 905
19 303
11 667
2 871
4 755
20 780
25 662
4 814
14 532
18 1000
13 899
16 261
2 704
2 899
27 710
9 934
18 566
25 760
25 672
8 682
20 419
9 436
7 370
0 956
23 433
12 337
3 514
6 419
12 473
16 957
15 808
15 863
18 996
2 564
2 762
13 386
16 549
21 464
4 445
0 525
12 965
25 535
2 843
12 763
2 995
1 458
13 958
8 673
20 400
4 258
12 958
19 279
2 800
10 832
12 452
0 783
1 646
9 212
12 533
28 886
18 644
14 761
13 636
10 314
12 638
0 415
14 976
24 247
29 551
5 857
13 964
17 348
3 623
3 750
12 518
7 401
12 500
28 807
28 736
18 306
7 375
15 211
0 402
24 543
12 365
11 656
11 673
15 848
10 915
9 988
11 596
6 596
5 755
16 211
27 557
13 801
24 690
25 470
17 905
28 945
16 926
11 232
20 922
7 418
15 277
19 778
9 784
28 837
29 257
17 738
25 322
3 455
20 402
17 290
17 759
4 965
22 884
22 803
28 755
26 646
27 935
17 678
4 456
2 882
10 584
19 477
17 602
25 633
21 508
18 908
1 965
