2000
15 930
4 256
12 903
20 419
13 232
22 592
21 395
8 898
19 806
22 733
21 607
25 511
27 739
1 471
4 973
18 495
8 477
25 382
28 661
15 539
23 222
1 732
29 738
23 605
2 540
13 439
13 201
17 503
13 388
4 498
26 499
2 388
13 893
22 403
27 994
2 504
2 862
2 995
17 835
18 479
27 990
15 984
20 740
8 943
27 527
9 937
0 446
1 585
1 573
8 513
6 513
6 653
12 620
19 582
16 754
24 673
18 864
7 261
19 748
21 245
24 723
11 235
8 259
9 942
24 492
20 326
10 304
3 709
12 907
23 430
6 975
27 364
7 886
17 472
26 432
8 562
8 786
2 614
25 450
4 369
28 584
15 702
12 844
10 722
9 946
27 645
24 457
22 891
12 412
3 614
21 742
27 268
0 817
1 882
29 402
27 320
18 731
27 404
21 358
2 754
3 351
9 874
29 932
6 391
12 951
19 363
13 922
2 795
8 894
7 505
28 549
9 271
3 470
27 626
28 876
4 743
21 626
6 674
14 209
25 357
28 533
1 435
0 832
24 328
23 311
8 492
3 576
4 513
17 769
28 941
6 468
13 691
10 654
18 876
24 928
29 685
25 457
10 786
15 430
1 960
14 999
0 267
26 362
5 294
2 720
17 925
15 929
1 289
5 506
18 680
11 836
26 419
1 898
13 678
25 716
26 545
9 207
24 376
24 877
2 767
18 980
24 743
5 713
2 229
15 388
13 805
4 948
2 541
15 729
3 223
27 698
24 286
23 358
1 614
26 236
25 504
12 494
18 990
5 340
22 293
15 422
9 842
19 889
6 224
8 713
21 334
2 740
15 668
15 888
1 854
17 864
7 692
20 514
22 363
10 570
7 277
26 980
16 532
25 201
6 956
29 537
3 664
13 330
15 432
21 816
3 769
7 898
2 566
3 907
4 706
29 501
17 626
19 591
8 211
4 867
15 866
3 551
28 999
28 640
10 921
27 640
20 378
19 855
29 878
9 568
22 661
9 891
22 407
28 777
15 813
11 432
2 470
29 518
8 953
13 897
13 356
24 512
4 563
17 438
6 228
14 343
18 671
12 679
2 332
19 898
12 349
14 293
23 469
27 325
5 630
21 301
21 683
8 872
4 488
8 463
17 849
6 969
17 468
7 232
26 633
5 602
3 829
7 275
21 672
12 202
18 810
28 564
0 836
19 840
2 449
12 325
28 211
20 412
27 528
24 940
11 998
18 397
28 437
8 410
10 366
11 740
15 329
24 305
2 299
15 516
11 477
11 908
16 1000
25 593
27 535
10 955
28 534
25 463
17 561
5 353
22 855
14 789
29 276
17 531
19 223
14 738
3 528
5 205
14 660
1 284
11 370
2 312
16 610
9 887
24 371
0 411
20 534
21 469
1 280
26 578
4 835
17 692
14 774
12 678
28 707
14 939
7 917
22 817
2 317
23 700
27 337
8 440
11 743
10 721
16 377
7 514
27 751
18 923
3 482
5 951
21 257
8 646
15 944
22 242
0 701
13 458
29 212
16 506
15 312
26 684
24 356
3 620
13 641
8 573
1 945
14 675
0 734
10 680
12 920
18 350
6 697
19 411
17 517
11 910
26 313
27 404
1 781
25 569
27 387
20 656
28 374
12 335
4 903
16 735
14 477
27 686
26 747
26 916
2 494
15 476
4 294
11 398
10 641
4 695
8 425
8 384
6 401
17 302
22 589
3 246
28 215
2 807
25 782
7 930
3 838
11 287
3 970
26 233
6 214
9 314
19 248
25 282
12 356
24 722
14 595
7 529
24 662
22 961
12 562
21 218
18 652
29 450
25 412
26 380
14 469
0 559
25 712
8 765
7 643
6 640
29 535
11 786
12 310
12 251
5 389
28 910
26 631
19 660
9 297
2 536
0 693
5 540
22 483
20 300
16 303
14 655
22 428
24 962
27 765
18 476
6 621
12 238
4 562
16 267
11 754
13 344
18 786
20 262
17 242
16 681
5 630
13 718
28 936
1 432
2 953
11 399
16 503
10 249
6 755
13 301
9 419
22 536
1 924
10 357
1 737
19 519
18 893
14 331
18 572
6 248
21 279
23 527
9 755
2 968
29 472
26 845
0 681
8 227
22 369
18 862
4 884
1 308
2 920
21 587
6 425
2 760
27 906
29 671
8 565
25 216
3 467
23 712
6 816
1 886
14 871
17 991
7 664
29 439
13 206
18 858
25 965
15 519
26 636
4 856
5 731
4 307
24 788
19 732
8 919
21 786
29 862
9 763
0 327
0 837
18 526
21 207
26 343
29 605
23 724
20 836
18 261
8 760
24 296
27 936
26 964
20 718
26 451
4 990
29 404
12 716
26 683
4 998
16 290
25 390
4 202
20 581
1 629
9 743
14 649
24 728
5 540
11 833
20 277
12 685
21 628
1 454
24 347
25 353
14 224
23 305
6 828
2 560
21 974
25 893
14 782
16 254
19 707
2 786
25 829
11 427
5 350
11 788
9 333
28 886
19 979
6 296
23 427
23 700
12 716
11 712
2 600
2 528
9 776
22 401
18 513
17 436
2 801
0 525
28 232
22 942
24 309
1 514
24 497
28 587
17 931
6 377
23 793
23 554
24 451
17 951
29 978
3 739
0 931
17 676
6 248
29 509
16 632
2 741
19 603
2 347
14 462
13 625
22 482
4 577
7 499
0 203
16 216
20 401
26 709
26 434
4 960
17 407
10 923
23 428
6 359
8 709
22 898
22 241
19 260
26 687
19 374
22 886
19 583
23 937
9 584
12 950
4 376
27 356
24 954
18 638
4 903
5 409
16 205
13 851
28 684
4 323
10 481
17 905
20 404
9 275
27 411
14 232
19 225
14 573
20 966
0 333
3 701
6 948
26 535
24 880
21 925
22 577
26 539
3 542
10 471
6 751
9 766
11 363
25 349
27 252
5 295
13 783
17 208
27 732
6 463
26 447
10 444
12 991
7 226
8 856
13 562
22 290
3 498
22 415
17 682
18 308
29 204
11 585
15 903
19 615
21 638
8 227
2 201
18 484
8 448
17 846
23 980
28 617
29 304
5 290
28 575
1 506
14 951
9 231
26 207
14 433
23 215
13 690
17 395
23 954
3 391
16 870
13 451
8 857
15 333
6 317
7 638
7 385
21 709
13 869
11 932
18 992
29 630
7 803
24 397
14 275
22 561
19 273
4 591
0 797
18 504
15 431
10 514
29 991
11 322
1 567
23 264
9 920
9 825
11 827
22 621
24 400
1 263
12 670
16 383
20 271
4 762
2 558
29 610
0 597
13 467
7 321
25 714
27 932
26 401
16 292
0 509
16 622
21 910
10 521
3 915
19 444
28 988
13 617
11 466
3 324
3 893
11 276
27 770
12 228
27 776
8 659
21 220
13 346
19 401
17 256
12 261
29 233
28 519
22 208
13 411
23 374
29 871
15 227
29 713
6 218
20 452
5 704
6 591
12 562
22 954
4 790
15 527
17 357
26 398
9 453
0 933
7 279
0 677
18 598
27 889
12 740
27 766
24 800
15 265
10 334
2 265
19 427
15 838
13 340
0 296
26 280
4 270
6 865
10 728
10 978
13 744
2 726
12 438
0 227
16 862
6 943
26 565
27 824
1 480
1 994
5 429
4 796
4 277
9 894
10 503
1 394
18 768
28 685
21 819
25 767
6 230
8 800
25 594
14 829
3 851
1 601
1 540
0 210
17 528
20 764
0 905
9 818
19 300
0 223
20 413
8 474
5 248
19 848
4 947
27 912
4 856
7 824
21 687
18 333
5 536
3 929
9 981
12 501
24 976
26 661
27 884
22 478
18 983
11 391
2 488
20 359
10 363
26 552
18 739
17 936
21 239
8 608
0 419
8 427
16 396
28 878
21 845
7 267
4 849
22 555
4 858
21 531
22 216
25 340
16 520
12 291
19 251
0 762
5 252
0 868
25 994
29 222
4 490
19 391
28 611
20 396
24 692
3 341
15 352
17 934
5 927
10 251
29 738
9 850
6 221
7 297
28 588
16 598
17 552
17 969
9 935
0 356
1 512
7 391
18 514
1 315
5 397
19 541
15 468
27 702
29 228
17 225
10 258
18 270
7 380
16 511
13 356
7 675
20 551
27 944
25 863
2 466
19 562
5 596
23 963
8 688
15 960
26 596
22 917
7 536
9 628
26 618
13 414
1 384
14 886
7 303
25 387
22 741
28 897
6 285
11 541
8 245
13 471
28 316
8 753
28 545
18 671
9 426
1 833
8 322
29 696
21 327
20 417
21 484
29 386
0 966
9 215
6 489
9 250
17 977
1 789
10 402
17 744
6 891
14 765
12 238
26 342
6 427
8 598
5 464
21 981
0 591
0 907
5 329
19 650
26 603
0 446
19 781
28 223
9 791
16 212
8 768
5 811
13 253
12 610
12 287
23 868
8 338
22 738
17 982
0 875
5 732
21 262
14 268
21 666
10 534
15 891
4 556
27 665
24 282
21 746
16 599
15 458
20 299
10 506
17 322
29 982
12 983
19 929
20 957
27 466
12 550
5 847
21 723
20 457
4 346
17 831
21 361
27 591
28 708
1 519
29 517
22 442
12 328
3 815
24 612
9 455
23 556
3 616
27 683
27 615
21 660
3 859
17 576
12 996
11 679
24 979
20 935
10 663
23 345
7 342
20 470
6 805
15 378
20 324
8 538
28 623
22 721
21 656
6 320
11 819
24 503
21 547
20 903
27 296
24 669
23 411
20 602
18 533
6 688
22 605
16 446
29 906
8 577
24 794
8 289
21 684
15 266
22 562
5 811
15 847
23 301
22 280
6 637
11 928
2 487
28 291
22 349
8 743
7 585
18 480
3 825
15 908
5 797
29 981
11 693
1 903
9 529
20 864
21 255
27 855
14 525
12 327
4 356
17 641
14 222
24 548
28 628
11 912
11 269
9 666
9 568
8 227
8 566
28 239
10 587
18 624
6 405
6 595
3 789
25 851
7 286
17 830
26 774
12 864
10 694
13 993
26 559
16 438
11 559
4 643
17 550
13 876
11 928
7 883
9 434
8 549
1 360
21 659
23 951
6 274
13 274
20 268
0 765
18 945
26 321
19 274
12 292
24 789
29 346
3 484
4 974
6 265
20 229
15 446
24 994
29 356
2 912
28 457
9 301
6 748
8 287
8 654
16 684
1 689
22 272
26 544
28 671
16 218
28 406
18 218
25 998
3 242
12 338
2 569
29 289
3 829
1 407
1 874
23 712
21 972
13 638
3 842
8 852
26 797
16 783
25 525
28 599
11 350
6 891
4 910
1 689
3 755
17 399
18 449
11 535
26 847
27 857
24 444
0 623
5 494
7 237
17 682
24 744
8 382
0 871
1 476
22 914
14 275
5 604
0 608
28 351
24 421
16 954
9 778
8 711
13 382
15 711
29 246
0 286
11 919
8 651
12 347
21 439
6 371
20 585
20 856
24 214
13 223
0 427
9 820
20 732
15 785
13 815
3 659
27 476
10 762
10 228
14 497
11 217
11 696
1 743
23 206
9 324
24 422
1 691
18 224
15 340
19 989
12 570
4 900
8 338
6 934
7 534
18 730
13 976
1 958
12 900
28 449
18 589
19 636
4 603
24 711
16 791
20 860
3 319
11 941
5 625
8 807
11 605
4 627
21 625
22 929
1 850
3 674
27 403
2 285
27 631
24 451
12 316
14 230
20 391
13 487
25 671
19 940
0 466
7 295
27 521
0 832
11 301
29 386
12 906
15 505
11 972
5 738
29 532
4 921
20 721
12 586
9 353
6 452
13 909
18 828
9 573
19 560
28 879
2 457
24 478
0 677
6 280
10 886
2 420
26 645
24 425
0 635
16 466
10 586
1 355
25 830
7 804
4 649
23 722
6 962
14 842
27 574
29 320
27 364
25 286
9 415
2 690
7 516
0 392
14 246
7 590
5 817
17 683
18 282
1 652
20 364
7 933
13 472
20 476
11 516
24 593
18 396
17 690
19 339
12 925
0 589
25 462
4 431
2 231
14 598
27 673
9 925
26 797
23 715
11 279
24 356
28 988
29 785
20 480
22 594
27 811
6 699
3 576
13 748
10 589
0 501
22 578
10 646
28 581
2 798
6 360
22 331
15 453
7 542
14 373
27 305
14 375
5 707
12 610
29 779
3 744
9 952
24 558
29 820
8 486
22 767
12 394
23 803
23 607
23 856
29 890
16 899
11 724
29 830
13 454
2 494
7 752
25 990
23 371
13 247
8 393
26 874
5 944
18 960
18 392
1 775
6 329
20 567
7 217
5 642
10 975
8 266
21 515
15 827
18 573
22 998
6 828
5 593
23 249
11 229
22 938
25 833
3 616
1 865
10 557
24 303
2 655
22 203
7 898
3 445
21 831
4 662
29 779
4 948
5 379
18 770
22 779
17 303
24 442
20 626
20 334
21 495
23 684
10 772
8 341
23 273
25 604
10 569
26 821
7 245
27 737
11 399
0 932
25 440
17 610
18 453
18 886
18 213
1 200
3 984
25 776
21 755
13 979
1 419
16 799
9 406
14 694
11 436
24 878
14 900
16 212
21 990
23 260
1 335
3 216
24 900
7 299
18 288
15 266
28 666
9 503
17 823
1 889
18 281
8 952
1 505
0 944
20 325
1 272
20 871
29 778
18 208
15 478
5 721
15 333
22 374
25 401
27 527
11 309
12 868
1 374
28 874
24 918
13 819
19 532
20 689
10 488
1 399
19 747
4 895
4 742
29 932
7 219
12 284
29 805
6 350
20 694
5 424
1 990
28 367
15 498
28 560
12 229
22 563
4 442
11 481
26 882
21 874
8 705
1 920
7 724
26 514
24 444
27 523
3 886
7 427
2 266
15 970
7 475
18 261
18 653
13 601
7 827
24 624
24 366
8 533
26 207
15 700
21 675
0 270
3 282
24 221
15 682
7 338
19 520
22 331
15 644
8 353
13 979
23 536
20 934
20 523
26 702
13 595
11 916
4 968
0 300
21 360
6 893
9 627
20 814
0 546
22 446
29 678
15 956
5 548
25 291
3 274
14 585
8 202
22 515
15 772
9 662
27 259
14 461
28 304
10 998
23 729
0 913
12 620
2 224
25 805
21 990
11 273
24 919
15 680
8 978
20 634
21 260
18 816
27 708
19 651
0 357
5 947
20 583
20 989
6 225
2 573
18 902
27 474
12 321
11 396
0 861
5 419
22 918
19 876
13 649
10 423
1 684
0 664
11 401
20 529
17 662
1 428
22 383
5 382
10 428
20 965
13 772
13 278
19 764
9 702
15 252
3 900
12 805
2 221
14 870
5 406
1 264
5 600
28 336
17 702
4 945
18 507
25 690
10 499
20 924
4 289
27 219
15 822
18 438
21 419
20 351
7 705
0 955
2 647
22 640
11 401
19 995
12 396
28 882
9 788
2 877
28 664
1 432
3 425
6 628
4 333
3 551
9 843
19 595
5 721
22 732
18 392
13 557
2 522
18 263
28 490
1 693
11 774
5 928
17 644
22 316
23 824
13 504
8 256
17 526
8 977
19 476
9 513
23 276
13 241
14 360
26 496
21 636
16 262
5 891
22 277
23 406
26 782
8 321
7 384
7 555
3 217
29 600
20 745
0 262
19 227
9 989
19 557
16 679
5 941
10 239
26 464
0 845
17 486
12 737
11 717
8 952
3 746
29 685
9 271
28 850
13 932
13 434
9 368
17 864
25 218
14 482
5 400
16 911
1 775
21 995
13 338
17 211
20 213
0 337
17 322
1 513
18 577
23 464
24 595
23 520
15 378
16 694
5 455
28 541
10 834
9 817
15 946
26 371
0 285
16 623
21 357
29 487
23 435
11 995
10 326
5 458
10 875
16 250
7 519
0 385
24 687
10 252
29 263
29 861
16 295
21 468
15 301
13 976
14 943
28 921
0 698
20 935
7 577
3 385
7 772
24 612
20 494
12 867
8 863
26 438
24 622
15 823
5 709
17 991
26 989
28 727
14 426
18 488
4 946
23 687
24 798
24 781
7 609
21 683
7 848
14 252
29 567
24 772
10 347
5 251
26 479
12 690
20 660
9 606
27 437
9 887
23 248
20 509
12 444
0 537
7 478
10 882
11 661
13 621
28 261
0 555
10 387
2 249
25 882
2 556
21 718
19 328
3 842
23 811
28 945
2 845
18 999
19 680
10 841
11 723
3 869
15 712
28 263
22 821
27 700
4 958
2 393
1 360
29 974
22 280
1 813
13 837
22 439
0 933
20 933
8 232
18 675
19 718
20 600
9 972
3 878
12 959
1 420
25 212
29 901
19 858
17 977
14 522
7 430
27 551
9 478
5 822
18 985
0 381
19 813
18 999
10 491
17 572
29 957
29 376
10 848
12 263
8 245
16 488
16 491
1 899
6 496
11 305
10 694
29 320
12 733
1 313
18 256
5 410
15 227
10 779
28 612
10 271
12 558
7 821
1 953
5 883
21 504
1 333
29 601
4 893
11 863
5 873
15 419
23 660
23 574
1 959
3 532
26 342
15 302
24 265
19 672
19 953
16 831
7 818
21 368
13 582
21 846
27 805
16 683
20 317
16 342
0 343
29 745
25 671
29 979
14 245
25 554
15 721
23 927
6 924
19 960
5 541
24 363
17 812
28 468
6 347
29 508
29 895
13 524
1 753
0 640
11 240
15 900
27 277
19 713
8 512
16 694
4 498
16 212
28 228
11 455
29 413
7 933
17 817
2 751
28 810
4 807
0 342
23 841
24 717
20 884
18 221
26 391
17 703
27 411
27 655
4 853
8 548
25 417
5 635
2 327
21 557
28 945
26 621
4 819
2 756
2 255
1 760
4 808
11 979
26 569
22 623
20 430
2 606
13 490
21 482
20 378
9 774
23 314
13 399
17 636
12 361
19 377
15 390
8 962
13 514
8 398
15 361
16 616
7 362
6 877
15 849
22 778
3 711
8 613
9 488
16 839
