2000
21 613
23 954
7 857
5 740
10 789
29 553
22 807
23 679
0 297
20 681
1 484
3 634
15 318
24 762
10 854
21 202
17 250
3 899
25 776
0 846
6 380
28 932
22 527
17 941
16 555
20 620
14 681
19 852
2 347
28 984
0 448
27 803
16 764
17 247
19 310
9 674
4 661
10 584
3 757
19 478
20 714
17 898
0 319
5 229
10 635
19 461
8 717
0 531
3 694
15 866
27 322
27 660
23 350
24 816
29 950
10 517
6 297
5 339
13 904
4 956
1 772
8 530
4 828
29 211
4 461
26 786
12 951
10 447
5 407
29 220
21 696
25 530
26 321
2 256
8 501
26 828
10 737
6 1000
18 358
12 390
23 597
1 859
25 836
12 202
12 441
8 601
27 648
3 642
4 534
6 778
7 360
25 807
8 213
26 840
25 235
6 533
24 618
20 690
17 499
1 826
11 427
25 743
12 439
6 560
14 913
22 466
19 927
2 806
12 444
14 419
5 588
9 904
10 601
10 958
4 310
13 737
21 959
27 614
12 207
11 636
6 894
20 386
9 991
6 362
0 662
5 359
27 247
4 276
15 973
20 816
6 633
11 906
20 211
22 313
22 416
21 371
7 577
8 650
15 781
4 598
21 674
13 417
23 847
12 288
7 851
12 358
5 691
26 413
6 786
13 670
19 955
9 493
24 597
13 383
1 709
11 658
18 620
10 324
9 643
24 975
22 955
16 824
5 222
18 316
13 333
24 605
11 732
2 354
18 431
18 334
10 680
12 508
22 306
9 569
8 486
6 318
25 347
24 582
16 316
16 558
7 241
25 485
14 548
22 710
24 217
27 480
19 297
28 389
14 397
16 387
28 684
20 513
14 973
2 873
3 492
13 323
14 833
21 655
24 755
19 356
11 520
22 562
18 839
4 427
8 528
6 271
8 745
29 425
13 530
5 353
5 913
1 776
26 878
16 810
19 289
24 460
20 345
1 630
23 405
22 241
24 628
14 245
27 284
6 642
16 418
8 729
4 473
19 627
17 495
6 834
10 403
18 396
15 590
5 744
22 978
27 614
17 417
24 346
1 520
18 307
12 985
17 322
14 831
8 497
21 234
20 700
23 412
28 213
16 537
8 201
14 675
22 616
2 955
4 425
6 333
11 627
17 326
12 447
24 940
7 819
10 755
27 283
23 975
19 439
28 354
27 886
20 736
2 582
11 626
4 884
5 412
21 700
0 371
4 902
17 706
7 222
9 794
18 936
21 847
8 677
14 994
17 347
2 731
19 714
5 286
18 645
9 674
21 586
19 751
24 723
8 829
19 244
23 651
23 953
2 903
20 876
3 737
20 869
1 928
12 725
25 560
29 542
4 409
23 300
1 349
29 430
9 276
20 254
18 302
2 330
18 211
26 891
20 555
25 281
23 220
22 548
13 711
1 808
4 399
1 971
28 651
0 823
10 307
23 804
27 647
18 629
3 839
18 428
12 750
1 646
26 504
28 252
21 384
6 879
26 600
19 974
3 287
20 352
6 642
13 975
25 334
14 954
20 895
22 649
19 579
0 324
24 937
0 321
0 926
21 343
28 768
13 289
17 622
13 714
2 735
20 742
21 827
2 800
21 992
17 587
16 678
28 950
0 522
12 306
4 445
20 202
7 268
24 787
20 770
3 331
27 420
17 634
18 993
13 725
1 764
26 618
27 850
6 337
26 421
4 288
23 974
21 348
13 539
12 976
13 846
13 309
1 229
28 272
24 951
17 963
20 235
25 850
27 827
10 287
0 216
12 642
9 201
6 495
7 318
12 669
8 761
2 645
23 503
15 371
17 933
9 549
9 802
3 733
23 836
3 721
1 308
14 336
21 764
5 794
27 683
22 400
16 677
26 916
26 971
13 381
22 622
10 956
22 424
19 347
9 728
21 354
14 774
19 688
18 445
13 946
6 207
1 256
22 681
10 968
15 473
14 824
21 787
12 751
1 373
29 647
2 920
25 925
9 247
7 928
28 849
6 447
22 968
26 257
14 451
11 434
25 805
23 546
14 395
2 608
22 771
23 404
18 480
25 677
6 392
3 596
10 957
23 320
1 562
29 971
19 823
15 987
27 939
8 520
24 272
26 335
21 774
21 247
25 665
21 591
18 418
21 702
1 267
6 842
4 337
15 419
7 597
2 616
20 837
21 465
28 353
25 847
27 511
15 626
4 624
10 219
21 731
4 318
17 623
28 449
26 646
23 597
0 889
27 714
20 317
27 497
7 858
0 723
6 842
9 803
6 842
3 386
29 206
13 265
24 748
16 311
8 748
5 316
20 733
5 937
21 827
20 257
6 501
22 635
11 784
17 732
5 772
3 800
25 478
16 763
24 625
11 760
22 484
18 572
19 575
25 991
23 685
22 647
23 463
2 812
3 720
17 762
8 280
12 622
18 885
22 954
3 874
13 389
1 278
18 377
21 852
10 762
0 419
11 427
18 901
26 357
25 913
14 256
22 636
9 543
25 618
7 849
20 634
19 720
13 344
11 570
18 817
29 634
13 796
10 976
29 247
23 677
15 796
2 917
16 380
2 424
27 511
8 421
14 328
9 388
22 319
20 717
26 712
7 277
6 797
4 254
27 386
25 605
14 394
14 886
17 610
25 663
21 316
29 712
10 254
2 494
11 599
24 641
9 331
26 371
14 224
15 607
3 667
3 254
20 682
25 276
7 565
9 756
5 587
2 493
24 874
25 581
16 501
7 407
3 832
27 985
8 359
3 408
13 690
29 461
8 640
12 535
20 278
3 928
6 329
11 205
25 542
9 864
24 284
25 246
13 463
12 425
14 526
22 998
21 788
17 354
4 490
7 262
2 738
29 535
17 229
11 389
27 879
11 567
0 814
4 319
28 375
1 933
9 268
22 788
3 227
27 508
25 476
13 411
24 620
24 412
14 387
22 704
5 878
29 272
15 467
18 697
13 762
16 312
7 899
18 590
29 984
4 975
9 809
23 555
8 494
2 535
0 898
20 931
3 849
4 740
23 870
10 916
22 640
12 517
10 489
8 959
23 883
25 733
22 869
11 397
9 856
25 234
26 899
15 924
11 410
22 635
8 967
5 390
25 893
7 362
23 263
18 395
25 778
8 349
20 249
6 556
3 976
19 772
5 319
28 824
3 822
1 604
24 622
13 215
17 797
2 416
19 214
13 200
5 414
12 370
7 512
17 645
26 554
13 611
28 981
17 428
6 279
16 821
3 250
26 596
1 237
7 839
26 465
23 899
13 728
23 667
26 544
1 375
19 444
19 275
5 224
18 462
22 493
2 878
16 478
3 353
18 624
1 895
9 528
27 841
14 322
19 800
11 934
5 253
16 569
21 734
26 629
20 953
6 362
7 319
12 269
23 220
22 694
25 976
11 620
28 976
17 623
19 350
4 629
7 721
19 476
21 781
4 323
9 405
11 852
21 660
20 909
18 801
2 704
5 821
22 834
26 565
10 733
27 967
26 599
29 901
26 880
11 517
0 397
10 727
11 821
7 652
6 900
25 824
22 834
23 863
4 212
12 759
20 777
28 712
11 775
1 561
7 428
29 406
13 703
4 250
17 257
22 350
2 237
7 461
25 866
1 742
23 757
11 606
6 995
22 262
17 658
7 655
1 475
21 470
27 487
9 516
6 954
21 402
12 360
23 658
11 412
14 427
20 510
24 958
22 502
18 344
19 395
13 291
1 953
3 281
25 304
6 500
0 496
10 216
6 412
17 922
26 820
9 733
1 732
25 283
18 233
27 638
25 452
27 801
10 498
5 382
24 387
3 884
4 299
25 783
13 575
10 952
21 754
2 529
17 882
26 722
28 814
6 862
28 854
7 405
3 711
25 283
12 253
23 973
19 952
3 484
6 895
6 289
12 276
9 998
21 655
17 521
22 977
27 521
29 268
24 839
7 266
14 675
20 363
16 433
3 371
14 761
16 439
20 967
17 775
17 752
12 622
21 800
25 600
7 542
13 765
5 371
21 856
4 599
18 882
22 962
22 571
21 702
9 695
23 728
11 631
0 372
23 238
24 540
1 623
4 403
1 922
7 912
5 382
9 686
5 931
12 789
21 510
8 611
14 551
8 338
10 364
11 481
10 628
14 541
18 828
4 453
29 550
0 811
20 461
12 553
20 874
13 875
14 321
20 731
24 652
10 450
18 259
14 802
15 281
6 461
18 817
16 767
6 714
28 339
18 971
22 642
14 544
15 615
11 608
4 510
7 627
9 669
27 400
27 402
1 909
14 719
8 361
18 656
5 908
4 350
26 519
29 784
20 516
19 434
23 724
29 864
2 373
19 553
27 974
19 688
20 357
4 298
13 625
14 231
26 936
0 205
1 474
12 611
27 793
23 990
3 721
21 313
19 295
24 606
8 690
6 924
4 543
12 542
20 719
7 811
7 251
5 532
10 485
11 523
0 674
4 826
24 644
0 769
20 862
27 848
10 734
19 349
29 497
27 776
16 834
23 988
11 940
2 564
2 355
14 615
18 430
23 761
10 998
17 955
22 679
6 630
13 928
5 670
19 860
20 831
22 787
9 294
27 977
16 610
6 221
17 325
16 990
10 431
15 812
16 607
12 407
25 232
29 348
21 693
4 314
6 288
26 579
23 218
28 858
3 495
8 336
10 398
2 380
28 685
5 231
21 779
15 655
27 385
0 981
27 485
27 221
0 963
24 995
6 643
23 729
15 585
5 764
7 519
28 975
2 335
7 205
7 762
23 542
24 932
25 923
22 986
3 555
16 544
16 685
25 961
1 921
12 682
19 936
27 719
0 516
2 717
2 206
7 427
27 855
1 544
16 818
14 471
23 261
26 428
24 217
22 690
5 603
9 315
15 890
16 775
17 370
21 946
9 381
5 615
13 496
17 511
2 696
11 822
11 309
4 991
20 437
3 273
25 450
22 907
13 238
9 776
6 835
22 765
9 986
28 879
22 277
14 783
1 429
22 241
2 858
23 630
9 616
23 777
24 412
23 709
2 827
18 247
13 232
25 399
11 279
27 742
7 448
2 808
29 470
27 220
0 279
26 898
7 514
3 877
13 939
24 613
15 320
28 219
1 745
13 462
2 806
22 392
8 883
17 976
19 400
21 240
27 670
22 528
9 941
18 639
13 313
29 429
7 307
29 206
19 260
15 814
12 944
7 382
15 896
7 218
8 710
7 428
4 891
25 433
3 810
18 346
1 873
17 655
18 695
19 250
10 344
26 729
27 295
19 691
17 626
29 233
10 622
12 967
15 240
9 697
14 587
24 282
12 455
29 271
23 761
5 571
7 903
13 356
14 410
4 925
13 307
1 606
9 299
16 756
23 289
8 547
21 897
20 445
28 615
4 805
28 494
2 841
2 476
23 207
6 513
20 934
2 386
20 258
24 877
9 376
16 337
6 790
17 964
10 685
4 766
20 983
17 587
21 976
23 853
5 430
6 487
16 516
12 947
23 919
23 470
29 764
22 649
15 318
9 636
5 259
7 240
0 512
8 561
17 546
6 595
7 464
15 228
7 965
19 274
4 372
28 667
5 408
2 799
10 790
5 651
13 912
26 256
6 572
25 998
1 261
22 902
3 942
20 894
25 925
10 529
27 926
10 396
16 958
3 761
15 873
5 994
28 727
14 457
29 693
19 379
13 886
29 380
15 934
22 637
1 217
9 351
28 788
23 231
20 257
28 446
12 993
28 376
29 868
1 393
1 274
1 239
7 832
25 924
11 990
9 656
6 783
19 644
9 248
3 691
15 353
14 840
23 810
11 554
6 656
18 953
21 509
11 881
16 785
29 747
16 957
5 539
3 242
0 337
1 224
23 982
16 374
7 517
6 235
26 870
14 273
24 474
11 481
15 666
17 661
13 790
24 225
12 662
11 905
28 561
22 691
21 908
12 912
25 707
2 304
21 430
24 610
6 651
25 664
26 898
5 309
21 635
18 308
29 790
8 906
23 992
14 248
26 563
17 305
26 351
13 801
1 999
1 546
5 897
27 419
7 455
17 469
29 500
15 773
5 303
0 839
22 851
21 351
9 470
4 443
19 944
27 389
0 623
25 814
19 425
28 225
19 749
14 611
21 888
6 323
23 860
6 514
20 762
17 467
0 674
1 660
9 478
5 812
18 402
20 920
0 399
18 331
15 531
23 357
4 919
4 333
4 630
20 482
6 727
26 236
25 366
26 282
25 570
16 677
22 512
9 494
27 602
11 358
24 602
6 521
3 590
24 498
26 939
17 403
2 624
27 649
16 695
9 401
2 741
14 929
21 982
28 572
18 444
2 638
17 211
11 659
12 332
24 896
12 629
2 947
23 378
29 782
24 434
18 989
28 623
3 559
28 699
18 379
23 549
2 639
4 385
12 230
21 560
24 788
29 368
22 953
4 437
19 659
20 737
11 237
29 706
29 995
23 936
29 260
1 350
21 721
8 918
8 291
23 846
7 510
12 415
13 930
24 436
15 743
13 525
6 820
13 727
2 741
26 827
14 772
24 877
3 381
20 524
12 478
29 398
2 870
18 652
12 784
3 993
1 766
7 481
18 272
27 264
7 540
12 540
20 686
7 923
15 889
16 783
4 497
29 817
23 737
25 353
5 553
5 906
15 578
22 844
0 937
10 985
18 963
8 238
6 678
20 420
14 803
13 320
28 806
26 498
14 894
22 815
22 230
4 212
22 436
14 460
20 903
10 594
10 275
17 567
6 367
17 284
7 889
10 575
27 294
21 762
17 512
27 211
7 254
11 749
14 790
26 594
15 790
22 337
26 815
8 234
8 283
6 366
11 803
5 756
10 836
19 767
1 981
21 417
19 527
8 386
17 669
1 1000
24 925
2 720
24 575
15 465
3 923
8 359
19 231
20 658
28 902
28 463
10 204
11 631
27 473
9 630
4 623
24 877
26 235
10 203
18 498
20 692
11 611
29 821
17 921
11 954
0 789
3 643
11 560
20 498
14 949
13 624
18 366
25 440
3 522
20 990
23 205
3 880
29 682
14 455
14 535
20 655
10 985
14 991
21 587
16 643
16 962
13 416
0 847
8 521
23 335
18 328
14 879
0 816
28 884
19 743
19 562
0 900
24 308
18 947
23 454
11 971
29 683
17 241
29 495
2 564
10 412
16 274
0 546
2 938
2 591
3 705
11 427
8 994
7 407
4 220
2 822
17 226
14 477
5 743
14 666
5 533
21 774
14 568
6 969
11 808
17 455
5 451
19 920
19 983
29 398
19 309
19 492
6 215
3 863
20 408
20 514
23 326
12 942
6 412
29 661
16 524
26 919
24 683
8 202
28 612
15 827
27 230
2 795
27 896
28 501
19 629
10 221
5 334
2 213
5 278
23 322
6 478
20 642
29 286
15 917
8 775
13 589
21 492
5 876
2 497
28 393
22 604
10 929
12 529
3 712
0 440
0 579
10 947
18 559
15 680
2 829
17 273
21 421
6 572
3 848
14 801
17 299
19 671
1 257
22 598
7 742
9 940
20 227
5 616
4 574
2 984
28 756
8 643
29 833
24 917
22 727
13 954
25 768
20 857
10 326
23 284
3 477
5 276
2 470
23 322
13 855
14 927
11 631
15 245
21 431
24 609
24 931
17 611
21 419
21 594
14 333
13 809
7 777
6 443
17 809
4 832
27 368
20 303
10 809
6 606
14 925
17 627
24 509
2 572
10 542
4 423
6 244
15 808
26 714
24 408
24 847
14 592
8 882
18 459
1 311
26 973
3 618
6 447
23 708
5 430
17 700
20 829
20 295
5 695
24 309
6 548
23 490
24 449
9 713
8 301
5 736
17 544
22 809
21 866
5 452
29 718
7 734
8 641
18 994
21 680
26 520
11 786
13 781
7 660
23 836
14 367
13 630
12 640
7 277
16 514
12 981
20 785
9 547
5 716
10 217
1 516
14 743
28 655
1 654
28 968
26 989
13 364
18 757
20 556
10 783
25 763
11 869
18 324
2 538
17 701
11 252
24 681
25 780
5 813
6 539
27 812
2 413
28 833
16 911
10 459
0 663
19 534
17 496
8 344
9 255
23 543
22 432
2 962
24 918
19 612
13 981
10 787
13 459
19 953
1 771
5 795
8 384
7 290
3 780
27 747
17 806
9 222
12 404
12 605
8 436
3 543
13 833
27 787
0 917
21 441
9 907
13 435
19 307
5 887
2 399
21 347
4 682
6 493
15 928
2 562
11 511
23 648
18 326
14 622
6 295
27 639
0 530
20 760
10 390
4 377
5 869
26 419
21 644
7 639
13 839
7 959
19 643
20 406
2 997
15 998
7 957
13 661
27 263
23 560
1 235
16 337
17 530
22 938
15 227
3 360
26 419
15 512
11 555
24 465
18 334
26 608
26 204
7 841
19 772
19 329
24 417
29 201
1 590
6 728
13 908
22 410
2 222
5 875
21 517
14 624
2 633
26 368
0 470
3 233
9 820
29 585
27 316
6 732
2 705
13 717
9 796
19 511
12 584
26 775
20 220
7 940
22 468
12 383
6 388
19 778
16 283
28 795
4 449
3 459
18 909
22 491
16 462
28 246
25 207
18 977
3 460
16 846
26 509
4 368
1 836
10 915
1 865
7 256
7 919
23 701
13 526
4 313
16 310
2 225
28 417
18 605
4 805
3 700
9 218
22 707
11 252
6 688
18 372
21 378
13 377
23 709
6 203
6 756
20 795
20 261
5 921
9 255
17 848
21 486
28 253
5 540
17 613
15 884
9 314
5 328
16 368
21 480
9 734
28 544
0 679
13 374
4 444
4 243
9 774
4 763
5 889
9 958
8 322
3 622
28 484
29 431
13 802
21 993
5 765
18 321
2 466
13 502
0 439
1 410
12 523
10 684
2 714
19 423
9 755
8 642
20 893
3 426
15 840
14 529
19 217
14 994
9 379
16 982
3 310
29 518
24 665
29 640
6 604
16 555
29 551
28 658
21 576
15 210
10 486
17 253
8 689
6 581
25 230
20 785
28 685
