2000
21 697
8 202
0 655
28 934
27 935
10 607
16 470
7 229
21 984
17 934
15 800
11 837
16 206
24 411
4 228
3 360
24 763
6 439
28 409
27 443
27 332
15 301
17 424
21 950
6 500
6 906
21 824
21 914
19 658
15 691
15 511
20 769
0 570
2 580
18 747
15 581
29 587
18 264
6 640
4 746
5 403
27 982
9 709
12 623
29 891
2 533
11 671
13 636
9 931
15 960
24 263
12 828
10 895
8 587
13 344
28 474
22 228
16 457
11 236
7 758
1 639
13 359
27 933
9 348
26 306
11 565
17 303
17 826
19 768
1 208
14 688
15 373
13 392
11 694
13 434
8 325
19 568
22 694
13 428
3 653
15 431
15 786
29 936
0 406
16 954
26 563
17 451
15 655
20 760
25 938
13 699
9 415
9 640
6 530
0 332
9 337
6 960
25 839
4 963
11 796
0 686
5 631
13 254
2 647
10 548
0 626
11 935
24 754
28 830
21 204
17 721
5 978
17 307
4 377
10 907
17 774
10 537
23 764
20 723
3 872
6 909
2 384
6 602
2 597
0 543
6 220
10 391
20 674
24 658
13 780
19 305
1 417
11 662
3 478
5 457
7 861
7 732
12 222
2 675
27 711
13 506
18 875
14 962
0 817
16 689
7 374
4 655
18 682
1 345
14 645
17 686
22 727
21 769
22 259
29 746
21 536
26 877
5 972
25 904
23 351
19 722
9 346
22 231
1 647
24 791
12 311
12 319
16 550
20 365
24 420
4 670
28 347
10 285
9 331
17 251
23 663
17 668
2 279
7 581
5 214
1 571
26 489
25 288
17 241
2 661
0 465
14 850
15 533
25 765
28 650
26 854
9 423
1 884
0 215
4 563
4 447
6 343
2 681
12 381
23 972
28 1000
6 882
22 226
3 965
24 522
5 459
28 320
21 450
14 958
13 713
9 202
2 780
5 776
18 520
15 660
17 758
21 761
13 669
1 721
1 900
10 269
19 592
25 986
28 337
21 921
19 701
3 779
7 478
3 939
1 242
3 955
26 477
5 491
24 447
28 478
0 935
17 499
12 695
5 211
17 461
9 332
1 606
27 289
15 895
3 709
22 579
15 654
26 919
2 742
4 260
25 715
8 422
0 840
16 819
20 765
29 250
14 507
0 359
18 247
28 770
5 492
15 947
19 422
23 310
28 840
7 674
21 638
16 744
19 279
16 957
25 239
7 638
17 715
1 282
26 904
17 782
15 534
24 489
6 392
18 402
24 330
1 304
18 623
21 935
24 992
7 409
1 746
10 354
13 890
0 742
21 296
7 690
1 288
17 931
11 943
21 706
15 588
11 483
18 553
0 348
18 251
25 884
4 632
28 654
14 290
0 798
26 793
21 903
23 764
11 867
24 218
6 355
16 964
17 347
7 843
21 405
18 337
25 996
9 415
17 455
20 318
25 741
3 704
6 218
6 624
15 346
23 430
6 931
18 313
1 754
27 797
12 538
13 859
3 824
13 302
5 650
5 757
8 796
27 916
19 602
11 668
22 704
20 673
29 642
17 368
25 828
22 952
19 512
18 226
24 583
14 843
9 844
5 815
20 989
15 954
24 834
17 853
2 439
5 322
8 560
11 379
12 355
24 269
12 593
3 768
23 385
24 204
26 439
18 710
26 648
11 227
18 871
18 683
29 392
24 811
28 794
9 454
0 371
29 904
8 496
7 863
19 935
19 821
19 300
16 641
24 972
3 958
4 477
12 216
8 328
15 501
10 229
24 625
22 798
22 419
26 325
1 217
11 964
20 733
7 390
11 770
28 718
13 479
24 914
9 985
16 785
4 886
21 429
25 201
23 976
22 334
25 793
24 579
19 944
22 482
21 552
22 646
17 545
6 879
7 767
9 841
17 840
10 757
23 835
23 941
23 606
18 705
2 787
19 917
28 477
21 983
1 317
16 882
17 741
9 251
26 592
10 226
22 922
25 214
23 627
3 360
24 442
22 343
10 749
25 588
6 787
21 214
18 276
0 570
18 334
4 875
16 583
6 901
7 882
24 591
11 783
3 732
9 412
23 951
23 264
29 524
16 783
5 218
26 449
26 520
26 710
18 341
24 652
9 259
2 442
22 792
22 970
1 455
3 514
24 720
21 535
15 500
21 620
3 922
27 515
29 216
12 493
11 718
4 639
27 383
10 225
10 909
0 829
22 953
11 380
16 385
19 765
8 377
21 501
23 486
0 332
11 867
1 349
20 682
18 660
4 809
3 274
10 500
1 943
27 406
9 247
23 968
15 522
17 637
19 247
12 360
19 962
20 800
1 414
20 706
24 340
3 754
3 418
7 235
21 857
29 708
29 543
26 874
19 793
22 434
16 451
11 281
13 337
21 263
20 955
7 821
22 338
11 373
8 837
15 775
7 650
0 393
8 744
2 992
22 361
2 623
21 393
10 742
16 932
29 928
5 238
27 517
8 924
22 376
28 739
27 623
16 612
7 614
27 751
7 419
23 299
7 764
13 979
24 629
23 262
27 583
20 719
25 363
9 993
27 373
4 485
26 661
21 668
13 606
13 702
17 835
12 346
15 423
3 297
22 687
0 478
14 544
2 217
2 477
11 555
3 205
22 628
5 596
8 680
6 706
28 288
29 662
7 366
13 516
8 671
19 700
0 819
3 637
27 329
19 974
12 971
27 261
3 957
22 496
3 894
17 718
10 290
8 600
19 435
25 380
17 744
10 833
17 906
9 721
0 774
29 525
6 596
23 286
20 768
29 580
22 279
19 795
17 879
12 538
18 529
5 213
10 256
28 988
24 727
22 395
11 964
16 811
13 922
20 616
20 914
17 853
25 812
16 545
29 678
15 480
27 903
26 305
14 874
9 802
2 900
15 441
0 801
19 973
4 629
4 381
17 724
25 282
12 978
16 536
9 567
8 872
17 292
8 633
7 835
25 977
1 737
1 664
14 236
24 908
2 409
3 321
7 451
3 863
15 266
7 410
21 244
3 726
11 479
13 547
14 594
11 641
19 694
17 442
28 552
2 755
22 692
2 838
8 495
28 974
22 844
0 282
10 466
16 573
12 715
11 817
12 274
18 423
9 936
13 976
27 600
13 217
19 297
19 208
24 265
3 816
17 570
9 611
6 919
3 838
19 649
6 993
1 500
27 260
8 719
19 710
27 909
23 433
14 953
4 856
15 634
7 647
26 355
23 929
21 838
29 479
3 585
5 880
18 812
7 390
28 377
27 408
16 499
4 883
10 888
23 956
4 454
23 490
12 679
1 623
23 331
4 880
17 854
5 494
19 512
20 856
28 837
25 834
15 269
11 928
25 289
14 927
25 684
6 596
19 671
23 605
25 389
15 725
0 360
15 329
12 413
11 455
0 329
22 616
26 738
20 993
25 894
10 772
17 212
10 945
13 610
27 933
18 838
10 871
27 644
11 576
19 434
27 993
1 475
2 891
22 403
7 917
3 342
8 694
7 986
6 365
18 912
3 335
29 945
13 797
3 485
5 258
8 947
0 441
19 891
14 800
16 817
5 954
19 888
4 628
14 509
14 474
24 242
26 311
14 308
0 698
12 648
11 351
1 854
23 816
19 277
16 325
7 957
29 928
10 362
27 595
13 665
20 944
21 495
28 301
20 389
15 579
4 948
18 495
23 981
8 451
27 438
6 549
4 318
14 838
2 600
29 448
2 829
1 365
2 416
6 408
14 364
16 291
3 411
1 747
19 778
21 378
27 312
3 431
9 717
9 616
15 670
16 236
24 984
28 629
19 535
14 432
8 878
22 814
26 742
17 220
5 944
2 206
11 930
3 877
12 724
16 367
4 550
14 891
6 946
19 874
29 269
23 954
18 604
17 709
29 963
5 561
23 318
20 922
13 684
2 628
8 571
29 866
10 952
12 823
14 293
9 544
22 335
11 707
5 426
28 497
6 740
29 721
25 744
26 333
3 326
13 404
0 431
8 207
25 399
29 448
18 409
22 433
20 785
12 542
14 600
6 759
20 958
1 618
16 530
9 700
3 292
26 660
19 569
0 313
10 999
15 633
22 532
15 874
22 422
2 258
10 538
9 938
24 219
0 369
17 524
12 338
11 677
25 709
0 351
29 863
25 575
1 600
6 657
13 346
17 716
6 393
2 333
24 269
16 586
27 386
10 544
21 450
14 878
27 779
5 448
8 934
6 870
27 463
7 299
26 594
3 728
27 392
8 867
25 523
16 665
17 227
6 734
1 725
16 672
9 446
23 258
8 903
5 889
17 209
0 261
26 761
10 591
7 493
14 926
18 854
16 736
29 326
15 246
10 820
11 243
5 685
28 417
29 394
25 878
8 346
19 865
16 966
17 287
20 283
15 371
14 476
4 413
4 634
24 975
14 310
19 972
9 607
29 921
7 829
27 883
21 544
9 746
11 643
1 915
4 771
20 890
4 827
28 835
8 937
17 423
9 256
24 963
22 666
16 796
25 986
28 853
23 905
27 570
13 900
2 273
21 900
4 761
27 789
4 661
26 435
11 575
1 711
11 299
4 849
20 284
28 986
21 207
18 388
13 730
0 574
3 875
26 644
17 935
2 413
25 675
5 489
10 602
22 765
17 972
7 776
26 638
14 803
23 974
26 686
23 596
8 989
2 574
18 443
20 612
2 499
3 428
4 659
11 525
19 885
7 664
20 582
18 496
17 478
0 414
12 865
3 588
29 665
28 300
27 999
4 279
13 456
9 415
17 604
8 597
9 828
10 245
9 297
7 776
15 418
29 531
3 875
13 744
15 284
3 246
18 759
18 251
20 726
12 783
15 621
5 880
18 366
13 646
2 807
18 769
7 349
11 646
2 416
6 541
29 738
11 416
28 876
8 815
24 331
22 778
24 720
13 422
17 251
29 857
14 960
3 853
19 244
2 876
6 934
18 428
2 366
18 579
4 616
14 766
14 853
17 360
15 725
21 623
2 598
14 236
7 221
8 916
27 360
2 824
15 947
22 994
29 682
21 514
13 297
3 743
27 934
28 552
2 274
3 920
28 573
19 988
27 722
7 427
15 334
8 605
9 725
17 902
27 489
7 671
28 751
25 546
1 504
2 469
28 904
25 848
22 775
11 400
13 734
7 939
19 381
0 227
3 851
9 703
19 370
18 670
18 857
28 227
28 468
11 439
18 435
15 502
12 242
28 457
14 689
13 490
11 623
19 881
25 450
5 999
8 994
10 254
17 621
20 855
6 308
4 849
15 940
1 876
5 402
27 705
22 510
25 637
11 403
17 722
16 427
16 423
11 960
29 556
21 388
17 725
17 486
9 1000
28 239
24 244
9 434
26 256
2 945
2 323
16 923
28 622
21 681
14 409
26 355
21 713
24 677
25 544
10 925
29 801
3 261
1 798
5 737
25 215
5 385
3 888
2 638
11 439
11 846
0 770
6 256
26 861
12 394
24 859
27 384
6 845
23 489
14 909
27 258
23 289
26 743
5 801
14 932
19 791
11 659
8 922
25 418
16 869
1 870
20 606
15 613
12 759
5 719
10 347
19 308
29 255
2 854
1 799
6 262
20 244
2 910
27 752
6 358
29 659
6 355
14 556
23 766
4 786
21 376
23 454
0 310
6 859
22 340
7 364
13 313
4 322
26 771
20 966
20 808
25 927
15 804
5 350
0 412
19 419
6 345
9 819
7 829
5 803
15 640
24 468
28 413
29 863
7 494
26 975
14 486
2 261
28 331
18 461
13 890
16 450
3 848
8 965
7 650
18 625
14 285
14 842
22 702
0 362
9 899
24 484
25 277
3 236
3 376
26 924
24 322
24 745
8 545
12 797
5 647
25 831
4 502
28 952
24 772
9 377
17 793
10 232
1 210
24 263
23 523
12 455
18 892
25 552
20 226
28 250
28 314
21 678
10 442
9 848
6 999
7 522
14 771
5 247
1 341
9 203
24 900
17 888
11 888
25 935
6 787
2 608
6 844
3 756
18 893
17 343
20 792
12 642
23 483
14 550
15 673
18 957
29 722
14 211
8 520
10 428
13 312
0 698
27 941
20 401
20 341
21 541
8 505
28 443
0 663
17 318
23 555
8 925
13 582
27 997
6 266
11 577
21 687
19 786
1 672
6 880
5 612
22 589
8 603
23 671
12 788
5 728
12 271
22 856
16 945
17 797
8 855
27 685
18 282
26 819
28 913
29 215
2 666
29 647
18 777
4 855
1 773
17 701
25 482
26 476
27 891
8 400
18 399
29 434
14 339
21 379
5 541
18 431
2 882
18 804
22 267
18 462
24 716
28 534
12 350
14 455
5 500
17 432
19 851
16 968
20 421
10 861
24 255
23 676
15 654
17 703
20 500
4 288
3 232
20 492
0 494
0 323
27 497
17 858
18 440
5 363
4 496
7 710
6 969
20 583
7 289
9 395
12 468
0 487
11 402
5 779
18 376
12 280
1 736
18 389
19 680
17 240
6 332
7 524
20 312
26 655
21 713
6 325
11 781
17 624
14 855
28 579
27 802
10 675
14 709
5 523
21 383
4 917
2 734
1 687
12 395
9 915
6 277
19 694
5 481
0 748
7 608
2 790
7 573
16 522
10 272
13 517
12 671
24 807
18 846
16 563
2 760
14 875
1 950
3 226
16 563
29 902
25 956
18 200
29 457
22 570
26 542
20 432
16 662
13 338
10 453
24 577
8 770
8 801
6 991
4 556
19 732
24 483
21 396
15 416
14 501
6 685
20 235
16 325
18 923
11 852
12 961
13 667
27 626
0 458
12 969
23 945
1 832
19 240
27 530
11 329
3 259
3 984
12 400
9 589
10 276
10 985
22 788
24 314
21 394
9 826
19 455
20 224
24 607
5 289
19 884
13 401
28 792
7 564
1 907
29 549
29 430
21 607
12 947
5 792
29 804
11 362
2 212
14 598
18 246
25 462
28 301
6 863
20 606
0 955
0 214
21 791
6 369
18 848
19 877
28 477
25 374
17 506
16 685
27 570
0 866
23 577
16 380
13 510
23 414
27 826
20 942
21 244
24 635
2 704
12 288
1 205
14 491
23 333
17 590
25 899
18 912
15 476
18 400
14 285
19 579
19 781
8 239
9 718
4 685
4 728
26 657
25 520
23 300
28 411
14 397
15 759
15 854
28 461
29 744
7 563
20 795
4 348
16 459
29 812
26 319
14 624
24 467
4 922
14 457
9 239
26 438
14 794
14 875
3 297
4 721
24 379
4 327
9 550
25 873
3 590
19 988
2 655
8 848
27 917
1 636
26 535
10 571
4 995
21 379
15 504
4 226
15 993
17 203
13 523
9 597
9 951
26 661
27 739
0 351
0 831
2 590
3 599
21 609
2 283
24 895
28 803
14 547
22 268
24 452
24 763
3 417
13 528
22 946
20 989
23 324
5 349
15 497
15 630
28 622
26 904
29 794
18 549
18 794
24 408
6 654
7 622
28 465
9 545
18 693
27 223
16 747
17 768
4 785
4 709
12 236
21 900
4 622
26 591
19 335
14 256
17 209
9 683
7 698
15 267
23 411
8 465
6 393
18 858
22 209
14 877
4 288
15 592
10 290
23 686
27 370
8 236
6 473
12 232
20 365
4 478
3 214
12 572
26 448
0 251
9 557
5 825
4 448
14 608
16 818
17 891
19 212
5 509
4 983
28 238
19 209
23 891
1 498
5 269
9 347
9 444
15 823
12 697
19 225
19 378
8 750
15 826
13 859
5 665
16 663
28 416
0 893
28 981
24 339
6 410
18 643
3 202
14 276
19 282
7 373
25 773
10 559
25 828
14 813
21 656
26 949
22 341
26 331
11 502
6 910
14 447
20 920
19 853
16 262
22 258
29 655
27 380
27 248
16 984
18 330
29 792
6 928
18 434
1 579
20 560
19 213
23 471
14 327
28 818
22 750
16 471
18 346
23 287
5 945
16 621
9 533
4 513
22 449
20 831
10 690
4 651
26 532
10 266
14 301
13 426
23 531
4 646
16 398
7 504
28 274
17 720
27 352
27 369
13 593
9 842
25 913
23 761
24 418
9 783
21 252
6 487
27 617
29 622
3 400
12 471
24 896
18 344
0 613
11 463
4 282
20 611
2 391
19 454
18 955
21 344
4 675
4 423
6 902
13 224
11 516
2 242
27 573
3 921
19 592
4 869
18 436
26 932
21 366
22 981
22 912
6 876
2 785
27 360
22 846
3 204
9 648
5 390
10 415
3 851
28 751
4 839
6 638
10 743
7 452
6 859
1 553
17 300
5 959
4 810
20 451
25 488
3 791
12 297
19 999
20 746
19 477
22 915
9 683
5 774
3 609
24 387
27 303
5 943
29 235
3 600
2 793
22 550
16 481
0 275
1 583
26 666
28 512
22 653
29 866
19 926
24 686
13 788
24 562
6 722
16 960
13 891
16 541
5 930
12 275
15 670
0 388
14 246
11 836
27 355
26 345
25 805
0 431
26 281
23 369
21 457
19 652
24 412
2 583
24 220
25 271
2 405
4 534
8 386
9 746
22 820
15 652
4 542
11 818
23 933
27 409
27 536
15 458
12 505
14 973
10 919
26 850
7 536
8 205
22 985
5 644
0 728
15 575
16 988
29 362
28 562
17 295
25 474
8 853
17 954
3 755
26 776
16 261
8 896
13 316
6 895
17 501
6 805
19 805
27 470
3 326
11 496
2 945
1 649
1 594
0 402
9 995
20 585
16 894
17 529
19 878
18 315
0 918
23 428
18 763
0 682
12 684
11 618
9 616
9 918
13 931
16 759
25 619
8 914
12 356
4 596
27 816
19 447
1 920
27 741
15 998
19 509
16 688
1 390
22 597
24 210
25 379
23 292
16 657
18 527
4 361
12 462
28 545
5 499
29 476
2 790
27 865
24 293
20 801
8 264
11 856
29 399
26 798
23 560
3 605
2 319
10 851
26 564
6 364
18 419
22 413
6 496
11 455
23 767
28 388
6 748
28 641
10 404
12 770
15 224
0 960
6 749
