2000
17 464
26 752
3 595
26 930
3 265
21 711
16 422
17 279
12 956
11 304
22 999
26 595
18 548
18 230
4 834
4 798
1 641
21 359
22 362
3 809
1 799
8 934
0 517
6 384
21 397
18 332
8 381
2 469
14 874
28 831
18 386
10 550
21 767
24 572
16 985
5 347
10 600
11 935
29 593
29 930
11 541
1 390
4 848
11 833
22 395
16 229
11 264
29 422
16 370
21 552
27 780
12 515
25 598
15 320
5 471
13 217
17 734
12 906
27 522
10 891
5 224
28 478
29 656
26 432
15 402
16 584
3 424
25 976
25 219
7 335
15 798
23 864
26 406
1 424
4 279
7 807
12 990
15 936
14 208
7 633
6 377
6 320
29 266
27 664
16 428
13 825
25 712
6 358
7 593
6 802
28 205
19 276
1 963
22 320
2 526
23 758
15 909
8 264
6 998
7 959
10 224
15 313
21 697
0 642
27 581
10 495
23 394
22 598
23 551
12 742
16 524
12 342
6 589
2 787
6 687
5 821
1 280
19 475
7 552
18 794
4 220
2 626
0 431
13 985
1 942
12 502
17 835
12 674
16 765
28 920
1 589
10 260
21 976
21 428
22 902
24 584
15 615
12 328
8 531
18 545
3 746
17 559
3 858
19 478
6 426
24 691
29 890
15 325
21 337
19 244
1 967
9 470
13 286
3 742
0 937
4 505
16 775
24 224
12 244
29 203
8 376
16 486
8 233
1 566
9 549
25 833
4 273
2 638
11 837
23 246
20 361
26 773
25 887
24 682
1 724
24 249
27 210
1 788
26 583
5 225
25 869
22 763
4 939
5 968
15 891
11 806
18 444
7 578
1 655
5 866
25 915
28 782
17 940
10 420
20 662
18 234
2 882
8 654
7 499
25 381
29 642
1 822
9 889
5 731
27 289
25 612
28 448
7 354
9 868
23 398
25 462
15 211
4 973
14 230
10 612
6 697
2 554
18 609
18 278
2 609
25 608
13 908
23 210
16 427
5 888
15 339
6 938
24 401
15 648
0 938
0 773
28 273
12 721
20 981
13 389
5 964
25 403
15 739
5 204
29 683
23 855
13 502
7 764
4 727
25 858
10 703
1 826
20 532
7 576
12 440
22 347
11 812
9 465
18 780
19 680
2 357
3 599
29 948
29 515
13 940
11 408
21 277
6 333
19 352
13 765
10 447
7 408
9 687
4 696
24 562
27 377
27 327
15 311
18 921
7 433
6 951
19 953
11 538
24 648
21 213
29 905
8 681
21 997
17 601
5 431
7 584
5 372
4 414
6 515
29 450
14 614
18 835
11 933
12 427
27 365
20 767
17 447
20 806
24 572
10 431
3 466
8 621
4 494
25 679
26 747
12 728
19 243
0 644
9 791
10 326
7 692
11 859
10 460
7 951
5 461
18 904
6 636
12 272
5 789
13 951
13 487
0 603
7 922
13 704
25 653
8 363
3 557
8 725
26 829
13 545
23 922
0 990
7 324
26 213
3 716
20 443
14 240
28 427
17 696
27 728
7 843
18 592
3 345
7 384
11 729
8 332
6 817
24 709
6 389
4 722
25 494
9 397
29 661
20 574
23 744
22 663
28 829
24 411
1 738
8 324
8 945
26 428
10 407
18 321
25 501
0 926
20 487
26 930
6 771
18 982
6 382
13 970
0 202
13 441
25 415
27 426
18 747
15 523
14 861
21 782
14 675
20 504
20 733
17 649
13 403
25 895
21 693
23 636
10 366
10 768
22 719
3 787
19 525
1 937
7 505
28 748
5 643
13 763
3 875
21 487
5 498
9 830
14 572
7 699
20 740
14 705
13 218
26 206
20 864
10 299
23 838
6 437
26 516
23 999
29 879
12 224
24 263
13 509
14 376
29 712
15 965
19 867
0 475
11 362
7 218
5 344
18 512
22 623
28 251
18 581
27 667
0 378
21 668
15 827
9 645
8 638
26 300
18 700
6 941
8 358
2 991
28 306
28 481
25 728
17 941
8 900
26 451
26 925
19 285
27 681
22 350
13 611
13 626
26 542
6 579
0 280
0 722
0 354
26 754
17 621
21 959
3 224
15 549
22 224
10 426
5 515
28 718
12 551
25 260
9 438
26 654
25 384
5 616
14 284
15 298
26 332
6 560
3 263
25 776
14 269
15 392
2 536
23 621
28 338
3 301
7 697
10 267
7 753
20 970
21 845
9 250
0 243
26 321
22 831
17 298
5 267
1 250
5 860
16 417
29 574
8 511
7 438
1 717
23 310
2 357
1 736
9 490
16 275
24 218
22 783
5 221
17 244
2 257
19 942
29 875
27 846
13 390
20 665
16 262
14 937
3 906
24 777
28 249
28 758
21 858
21 768
19 795
5 584
21 991
7 672
17 726
20 380
9 326
12 791
3 734
14 707
18 636
26 431
14 863
20 323
15 640
26 712
7 605
24 852
7 664
24 790
28 363
12 268
16 778
3 901
23 368
5 914
27 541
21 653
21 822
2 945
6 976
12 856
5 350
23 646
13 370
16 826
12 813
7 227
6 909
25 383
8 411
29 666
16 694
7 883
18 353
29 821
7 563
14 763
4 287
0 917
4 417
0 577
14 795
6 943
12 709
4 528
15 263
21 639
7 736
19 483
11 792
5 217
17 291
4 900
15 298
25 902
1 704
23 751
20 360
17 696
8 346
16 206
0 866
8 229
20 543
21 372
1 712
3 661
2 573
9 774
20 466
25 576
2 570
11 530
8 291
6 251
23 590
14 565
28 746
7 310
1 410
12 628
8 631
0 386
17 649
20 241
5 796
20 541
5 359
24 580
4 368
19 707
6 876
24 900
6 287
29 275
13 920
12 202
10 877
17 395
16 412
9 959
12 944
10 688
23 477
11 521
22 790
6 482
28 919
10 888
19 435
13 610
10 499
20 234
11 808
9 507
17 392
26 318
5 245
0 460
18 326
16 739
6 800
13 249
29 740
28 943
23 209
8 685
28 270
8 912
6 367
5 558
21 662
17 949
0 272
26 614
29 610
3 402
18 382
8 619
6 391
8 230
19 527
3 914
18 752
4 513
19 534
26 561
5 458
6 888
11 515
12 836
11 493
17 680
8 530
27 344
1 891
2 676
17 288
24 370
13 802
23 559
15 791
19 989
25 812
8 700
23 354
26 508
1 646
16 293
23 466
6 950
23 612
23 933
22 887
13 607
8 972
27 490
5 717
13 943
18 798
11 717
13 982
25 558
21 670
20 981
26 494
24 834
7 391
26 512
3 405
15 230
13 927
20 538
9 391
27 578
0 830
15 594
9 524
24 893
14 476
16 683
9 754
24 807
23 887
0 728
2 538
2 334
7 393
15 835
24 425
4 270
29 284
13 870
16 613
5 452
22 634
7 867
22 465
4 370
14 525
22 340
21 604
2 948
2 641
16 767
16 516
23 312
27 248
5 774
5 973
8 911
2 694
13 293
11 336
3 420
1 382
5 740
29 524
26 328
28 898
29 725
17 819
11 457
7 243
5 421
23 204
20 942
1 234
29 232
17 902
2 652
29 351
24 222
19 491
0 577
6 794
21 716
4 800
12 846
15 886
10 819
6 833
20 286
25 353
1 804
8 451
12 489
25 933
20 890
5 548
20 956
3 955
9 705
22 961
0 879
9 590
21 604
26 676
16 771
26 708
27 241
3 452
24 231
11 498
18 997
7 477
12 868
21 950
20 225
3 382
10 389
26 573
28 806
27 913
10 471
16 935
20 990
5 394
7 397
7 225
20 390
17 668
7 778
23 751
29 811
16 648
18 736
4 677
16 943
19 253
14 789
4 984
22 519
26 658
10 999
12 408
2 411
13 824
4 692
16 482
4 291
24 780
16 575
0 698
6 203
27 479
9 859
29 479
16 617
16 421
28 415
14 509
7 283
25 908
12 569
22 397
22 510
6 802
13 953
23 329
9 861
20 964
12 944
12 841
2 428
5 255
26 202
7 756
17 507
11 959
10 274
9 736
16 810
7 451
11 949
26 787
10 372
27 448
13 723
29 259
23 523
20 451
21 922
29 233
20 897
6 538
4 268
11 473
18 715
22 545
1 236
4 606
15 260
23 736
21 358
23 768
24 301
21 999
12 823
15 338
26 589
3 594
1 405
15 255
28 309
13 675
3 452
15 414
18 726
2 469
27 963
21 353
19 709
23 977
15 325
15 650
15 332
3 463
1 380
29 449
19 925
11 368
16 245
14 965
21 229
16 700
6 939
12 853
17 361
18 900
19 259
11 791
6 590
26 768
11 572
14 629
18 330
13 270
2 588
5 200
24 715
14 577
15 759
22 278
21 918
4 744
9 436
1 657
18 752
13 233
20 524
16 341
5 224
8 825
17 828
26 222
13 259
21 772
0 462
19 879
29 553
6 528
21 704
12 262
2 975
3 902
18 509
19 208
7 395
0 823
1 459
2 362
21 650
27 433
14 478
7 439
3 732
1 493
5 309
2 894
9 336
20 522
20 374
0 227
26 359
23 329
6 715
17 444
27 681
3 340
8 820
18 296
2 207
7 492
4 535
29 967
1 749
29 737
14 804
16 991
25 431
17 925
25 745
6 555
20 986
5 274
17 364
0 255
1 355
5 409
22 788
29 405
7 955
9 650
9 630
10 489
27 387
23 541
19 575
23 422
2 482
29 848
2 436
1 945
18 819
2 726
17 419
24 923
5 398
16 714
20 810
27 516
1 725
27 267
25 592
12 861
9 235
18 451
1 719
8 315
16 670
24 799
9 384
9 501
17 819
19 279
28 962
20 930
22 978
18 281
9 354
3 872
29 488
23 573
8 573
27 635
7 501
25 604
27 326
13 290
11 784
9 795
6 397
12 252
16 495
15 531
10 702
15 811
25 581
1 287
3 867
10 774
15 806
29 368
9 761
13 980
4 427
9 813
18 775
14 873
14 740
7 729
29 978
0 481
4 294
22 917
17 484
23 772
19 681
18 593
17 863
18 550
5 851
10 423
10 341
23 559
2 945
15 453
26 594
23 627
23 318
16 770
14 934
5 348
19 444
15 957
9 297
25 364
0 240
1 345
3 518
7 609
7 423
10 423
3 881
15 430
11 495
18 882
9 352
10 268
23 646
3 921
29 702
24 830
12 401
28 861
7 644
14 754
15 954
8 223
5 404
0 717
0 544
3 611
4 858
25 782
21 440
0 381
2 717
10 756
20 985
28 570
9 753
2 760
7 453
28 629
19 512
25 262
16 460
12 582
24 208
26 904
26 575
20 567
27 583
12 740
15 928
11 478
12 476
14 519
29 481
9 702
0 880
3 909
15 991
17 884
29 350
15 559
26 521
29 442
6 777
29 434
13 631
13 325
14 371
7 538
1 834
29 867
20 720
4 814
7 905
28 393
11 592
25 476
19 377
11 488
12 704
13 251
11 664
5 384
10 344
9 853
5 397
1 269
5 308
26 202
3 702
5 672
24 564
4 772
26 767
11 830
16 839
2 535
12 301
24 602
27 880
1 910
8 739
20 738
10 900
17 918
1 883
8 856
4 424
5 899
13 469
25 431
1 342
21 240
26 908
14 698
20 634
12 583
9 831
15 627
18 876
9 775
8 292
18 823
2 522
25 629
2 304
23 972
11 855
14 253
2 663
14 376
25 679
14 885
5 472
6 315
8 778
4 760
19 302
14 658
12 798
5 797
28 513
21 947
7 351
18 569
13 607
10 763
0 918
15 991
4 516
1 695
5 383
24 238
16 292
23 875
24 267
13 986
0 427
23 825
16 449
24 398
13 943
6 873
27 336
26 581
1 602
2 404
28 386
9 717
22 554
12 570
29 347
23 276
21 447
28 989
22 266
28 330
24 789
2 381
10 851
4 208
6 817
1 350
28 655
24 383
2 890
15 897
27 855
16 215
27 696
10 722
5 620
14 415
8 382
26 900
11 893
25 982
6 310
24 734
20 808
20 629
23 445
7 261
6 478
23 709
13 643
26 586
10 747
5 339
15 542
17 725
14 864
2 553
8 413
23 910
9 701
1 218
3 573
16 586
3 653
10 401
22 260
27 302
26 293
0 561
25 326
19 883
9 311
2 827
5 658
8 367
17 638
25 639
1 902
23 795
13 381
29 616
10 577
15 223
5 254
17 887
9 670
8 937
19 768
0 546
11 478
18 569
13 495
19 269
11 428
14 717
2 786
15 600
28 553
5 616
5 216
21 934
18 283
15 507
20 691
8 780
22 914
28 703
8 942
26 620
8 499
0 357
21 773
15 440
11 469
16 960
13 732
18 905
15 362
0 969
1 877
10 834
7 474
9 825
24 733
8 701
29 256
16 323
11 489
11 697
20 240
17 558
29 634
19 826
20 731
9 394
11 989
24 755
28 491
17 770
6 315
10 425
4 558
15 223
21 540
26 933
29 444
15 391
19 552
27 765
5 325
5 619
12 567
7 263
20 709
10 668
6 252
26 487
28 622
29 562
22 806
21 834
10 827
18 494
9 495
12 350
18 602
8 818
15 713
25 610
23 862
20 933
8 659
12 313
6 262
2 955
22 998
0 439
1 304
12 399
2 942
16 724
4 650
18 287
17 361
15 243
5 909
4 686
10 482
9 596
19 986
6 466
3 235
22 732
17 428
4 617
14 395
16 237
3 349
4 700
17 367
2 326
9 286
16 482
12 746
27 284
5 903
19 235
20 440
21 773
11 282
17 862
20 377
1 918
24 982
19 767
5 651
4 699
13 739
29 602
1 228
28 925
20 237
3 464
16 518
18 751
4 272
25 892
28 396
7 765
23 533
20 748
12 814
0 373
21 973
25 353
17 607
11 694
15 840
19 221
5 871
11 472
7 900
16 297
19 767
12 304
23 672
19 991
22 884
15 360
16 534
7 796
2 415
1 262
18 599
27 530
10 643
14 689
15 519
16 349
10 439
22 791
6 750
10 944
7 613
14 594
23 581
21 784
19 837
22 482
15 509
26 729
4 851
28 578
12 339
23 957
20 528
12 873
10 790
8 418
16 444
29 896
8 901
14 309
7 730
25 843
28 763
26 545
6 295
9 886
26 762
29 387
16 659
13 359
0 419
23 237
17 251
17 384
10 702
15 294
16 895
11 828
9 589
6 948
10 647
8 300
13 435
27 568
19 938
25 345
29 857
16 321
20 618
3 993
14 674
2 898
0 970
6 948
26 538
28 975
22 772
4 443
22 447
9 554
10 712
13 976
9 394
2 463
8 442
15 397
20 809
16 364
23 962
5 256
5 349
1 267
26 959
0 533
5 597
22 407
11 823
11 803
5 726
17 676
13 699
19 458
7 699
7 202
17 758
22 854
22 907
11 334
0 803
4 970
15 267
9 615
20 557
16 365
5 518
25 742
9 502
8 943
19 601
14 437
20 532
18 362
12 325
17 416
14 933
16 357
25 322
0 853
8 476
6 485
12 461
23 382
7 571
24 682
10 352
25 598
9 753
10 739
16 689
12 863
20 470
28 704
1 783
25 301
10 982
12 315
17 833
22 281
9 513
23 966
2 940
14 922
12 204
1 459
25 909
17 428
28 512
23 225
27 760
19 543
7 716
11 328
18 729
27 295
26 237
16 846
5 603
20 728
0 930
10 996
20 816
16 823
27 670
25 368
19 840
27 655
29 225
0 592
20 560
6 898
10 796
15 482
12 774
18 376
25 373
26 510
17 875
28 289
13 408
26 987
21 720
7 903
0 577
9 810
29 995
26 356
9 833
6 210
21 533
27 516
0 891
0 203
9 512
7 714
8 221
9 221
7 378
29 922
6 656
22 897
24 733
28 764
23 826
11 765
16 555
0 411
13 637
22 848
16 424
16 605
5 427
12 371
25 714
23 746
20 398
7 363
23 675
2 215
20 627
28 869
27 716
3 417
15 242
23 950
12 980
15 860
1 332
18 777
0 515
14 676
18 976
4 433
2 439
25 877
5 368
16 949
23 900
13 397
3 379
12 999
8 704
2 427
8 497
15 506
18 299
14 674
5 592
5 384
28 997
21 321
3 417
11 561
22 844
29 643
6 449
3 527
22 686
1 980
24 300
29 803
8 666
12 888
11 848
26 648
14 862
18 696
17 262
27 670
10 927
2 731
2 720
17 509
15 496
14 291
8 638
29 875
15 676
19 277
20 808
15 322
22 545
6 523
3 994
4 830
2 551
9 442
11 373
16 602
7 518
24 529
25 367
17 804
5 835
1 215
25 445
27 959
5 934
6 417
17 615
19 276
16 635
13 321
7 388
23 485
22 638
7 950
1 604
24 841
7 921
3 238
0 970
10 534
11 538
11 642
13 949
29 632
23 906
28 329
3 337
5 506
15 782
19 827
14 763
8 208
26 647
14 798
13 239
9 220
23 256
13 396
2 311
26 577
3 289
1 791
8 518
13 643
12 834
21 759
9 570
29 441
0 681
7 498
26 483
1 528
16 774
4 290
13 534
6 551
16 425
10 683
7 972
4 678
21 639
1 693
28 421
20 772
1 469
20 279
15 480
18 973
2 672
26 970
8 602
20 672
28 452
24 342
20 574
26 209
2 358
19 757
14 843
19 632
20 971
8 716
27 879
25 851
13 723
6 886
25 221
20 488
15 327
19 990
23 689
27 848
17 805
15 354
6 976
5 258
6 417
24 662
7 639
1 879
14 205
29 781
2 941
26 420
23 277
19 517
27 212
13 666
10 546
17 242
19 688
26 453
28 722
19 375
22 884
17 616
6 280
24 827
1 717
2 562
2 293
17 881
27 318
2 492
20 677
7 972
7 813
10 805
9 210
9 976
27 840
25 766
29 925
12 587
19 638
13 538
10 442
12 546
0 833
18 478
7 681
7 989
23 620
6 618
5 228
1 731
11 725
0 268
0 769
22 308
6 352
28 619
28 794
10 379
11 504
4 718
13 333
25 606
4 231
28 954
11 367
17 811
11 543
22 324
2 239
15 350
3 986
5 463
0 861
17 261
12 928
24 427
21 869
11 265
16 297
