2000
26 523
25 732
7 330
23 317
29 493
11 930
1 908
7 604
21 887
25 686
9 687
14 397
19 934
5 759
0 916
17 473
11 922
7 331
15 528
18 347
6 926
10 712
14 783
15 923
2 654
10 904
7 424
20 779
15 743
23 237
26 523
7 571
4 312
23 781
2 578
28 375
8 677
22 225
28 951
10 409
21 564
18 209
23 743
7 349
6 703
0 981
2 272
19 816
28 678
1 977
23 328
21 800
16 826
1 484
27 952
29 560
23 540
0 742
26 798
2 990
23 264
2 407
8 441
7 918
23 907
2 702
1 207
15 708
21 834
16 918
7 418
11 897
18 513
19 314
28 524
19 955
18 303
11 268
12 264
15 213
25 791
28 374
6 255
7 361
29 487
25 549
16 292
0 852
16 422
17 432
4 410
12 641
15 500
19 365
5 255
15 845
6 208
26 553
12 347
19 785
0 502
9 428
17 453
22 967
25 331
26 413
11 743
13 271
19 422
16 450
15 650
15 689
11 483
3 529
0 923
17 563
20 400
27 500
19 213
28 656
10 419
11 702
1 592
11 568
23 947
17 924
28 673
1 453
4 472
23 464
16 765
8 782
8 444
20 351
13 446
26 759
8 982
14 546
16 706
3 377
8 834
12 576
26 544
15 831
17 932
24 478
29 784
16 958
26 229
29 630
27 909
28 598
28 462
16 761
27 969
1 240
4 472
28 655
11 717
27 861
0 656
14 468
21 520
21 247
14 358
28 396
12 858
23 487
10 242
20 840
9 830
28 739
10 340
28 878
28 913
17 465
0 839
14 308
4 689
22 879
5 622
25 240
14 997
5 341
15 747
13 871
18 465
26 455
18 982
23 546
15 803
12 656
15 233
17 642
19 357
3 354
19 696
4 353
15 268
9 811
22 709
25 624
4 836
18 896
9 359
14 367
0 652
17 528
26 600
15 833
29 241
12 226
21 727
2 795
7 306
21 537
6 740
17 307
15 930
24 946
24 952
12 668
27 329
14 774
10 647
5 661
7 392
9 487
10 260
4 308
27 530
3 775
7 361
1 815
12 287
23 969
11 390
1 428
0 290
7 461
3 309
7 524
8 885
8 459
14 217
26 525
19 410
15 839
23 239
3 299
14 347
14 769
28 381
20 307
10 1000
22 410
2 217
7 753
4 228
10 773
17 445
8 937
23 756
11 721
25 900
6 583
25 929
19 913
19 726
20 362
24 747
29 680
4 880
10 546
8 217
26 698
12 332
6 206
3 271
0 331
23 442
9 257
22 617
17 334
28 424
27 369
9 958
9 260
8 961
22 457
19 725
6 509
14 934
23 840
29 401
26 760
4 383
26 422
19 658
28 484
2 579
29 264
7 559
8 800
5 935
0 744
8 510
20 402
28 234
20 892
4 710
15 427
22 353
5 994
10 971
23 615
20 1000
20 895
9 686
25 326
17 256
4 915
1 267
25 460
24 990
6 549
8 832
2 962
27 399
0 973
28 813
22 459
20 361
27 893
24 262
19 561
21 367
11 968
0 389
24 620
21 236
5 234
28 511
5 334
28 488
26 663
18 653
0 542
24 890
16 447
17 650
9 317
20 578
5 835
4 215
18 407
6 987
18 843
21 517
21 215
7 908
26 896
1 299
29 912
12 311
20 842
28 382
4 533
14 527
3 629
25 855
3 706
0 767
24 558
7 449
2 797
10 879
16 451
26 200
24 948
26 474
23 338
24 318
21 692
21 929
6 817
25 886
16 946
25 605
12 332
28 569
13 922
27 980
6 257
23 483
16 231
25 790
13 298
13 703
26 332
5 534
19 489
19 514
14 817
4 206
0 916
12 372
2 351
17 628
10 641
25 317
17 622
14 664
27 570
18 938
23 583
8 541
15 857
10 216
0 977
23 936
5 850
19 690
17 729
25 738
8 938
23 333
12 225
27 600
14 513
16 603
26 809
3 590
10 472
4 355
0 479
13 628
15 936
29 731
8 642
3 426
19 637
11 508
18 670
9 972
3 356
0 748
22 511
14 566
11 348
7 819
11 948
26 395
4 713
14 220
1 691
19 921
14 357
17 938
12 228
15 957
6 490
3 997
5 341
18 858
27 337
3 573
0 777
10 603
4 387
20 918
7 291
15 424
16 562
2 678
4 856
10 672
6 699
5 447
5 992
22 864
13 361
2 921
12 257
22 461
12 862
1 593
6 656
10 967
6 394
9 631
28 584
4 826
25 877
16 672
26 587
13 992
4 682
17 242
22 514
21 740
18 413
24 673
18 859
11 906
1 916
13 608
0 652
2 384
8 874
7 827
2 632
26 969
22 252
29 930
5 793
25 556
6 249
18 717
10 752
3 660
1 841
2 811
23 771
26 479
22 422
29 215
1 957
19 733
16 434
17 266
27 731
10 599
2 636
20 216
1 699
7 208
21 791
20 610
16 746
27 480
26 334
22 779
10 354
11 978
29 848
7 864
16 212
21 462
4 950
19 720
26 215
29 586
11 626
19 662
2 515
12 544
1 753
29 434
3 315
2 794
14 554
17 529
22 796
2 779
5 200
11 583
13 306
26 492
19 816
7 900
12 984
10 491
29 595
0 585
23 509
21 683
11 965
3 306
15 956
21 234
19 393
2 671
19 662
26 802
16 992
22 389
29 452
0 675
23 857
11 441
15 961
20 739
24 421
26 581
14 953
25 838
24 219
4 732
18 292
21 707
22 976
17 275
11 377
23 840
11 515
18 309
27 512
26 328
25 513
27 601
7 815
15 470
19 299
26 494
20 724
8 372
8 681
18 969
10 762
16 465
25 358
9 276
1 603
21 544
20 695
1 934
27 474
21 381
27 391
29 655
25 266
1 700
27 786
3 434
20 244
20 261
19 990
25 222
25 822
4 453
13 402
9 393
1 291
18 905
29 632
22 769
0 323
13 357
9 883
3 413
11 600
24 266
21 810
16 521
14 309
18 549
22 920
10 386
11 950
1 214
12 459
7 459
14 936
20 326
26 218
16 367
17 490
14 960
14 665
22 472
17 796
10 227
9 248
9 891
15 700
2 889
29 927
1 687
2 244
12 298
0 276
20 342
27 663
29 258
0 863
28 857
25 632
21 635
1 549
9 914
8 770
3 457
2 669
24 585
25 585
1 265
14 525
14 530
3 658
25 630
22 266
13 650
26 453
15 245
0 734
16 900
6 910
27 447
6 602
17 202
23 495
20 361
23 695
25 640
29 876
6 931
18 526
24 606
9 725
6 473
14 623
6 412
8 669
2 888
21 344
15 463
2 460
7 843
10 545
27 593
11 444
8 283
3 288
19 586
17 597
4 456
29 257
27 317
11 719
17 930
21 320
14 804
11 569
25 780
16 604
23 489
14 225
17 434
23 264
21 749
16 910
27 560
19 615
4 254
23 626
23 757
2 682
3 915
25 676
14 443
16 403
15 758
1 600
15 554
28 598
7 678
14 273
25 740
5 709
25 433
22 811
9 808
1 930
1 554
0 256
11 631
28 735
18 561
19 647
21 353
2 362
15 617
9 269
11 711
29 244
3 440
22 811
17 753
28 798
20 791
7 784
16 237
16 557
19 456
14 455
9 675
0 330
21 446
5 886
8 821
19 227
13 451
6 965
7 800
27 609
20 436
20 594
23 431
21 405
3 729
16 453
5 509
6 625
4 740
20 969
4 946
3 263
18 776
23 456
7 539
18 702
19 631
23 676
1 347
14 678
7 409
0 390
17 576
24 810
11 656
20 553
26 904
16 420
18 984
14 444
27 569
4 265
5 343
24 516
20 713
20 352
4 791
8 988
16 609
20 865
17 901
8 536
24 458
16 942
19 817
22 806
16 966
27 637
0 718
16 560
23 264
0 692
14 653
7 842
8 990
8 691
28 247
0 818
19 674
7 823
4 589
27 859
11 254
4 799
29 645
18 946
25 734
4 851
10 990
27 582
10 458
14 737
14 781
3 445
13 204
12 692
23 251
26 993
4 339
12 704
6 304
27 373
3 865
6 556
16 443
18 440
14 906
7 998
17 486
7 300
25 318
25 985
7 699
6 205
24 893
14 973
10 667
17 248
1 211
7 397
20 305
24 307
6 692
26 270
21 785
15 520
25 521
13 249
5 431
22 830
24 739
2 200
26 535
2 922
4 460
0 872
22 559
12 638
4 643
11 375
6 651
24 325
2 977
27 283
16 972
21 697
25 228
18 320
13 822
10 673
6 390
22 230
4 493
14 666
29 420
10 663
29 776
18 498
27 304
5 874
23 862
16 833
5 926
12 721
24 942
5 740
8 359
11 916
27 411
23 778
0 549
14 593
21 673
7 880
15 675
23 792
9 860
0 502
13 735
19 752
21 778
6 791
26 216
9 923
10 473
23 393
16 597
28 230
27 950
26 709
6 607
3 602
19 375
21 431
28 873
19 860
10 939
23 467
10 531
17 998
9 814
1 346
23 485
14 984
13 729
23 585
15 668
17 254
10 371
15 928
4 541
29 950
5 417
10 385
21 453
8 233
13 770
3 201
5 510
21 234
20 362
29 475
16 256
18 427
21 888
10 645
2 235
3 220
20 504
11 352
18 527
5 709
23 628
6 321
8 872
12 727
13 787
10 685
24 830
0 778
8 286
6 473
12 722
0 613
22 330
19 519
7 999
27 828
14 607
25 370
16 923
22 596
21 544
28 536
8 840
7 437
1 342
21 431
5 594
17 283
7 810
27 249
27 315
2 616
9 657
12 329
21 957
19 367
28 537
13 748
17 210
16 506
2 831
9 915
11 909
9 707
25 252
19 528
15 259
28 309
14 206
10 605
23 233
7 960
22 434
11 400
4 952
12 260
23 668
8 283
11 953
6 694
16 263
12 681
7 592
9 657
13 500
9 571
18 680
5 870
25 849
9 854
0 889
22 857
27 973
11 573
19 879
5 411
16 278
16 481
1 660
22 287
22 989
16 619
22 784
27 614
29 876
0 933
15 458
1 477
4 818
1 629
21 552
25 757
24 875
16 750
9 997
29 870
4 788
4 443
6 722
3 548
0 380
14 882
18 350
28 273
28 989
25 589
16 498
29 377
21 813
10 909
6 364
8 727
15 699
9 755
26 836
8 811
24 216
23 742
25 359
25 362
25 995
22 740
26 209
23 279
6 604
0 696
11 971
14 814
7 418
28 837
26 595
18 961
23 856
25 639
4 218
25 952
25 875
23 538
5 509
1 585
26 677
21 705
4 799
10 224
25 655
25 213
7 681
0 941
9 482
14 425
22 306
4 465
16 605
20 650
6 923
18 380
12 632
24 960
14 467
16 347
5 851
0 614
12 237
23 992
13 273
2 663
18 574
9 577
21 623
26 645
21 617
23 951
18 788
0 963
17 775
9 985
15 562
24 706
16 915
27 532
3 230
14 838
17 871
21 451
14 433
23 489
8 698
28 868
23 292
14 353
28 503
6 896
0 373
10 924
16 524
5 345
25 215
12 583
24 266
2 282
9 780
29 519
5 839
20 972
4 374
21 445
5 965
7 946
20 510
20 601
10 881
21 383
18 773
19 226
10 236
21 438
24 369
23 979
25 684
5 570
0 862
22 374
17 396
6 938
23 920
9 678
26 744
16 578
1 641
10 744
7 622
7 922
16 812
17 600
6 914
13 276
29 620
23 455
1 836
1 541
13 319
25 815
16 967
9 444
5 678
16 224
28 706
22 521
11 756
5 574
12 726
25 533
29 650
13 703
25 811
14 427
6 546
16 449
29 634
11 878
29 647
22 925
15 888
29 978
15 551
16 457
26 623
22 981
3 974
0 273
27 746
29 602
11 593
28 686
12 320
28 917
14 567
3 680
7 616
28 447
8 991
3 365
28 207
14 708
27 410
28 600
20 416
7 809
7 984
8 897
14 998
29 325
14 335
25 369
20 523
0 239
6 475
24 345
23 313
20 223
2 976
23 566
2 435
19 355
23 693
7 821
24 997
11 341
11 380
5 535
13 616
19 635
22 228
5 531
3 222
24 507
6 314
16 748
20 748
25 657
2 354
14 894
28 306
27 991
25 242
25 394
2 265
8 590
10 359
7 826
11 227
5 669
25 495
25 762
22 900
1 489
25 270
28 550
15 974
6 843
4 462
23 251
13 687
17 551
29 298
7 932
3 882
8 382
1 702
18 696
15 525
26 960
21 850
17 942
17 879
11 494
2 878
15 775
27 980
10 362
12 255
19 838
28 550
12 548
2 394
24 703
16 586
20 502
24 284
2 287
29 746
27 537
18 774
28 424
23 561
26 284
2 432
11 967
11 548
29 641
11 819
7 842
7 728
14 807
1 462
19 905
24 995
24 999
14 283
0 483
21 723
21 389
29 759
10 697
15 514
17 251
25 365
25 287
3 579
15 969
21 820
2 234
7 369
6 525
20 203
10 534
11 974
24 321
17 617
21 816
26 332
2 965
11 862
5 201
8 735
17 797
29 403
18 473
23 654
17 908
25 792
16 790
8 384
22 624
9 832
8 455
26 584
2 717
9 696
14 831
23 794
21 567
8 474
28 789
15 816
12 677
11 612
28 398
9 844
21 970
7 364
7 865
20 885
16 515
22 244
2 757
23 310
5 882
17 308
25 541
17 439
4 375
0 911
18 903
2 748
25 351
24 670
4 640
22 804
27 785
20 360
15 203
15 400
28 299
25 646
7 272
23 319
14 265
11 673
0 776
11 670
3 224
19 741
16 208
16 235
16 321
11 314
20 982
27 640
18 388
17 529
26 800
27 940
27 553
7 311
4 693
7 906
22 590
27 800
11 255
11 795
12 388
10 354
10 991
9 713
18 745
10 443
8 829
4 874
24 546
22 690
21 854
8 215
22 391
9 574
4 774
11 337
9 611
8 682
7 520
19 204
6 435
28 574
20 502
8 537
9 719
5 302
24 937
29 606
8 801
8 514
16 434
16 879
19 446
1 701
12 354
13 472
1 449
24 986
22 793
24 983
26 696
11 703
26 491
18 960
28 602
17 262
23 797
4 312
8 765
15 372
15 670
29 405
22 458
1 391
13 981
5 603
8 900
3 554
16 705
6 707
19 568
12 994
12 252
25 348
20 527
17 200
13 490
28 788
13 375
16 335
22 748
19 328
21 357
8 386
15 597
13 734
24 902
3 325
28 864
8 628
17 757
17 418
26 386
22 950
6 536
10 833
29 635
11 829
8 504
29 780
10 397
15 647
0 459
19 894
29 523
12 303
20 319
15 864
17 538
20 634
21 478
5 693
4 869
27 561
19 250
16 745
18 855
25 800
4 947
18 703
8 718
19 642
27 273
3 673
6 775
4 306
27 958
15 538
22 999
5 873
11 509
10 957
7 515
22 819
21 509
20 735
7 984
22 722
18 953
20 359
6 496
0 998
3 295
26 933
18 394
10 359
17 561
7 592
24 423
13 650
29 537
13 544
2 389
9 976
23 822
15 900
7 273
19 586
5 210
0 984
28 854
8 835
14 436
15 609
3 858
23 229
13 717
15 217
22 960
27 745
0 773
0 506
5 276
29 327
2 490
2 643
2 797
20 372
25 565
18 389
12 296
25 269
1 964
24 530
20 755
10 602
0 785
27 493
25 849
27 274
11 990
14 683
12 705
3 642
21 612
12 977
18 643
25 556
22 750
19 485
8 596
23 370
1 648
24 674
28 267
24 522
1 248
29 393
23 477
26 565
5 507
29 666
10 629
0 535
27 904
27 238
17 259
27 745
26 357
13 365
19 910
5 276
7 347
4 223
7 475
29 276
14 676
11 685
7 386
15 891
10 215
8 382
10 230
27 203
28 505
18 701
6 486
29 860
28 494
18 205
23 350
3 812
23 950
11 432
4 526
20 729
27 256
21 418
5 476
4 844
13 871
19 889
9 622
11 772
12 989
3 423
17 903
17 901
1 996
17 477
23 542
23 451
0 437
16 772
11 833
28 922
25 209
23 482
24 213
25 993
29 870
6 287
11 762
0 428
3 385
14 900
1 337
26 765
20 245
22 824
27 506
0 476
28 431
22 508
24 909
25 320
14 914
10 891
24 943
18 267
8 206
15 876
8 329
18 240
19 929
5 261
9 706
22 391
16 768
22 261
25 392
22 406
19 406
19 222
28 990
29 530
13 489
10 570
11 522
15 989
16 790
2 855
9 837
23 929
17 754
14 688
29 883
11 346
19 910
14 290
0 739
27 347
0 687
21 516
28 247
16 960
4 208
13 787
15 826
13 298
28 367
28 852
26 275
28 369
15 485
6 900
24 642
26 519
7 859
6 821
16 296
25 227
6 890
8 936
17 739
6 792
5 244
25 911
28 688
24 342
20 541
14 441
28 622
8 608
12 408
6 973
6 624
6 373
24 777
23 598
3 954
11 347
7 469
7 260
19 829
2 495
3 634
15 809
12 958
18 741
3 922
19 857
26 536
4 265
0 767
10 570
5 243
23 588
17 453
9 988
14 635
20 365
24 873
0 914
13 341
23 687
15 790
18 957
21 731
19 219
25 536
24 736
5 715
0 379
2 420
28 503
4 520
27 991
3 456
24 615
22 543
25 500
26 997
0 994
20 224
20 757
10 829
16 343
18 345
23 999
26 260
2 454
5 651
17 894
0 755
12 692
27 556
26 361
25 900
27 262
20 492
19 802
8 812
16 874
6 377
20 251
2 843
20 857
28 420
13 564
25 662
15 773
12 390
2 865
26 993
16 385
17 399
23 633
11 502
14 956
26 248
4 755
23 1000
12 416
16 358
15 461
22 649
20 429
26 909
5 741
29 913
16 698
25 969
21 750
14 452
19 821
14 351
4 432
16 994
1 519
22 469
15 222
1 359
2 767
9 942
23 254
18 907
20 390
24 595
9 944
25 485
17 958
18 715
12 479
28 422
4 365
28 516
3 673
10 493
19 756
8 253
23 754
0 901
14 449
18 202
12 772
25 236
6 574
3 491
0 470
2 832
11 682
14 748
27 767
15 530
18 684
16 830
4 582
13 207
4 952
12 240
