2000
27 638
10 911
16 441
14 391
22 781
10 671
12 807
3 975
22 785
14 850
2 634
12 949
17 914
14 818
28 321
8 420
4 774
23 854
4 891
18 347
19 483
5 962
21 423
7 410
9 859
6 484
15 610
21 230
16 305
9 412
16 900
18 464
0 607
22 251
9 434
6 721
7 704
3 660
23 842
8 391
16 307
15 932
29 283
19 411
22 447
11 734
27 803
20 458
20 823
16 782
7 762
26 218
23 646
29 910
2 575
21 242
17 320
3 256
11 734
12 762
5 622
20 747
4 607
8 718
11 244
17 530
11 278
16 723
5 360
8 317
5 627
8 754
8 912
22 689
9 414
8 435
23 709
12 215
10 456
3 879
16 712
28 545
6 924
13 952
29 920
1 208
16 277
17 312
26 731
24 265
23 578
20 282
8 543
12 635
19 786
18 545
25 281
22 603
11 973
11 292
28 622
9 442
11 592
23 464
29 661
28 868
24 723
10 272
12 776
0 514
12 817
4 704
0 508
12 368
7 789
20 925
2 636
29 915
12 608
25 974
15 944
28 809
19 749
13 357
27 459
23 549
7 409
28 484
8 282
19 415
26 449
18 493
3 739
3 464
1 659
13 905
16 668
13 852
17 781
4 407
26 859
27 635
2 828
24 327
17 963
10 296
14 748
29 943
18 462
10 502
24 773
12 916
12 597
13 892
3 961
12 401
13 918
18 890
10 784
9 748
25 693
14 590
3 750
27 470
10 959
28 573
2 870
16 753
16 226
1 228
18 305
4 728
7 652
1 720
5 637
11 464
9 276
4 846
3 372
0 560
3 404
22 933
20 581
17 964
4 838
1 444
24 862
14 519
2 357
6 466
7 895
21 729
2 784
27 848
25 466
8 797
28 572
24 306
19 987
29 202
21 573
9 316
2 665
9 269
4 991
26 974
10 927
10 844
25 889
18 998
28 421
21 455
8 568
5 540
0 565
29 959
26 823
23 562
12 358
18 876
26 465
17 651
12 481
19 607
21 750
8 507
2 295
4 630
11 216
25 935
1 590
3 678
7 501
21 548
20 990
14 559
17 963
8 270
19 265
6 773
21 409
23 715
14 220
7 416
22 638
28 484
26 208
19 801
28 738
8 810
0 544
0 456
28 676
20 296
14 294
2 535
18 441
4 903
7 832
6 980
3 210
9 404
22 342
14 598
15 767
8 821
7 697
1 314
20 552
17 454
8 850
19 276
18 582
24 546
5 943
27 922
5 722
19 509
14 827
2 497
24 206
16 458
27 717
2 531
14 660
0 591
27 245
29 869
10 306
22 342
23 390
7 560
5 528
27 992
6 564
26 739
20 983
10 848
19 605
11 339
15 592
28 332
18 287
18 976
1 840
2 457
5 231
26 900
8 401
4 358
4 683
26 731
23 453
21 673
21 207
1 452
15 574
21 841
0 701
8 719
8 385
22 518
0 708
15 663
6 255
19 795
12 971
5 649
9 981
5 250
23 959
17 282
9 462
9 458
13 771
6 988
28 940
21 555
15 950
18 350
10 594
2 256
17 624
19 292
6 529
27 836
27 707
21 940
25 772
16 311
0 552
13 539
7 294
16 731
29 902
10 606
17 856
18 924
18 572
22 215
25 559
22 732
19 201
21 941
27 921
11 822
5 319
9 926
2 557
16 225
14 849
14 340
6 448
16 719
4 234
22 926
21 447
26 775
18 940
6 556
11 901
1 664
17 613
20 319
19 850
3 462
11 216
3 472
10 341
11 534
14 814
9 444
22 690
18 782
17 649
15 248
15 406
9 686
0 288
9 462
17 970
10 839
28 460
16 400
13 484
3 470
28 726
24 801
26 322
2 284
0 893
18 963
18 417
20 628
28 757
7 676
6 920
5 343
29 769
4 940
4 814
0 989
29 771
13 974
25 656
17 559
11 981
10 769
14 569
16 712
11 977
6 307
3 575
0 609
8 996
14 816
22 663
10 454
0 995
4 792
7 750
10 256
27 599
14 223
15 911
16 967
13 507
27 445
2 821
2 627
4 832
9 314
23 697
17 486
10 400
20 616
24 385
29 963
10 774
22 617
9 295
9 656
5 530
24 233
22 558
26 353
12 869
27 875
19 633
4 357
5 844
6 477
24 747
27 611
7 245
29 561
9 498
1 327
1 603
17 642
28 364
29 487
17 326
5 446
29 580
28 302
26 465
9 865
7 354
24 497
17 501
4 781
7 819
12 888
13 451
27 332
17 447
5 511
15 896
23 650
2 859
4 468
1 852
5 834
24 868
6 335
25 902
2 249
9 515
28 851
10 273
12 312
7 864
20 975
0 659
3 926
24 434
29 896
22 660
12 541
20 804
28 247
5 896
17 492
3 341
5 929
28 663
16 879
14 574
15 974
14 767
11 454
23 351
11 999
24 395
21 824
1 815
19 278
14 652
22 830
25 335
17 395
5 615
3 379
9 605
1 708
1 748
3 667
23 697
27 343
20 923
29 777
10 585
22 824
13 490
27 951
22 432
3 429
20 975
27 867
20 495
13 221
5 584
15 627
18 613
6 611
8 832
22 319
22 451
9 775
18 360
23 725
13 472
27 583
0 213
22 257
13 534
10 494
9 709
12 704
24 768
19 548
23 945
3 631
6 756
23 624
16 339
2 239
9 563
18 891
6 305
19 704
2 985
6 898
20 267
7 652
11 395
3 590
17 522
27 538
10 456
28 669
24 378
19 446
6 983
7 296
6 793
8 525
22 683
26 941
14 549
26 978
22 518
27 795
14 291
15 391
13 646
23 311
23 879
29 359
17 481
5 216
9 621
21 688
8 292
10 212
9 586
22 478
16 320
1 824
14 655
15 619
19 981
9 303
17 834
23 446
29 786
12 672
18 735
5 487
13 411
4 803
18 756
28 239
3 445
5 443
19 616
14 745
14 847
19 656
2 589
17 229
8 835
6 668
19 206
29 873
9 595
0 830
8 995
25 654
20 794
21 651
28 884
16 744
3 681
15 421
20 556
18 823
17 322
11 301
9 432
18 834
9 923
5 591
18 689
7 542
17 771
22 380
6 387
11 407
2 698
19 769
11 567
7 975
10 334
28 652
1 274
14 544
17 414
18 969
11 906
15 305
17 633
24 347
10 442
11 997
22 647
14 962
25 246
16 312
16 932
5 375
3 542
6 594
26 846
3 366
29 329
8 489
16 768
2 708
10 682
25 336
19 815
12 311
16 201
21 610
27 244
26 660
15 712
19 221
8 355
4 729
16 774
16 438
9 334
11 648
20 437
8 597
27 778
1 747
14 472
11 929
23 349
26 422
6 414
18 576
15 532
13 247
5 953
23 755
22 348
12 489
23 902
3 263
22 662
1 954
15 915
23 855
5 522
6 258
9 982
7 368
6 462
4 769
2 786
16 796
28 652
5 861
22 446
7 388
14 658
20 529
28 778
16 826
7 722
0 799
24 776
9 921
27 495
2 827
9 767
22 820
24 631
8 358
4 990
15 756
8 598
16 414
21 990
1 723
5 387
16 653
10 909
29 451
9 203
5 249
24 952
6 299
29 899
20 641
4 893
9 725
17 448
6 664
23 391
9 901
1 542
20 298
17 710
9 496
6 295
3 486
25 784
6 623
0 217
18 206
18 383
15 767
10 963
14 537
29 604
17 617
19 536
12 509
21 988
27 255
10 827
8 267
26 640
2 624
20 699
14 778
2 709
7 467
14 735
10 206
2 654
12 253
0 315
26 268
29 839
4 652
24 648
25 582
12 980
20 981
4 802
12 376
14 561
9 314
5 838
28 529
15 212
1 358
21 720
19 604
17 974
14 512
14 584
4 887
22 244
24 913
5 907
16 622
29 746
21 421
3 412
19 665
11 931
10 347
14 508
27 908
1 929
1 596
15 594
8 793
14 908
23 948
15 457
22 385
18 231
9 660
6 920
11 943
3 310
21 203
6 750
12 276
5 714
16 215
29 359
5 287
8 506
18 917
10 542
19 975
17 822
6 427
14 266
29 598
16 537
29 969
10 371
24 299
13 675
23 600
20 588
27 203
26 915
27 811
7 844
19 253
3 526
0 640
7 407
1 862
28 368
6 780
23 964
1 593
19 613
3 921
27 538
8 519
21 651
12 314
6 798
14 772
23 371
21 417
5 912
19 823
4 597
2 418
17 947
6 204
26 591
22 365
23 714
20 270
17 768
21 375
22 226
13 471
17 506
21 699
10 647
22 993
9 807
1 399
8 893
25 662
12 281
16 684
11 478
0 950
27 639
6 887
28 418
24 993
6 271
2 261
5 585
4 725
16 372
26 422
12 319
10 818
10 630
28 342
13 423
24 965
20 951
9 479
3 790
7 315
28 706
3 733
11 506
29 751
10 959
0 597
11 476
7 465
8 460
8 218
5 242
1 547
27 886
13 386
18 507
4 379
0 911
11 858
2 868
3 647
10 291
6 832
28 212
10 605
26 408
15 363
21 890
7 764
25 315
1 690
25 772
16 674
3 494
17 296
7 302
29 765
17 937
14 238
23 352
4 801
8 665
4 426
23 428
6 513
17 521
16 334
5 586
5 670
23 735
27 765
5 955
7 329
17 467
28 844
0 245
21 262
15 348
11 748
8 365
13 260
5 363
1 979
20 517
9 588
27 701
25 324
29 714
0 655
17 918
7 572
29 346
18 814
10 533
21 238
7 437
25 790
16 698
23 546
13 264
28 538
5 333
15 806
17 713
12 642
7 350
4 637
23 666
29 264
21 245
28 858
27 314
26 787
29 739
2 902
12 288
2 994
26 801
14 731
19 575
0 385
9 230
14 768
24 846
15 371
9 379
24 395
17 396
14 809
15 502
17 454
17 806
24 728
27 983
14 825
1 922
20 282
16 583
22 407
13 336
5 814
4 353
2 824
21 219
4 782
2 641
19 640
22 816
20 279
22 278
25 661
7 554
23 809
29 253
24 488
7 360
2 363
24 672
14 531
9 593
18 571
3 906
22 594
26 626
7 201
7 223
2 343
29 842
0 761
17 741
7 486
0 700
4 759
8 745
23 942
15 881
16 669
1 465
2 757
1 932
27 757
0 242
19 463
23 223
4 499
23 557
13 242
8 521
1 942
0 967
13 928
8 249
24 432
1 438
18 576
13 315
10 886
29 827
7 424
23 983
14 274
9 801
0 275
1 574
23 804
9 833
24 763
18 478
7 985
4 234
12 791
28 540
4 690
19 469
28 835
12 725
8 585
2 227
4 925
4 535
9 390
21 720
23 886
9 479
27 357
10 817
11 784
12 998
8 740
11 568
5 653
17 447
11 201
21 976
13 647
17 788
14 478
13 725
1 235
21 973
10 516
17 491
11 326
15 991
3 434
22 454
26 889
15 713
21 435
19 779
24 353
16 950
11 332
2 238
25 874
0 935
18 991
3 857
17 283
27 787
21 453
17 971
12 378
21 774
8 649
16 527
3 366
20 459
28 408
25 798
3 914
26 987
23 228
8 809
8 379
27 288
10 256
2 726
22 864
1 613
14 310
16 361
0 227
29 311
15 433
5 211
2 469
29 699
5 575
22 683
7 411
29 649
26 941
9 961
2 604
4 336
19 533
23 529
11 455
22 246
17 203
11 784
20 230
19 303
15 342
14 782
16 853
29 525
15 915
27 416
11 866
26 582
6 616
0 648
5 286
8 795
13 944
18 247
7 778
26 747
12 302
10 322
21 257
22 471
1 346
29 314
5 466
10 740
11 612
22 770
26 979
12 644
8 692
17 773
25 537
21 237
6 439
26 350
8 992
13 874
1 659
18 207
11 236
29 860
8 464
13 298
18 326
1 326
23 426
22 558
9 614
25 664
8 753
10 864
16 283
10 863
9 245
3 478
4 969
15 777
5 207
13 466
16 447
21 736
5 713
25 238
4 570
0 782
15 792
1 768
28 693
11 313
8 608
9 699
24 689
23 216
27 895
1 847
4 591
26 325
12 398
1 922
17 491
10 331
28 436
7 357
9 739
17 706
26 763
25 977
4 824
9 413
16 949
29 773
9 264
0 480
9 216
15 658
1 837
0 897
23 243
27 784
24 794
24 831
29 901
19 450
29 740
20 289
15 763
29 417
8 555
23 722
3 634
15 762
4 749
22 817
5 268
9 773
24 845
27 257
15 784
10 665
11 333
7 264
11 248
12 482
24 600
28 212
20 445
15 901
9 1000
28 312
13 442
15 674
25 992
28 639
23 941
17 315
18 815
0 438
10 499
22 768
14 534
22 605
13 888
18 921
6 786
22 248
12 589
15 530
1 364
16 577
16 798
4 503
4 336
24 989
17 680
20 691
15 946
22 805
11 288
14 769
6 506
4 555
5 614
24 970
9 427
22 890
25 971
28 200
4 237
0 496
15 908
24 692
5 226
19 786
27 861
5 763
18 832
3 354
27 528
20 482
0 863
1 438
18 651
23 209
5 416
10 360
1 739
22 831
27 233
19 899
10 685
18 210
8 862
3 645
7 258
24 368
21 510
20 340
3 298
5 450
18 340
0 962
19 884
12 544
4 692
4 395
9 341
19 715
13 351
6 469
8 506
25 615
18 324
20 407
21 809
8 898
24 574
21 537
12 869
0 875
29 320
7 586
29 281
1 942
7 226
14 720
12 228
3 545
16 609
6 463
21 539
4 978
22 581
18 253
9 742
15 690
1 556
16 991
17 281
28 617
26 927
20 673
16 591
19 505
1 524
18 364
13 377
14 611
16 650
3 279
4 272
17 235
3 546
11 405
4 762
6 266
11 232
5 449
26 618
18 387
27 341
16 940
15 809
29 298
25 514
20 701
20 320
22 964
18 532
8 443
3 790
20 242
4 221
21 964
12 585
25 261
21 563
7 508
27 601
17 347
28 412
23 223
8 487
24 964
21 685
23 868
2 659
5 237
2 585
17 719
27 332
13 748
5 948
3 227
6 319
6 767
8 636
8 753
8 227
23 256
21 880
17 271
6 855
28 597
5 461
26 713
17 631
24 227
21 547
27 332
24 925
26 959
27 527
22 268
8 305
28 497
23 911
15 953
28 626
16 223
20 943
0 468
24 421
9 810
19 200
0 433
26 382
24 798
24 960
1 554
7 624
17 998
24 672
8 472
2 413
25 693
0 759
20 530
26 699
20 520
6 395
16 582
15 663
9 588
17 588
7 921
18 313
14 650
6 804
20 583
10 443
18 210
21 240
11 330
6 827
28 545
0 556
18 950
23 661
16 813
4 572
23 355
24 262
11 908
14 381
8 696
8 423
29 216
1 946
6 222
13 829
19 947
3 291
10 475
17 361
19 308
27 495
9 416
5 419
17 702
17 718
1 958
20 508
15 620
12 591
25 498
2 622
8 334
23 375
29 955
28 505
15 456
29 714
22 395
10 373
14 859
22 906
28 576
26 669
2 452
20 269
13 334
9 314
1 731
14 731
29 754
13 330
11 292
6 546
2 435
2 321
17 923
0 486
5 388
23 531
27 533
8 762
19 204
24 347
23 596
2 671
27 230
23 835
9 812
5 970
11 656
21 684
11 458
8 503
20 967
16 577
18 626
11 678
8 796
20 543
21 505
22 271
13 871
26 850
7 689
3 405
3 763
10 325
5 581
21 573
26 794
1 496
26 809
9 403
9 394
28 441
29 738
7 822
7 792
9 707
14 263
15 429
0 367
3 561
1 647
27 476
8 696
2 972
24 323
0 224
6 881
14 803
6 239
4 655
4 911
19 755
29 819
5 915
14 1000
5 758
17 559
5 463
3 947
9 808
11 782
22 251
29 320
2 626
5 602
8 288
23 832
27 945
9 444
3 851
23 664
16 216
28 934
25 563
0 908
11 720
19 325
27 445
18 730
24 340
3 737
23 560
10 257
1 331
20 653
22 221
9 684
24 378
28 706
4 716
24 974
26 930
18 258
4 787
2 558
4 883
12 627
25 810
14 645
1 888
21 551
8 415
15 712
9 692
8 442
14 495
2 465
1 854
10 897
3 888
29 893
3 467
1 212
8 347
21 224
11 997
18 484
29 537
15 519
18 891
29 815
14 965
10 408
21 969
29 888
4 209
15 887
17 218
28 932
25 617
23 787
17 347
6 220
9 842
23 967
4 621
17 427
9 388
8 808
4 333
8 918
15 790
5 503
11 385
24 459
29 963
26 954
11 361
26 482
12 815
8 546
0 821
27 287
8 750
18 406
11 559
3 461
29 443
11 756
22 207
23 707
7 359
18 709
18 956
4 419
23 760
13 296
11 531
6 853
21 484
3 487
10 255
16 642
25 621
19 751
6 265
11 399
6 595
2 917
6 339
14 673
2 307
12 793
28 278
24 685
1 430
3 373
21 815
22 853
23 554
1 813
6 731
22 935
11 454
19 631
10 737
22 764
6 617
1 546
23 597
15 500
27 495
19 944
12 445
7 331
6 656
3 668
18 258
7 312
21 323
10 539
17 860
7 861
1 849
24 772
27 222
7 287
28 651
22 375
14 413
2 232
8 289
21 441
27 968
8 200
11 772
1 402
0 236
12 654
5 931
21 943
16 390
27 409
4 957
14 556
25 404
29 778
12 673
25 259
26 572
29 449
5 637
27 627
11 980
21 262
12 334
15 562
5 716
5 818
28 990
20 973
21 446
0 287
28 826
23 278
26 255
6 229
23 661
12 684
14 991
9 534
21 348
10 316
20 650
13 461
19 253
6 631
11 350
2 248
19 248
5 844
13 349
12 463
26 481
14 971
16 290
1 988
14 913
11 859
10 893
23 500
14 916
22 840
17 546
1 458
22 359
18 364
4 678
9 598
10 1000
3 747
8 666
0 717
1 688
2 919
12 956
2 725
15 638
17 544
24 206
4 455
14 240
9 830
14 282
6 466
6 248
18 369
20 548
27 570
28 889
0 962
5 696
22 781
21 899
26 904
17 684
3 379
3 670
13 498
28 964
23 723
21 931
18 734
19 633
14 282
7 558
26 361
27 997
4 297
22 508
22 892
17 299
13 380
7 829
