2000
2 626
4 954
28 568
10 285
4 457
29 881
29 624
19 828
7 289
18 375
10 925
4 357
16 640
22 954
15 367
0 862
24 976
14 223
23 374
23 580
8 952
10 925
27 395
1 827
26 387
20 917
7 459
12 424
1 282
27 828
10 479
0 413
19 388
4 893
15 643
2 507
17 271
14 645
27 810
22 884
11 971
17 337
9 387
16 671
10 890
24 982
16 948
19 286
24 898
20 495
29 291
0 828
10 657
15 411
19 691
10 876
10 705
23 959
0 974
4 291
2 271
6 432
11 699
9 429
20 351
22 345
21 919
5 809
21 726
12 835
5 314
7 423
18 783
23 548
7 538
19 849
6 918
9 743
4 793
13 436
21 421
22 758
9 302
17 335
6 995
19 509
23 976
1 431
0 529
24 298
4 303
25 876
15 947
0 890
2 556
4 854
15 458
12 771
26 664
1 449
25 734
5 934
9 282
19 650
13 291
27 614
26 896
15 211
1 748
22 271
3 348
27 832
6 688
24 642
9 526
29 386
17 577
4 702
13 405
2 328
22 320
16 674
14 794
25 747
28 898
2 488
1 762
19 265
23 653
10 755
29 792
10 467
5 613
8 251
22 311
1 204
25 945
5 823
6 524
10 596
19 756
10 569
2 927
11 629
15 748
4 221
20 786
8 717
23 579
12 904
16 959
23 511
17 829
1 574
17 391
14 507
23 465
13 937
27 361
23 416
12 268
4 862
16 769
29 296
26 562
7 424
2 348
17 436
24 407
3 302
27 659
14 933
5 285
13 279
11 762
3 395
7 524
2 256
7 438
3 879
25 454
27 266
3 202
14 404
19 774
9 896
3 460
20 630
20 276
14 688
5 306
10 512
22 622
9 835
0 709
2 928
19 738
12 344
25 478
8 798
8 516
23 911
26 533
1 294
8 985
6 473
19 774
24 750
25 947
4 839
14 277
1 575
28 736
20 212
21 315
18 314
28 455
15 288
12 395
29 552
0 236
18 664
10 684
1 436
11 259
17 736
22 391
23 983
16 472
15 818
11 855
0 482
0 689
23 221
23 688
14 402
13 696
15 382
16 380
27 809
10 420
21 569
6 313
15 622
21 242
20 591
10 628
7 277
1 655
17 670
6 948
12 791
20 705
21 755
17 393
28 954
26 887
1 815
25 649
6 822
3 524
1 407
17 594
1 553
14 880
10 333
24 853
6 684
8 351
7 418
7 280
12 355
6 827
19 901
28 561
24 282
20 818
25 742
7 540
6 238
6 476
21 256
17 470
0 210
25 646
26 968
9 943
28 436
10 567
12 889
28 704
16 350
6 303
2 266
28 221
4 639
3 813
4 585
6 956
26 919
11 965
29 747
17 639
25 574
13 912
8 955
12 884
27 712
14 945
29 288
14 785
27 288
28 956
9 345
21 311
17 409
24 642
15 437
18 702
12 643
3 401
29 499
19 643
23 519
17 291
15 798
18 282
15 489
10 945
1 443
22 723
6 608
29 606
1 315
23 891
9 423
11 280
0 305
5 742
25 508
26 434
10 632
14 645
2 559
25 428
2 976
9 297
9 518
21 449
18 372
3 279
14 830
12 548
9 705
15 807
16 209
11 604
19 217
7 950
1 302
4 948
16 439
23 785
29 742
2 591
0 869
27 845
20 961
29 444
4 649
22 992
19 465
9 293
18 660
16 926
9 201
18 745
18 990
23 328
18 682
28 308
21 641
3 558
6 725
5 559
16 357
11 756
17 332
16 681
22 636
14 965
3 386
25 819
24 310
29 640
13 570
6 574
15 702
28 953
28 369
0 371
25 680
2 639
27 989
5 757
2 841
15 671
3 557
4 869
1 285
11 330
14 838
4 993
0 814
4 676
0 517
7 921
28 892
10 972
10 606
18 815
25 806
20 224
10 971
4 509
0 331
13 996
29 504
5 666
8 770
26 213
11 572
6 862
25 877
14 924
25 537
22 342
20 755
17 926
17 484
2 267
9 970
14 267
22 725
29 425
16 379
21 544
22 863
26 751
19 496
14 712
28 678
9 906
9 523
12 680
5 207
4 484
14 497
29 658
29 785
1 234
18 986
5 991
26 233
19 875
16 706
6 890
11 709
16 310
8 961
23 616
6 208
13 644
15 679
3 236
1 409
22 347
20 524
17 862
25 534
24 951
24 997
2 674
12 802
19 638
10 572
20 791
0 584
29 850
7 887
20 229
2 978
3 993
9 676
7 575
10 489
28 850
18 422
17 450
10 352
7 287
21 751
28 479
11 485
16 338
2 863
22 277
0 429
22 577
14 552
29 726
3 955
9 352
21 872
27 750
23 754
12 726
14 966
18 521
20 709
29 477
10 535
21 925
18 545
2 905
28 392
26 661
20 795
1 235
13 700
24 622
22 291
26 573
11 510
27 680
29 371
20 289
3 221
23 794
18 927
1 792
17 368
12 755
7 209
18 921
11 988
25 281
10 638
21 261
9 586
26 758
13 669
19 647
2 266
5 414
27 459
12 263
16 394
23 532
20 586
20 916
12 508
22 842
2 612
21 926
19 340
21 813
20 827
26 221
14 844
12 906
15 353
28 256
3 448
0 942
14 790
25 408
3 894
8 812
10 594
26 520
13 801
24 485
17 803
28 723
20 856
21 998
7 378
12 485
7 531
28 347
10 290
2 589
28 598
11 383
5 604
21 505
21 770
16 240
17 242
25 611
12 743
24 219
4 805
4 646
12 372
7 759
3 719
18 839
20 819
23 744
29 682
21 526
10 671
22 838
8 668
13 422
21 239
21 555
4 986
5 512
1 345
5 547
13 863
4 595
25 488
29 753
16 242
9 225
27 298
22 821
23 244
16 857
28 742
21 568
8 822
29 875
5 713
13 213
28 688
4 271
24 425
29 267
27 709
21 619
22 758
24 562
16 790
27 836
2 241
4 626
14 264
23 604
4 913
5 508
21 825
25 610
20 757
3 411
19 325
2 392
29 989
14 849
26 997
13 957
26 496
9 463
25 642
0 940
16 901
9 368
13 994
4 627
27 785
13 713
26 840
24 727
13 892
28 710
14 632
3 293
2 415
10 477
2 633
15 712
12 317
16 559
19 599
27 217
17 284
17 800
2 433
7 363
11 335
8 903
29 515
19 912
29 361
14 523
26 617
21 593
12 563
13 236
28 517
3 863
4 616
4 540
29 993
16 280
22 921
27 586
13 384
16 857
16 829
18 347
9 963
21 503
28 287
13 910
7 317
17 200
4 956
11 865
13 254
13 793
17 724
21 317
9 414
21 981
12 643
17 610
11 534
11 494
24 246
3 279
1 511
10 375
17 340
0 419
0 860
26 751
28 838
18 554
9 424
9 563
24 734
23 883
9 871
4 878
17 532
24 966
22 372
7 365
8 626
5 805
0 706
25 814
29 430
1 639
14 876
16 937
8 480
10 637
12 773
0 482
14 480
13 544
16 484
23 394
12 511
16 267
14 725
24 950
0 609
2 792
5 766
18 484
16 449
20 350
29 508
8 765
24 286
3 703
7 256
11 541
3 560
16 877
18 392
23 400
25 878
29 854
23 871
29 970
16 302
1 728
3 394
19 902
19 259
6 442
26 934
28 648
21 908
9 601
26 623
24 784
25 641
5 736
17 735
18 314
6 650
23 989
25 702
14 863
14 652
0 751
5 270
23 346
24 973
10 478
26 676
15 423
25 434
6 990
17 630
7 547
13 949
7 205
22 622
0 963
4 486
26 878
16 465
26 927
29 854
6 593
0 238
14 540
27 945
1 738
13 920
3 713
8 898
1 600
12 329
6 738
25 711
25 383
3 620
10 620
5 532
21 406
21 456
15 691
11 318
2 265
23 396
11 862
1 797
22 926
7 826
19 551
28 742
19 942
6 966
27 879
23 588
5 272
22 713
22 797
16 662
17 697
0 207
0 493
16 782
10 229
13 578
28 957
22 515
15 582
16 502
1 674
13 232
11 200
11 556
4 278
25 555
27 277
5 367
4 619
24 818
28 453
24 804
24 329
10 409
24 317
28 943
13 338
24 516
28 340
15 415
24 421
4 361
0 513
15 335
2 403
7 570
13 393
6 825
13 356
18 704
19 544
17 941
21 813
11 991
22 262
24 493
29 523
21 888
6 661
18 363
2 951
5 808
27 853
26 403
23 344
15 965
28 452
26 690
13 392
7 396
6 432
7 799
26 878
27 426
10 947
5 905
28 301
12 468
13 788
14 547
23 892
4 616
4 258
14 979
21 903
4 894
7 205
29 577
9 664
26 346
3 593
11 514
18 823
19 258
19 760
8 726
9 463
10 835
15 753
6 997
17 745
18 555
29 226
8 688
12 250
4 878
21 982
14 482
7 972
13 307
8 266
21 541
27 534
27 873
0 715
10 282
6 389
15 342
3 621
14 545
25 810
3 270
1 830
15 645
5 249
22 412
16 790
20 529
24 844
19 802
11 820
6 633
26 612
2 592
12 985
29 360
15 969
24 583
15 348
26 454
9 200
28 686
17 704
11 966
24 441
26 379
6 254
11 275
10 315
16 905
15 449
26 604
17 648
19 659
18 813
23 254
27 665
12 274
18 894
17 574
7 352
0 707
17 427
3 792
6 394
3 316
6 246
10 360
27 670
8 563
7 467
12 958
17 780
27 422
28 534
0 235
15 805
5 373
20 856
18 452
24 666
4 998
10 844
8 790
4 548
8 517
25 489
9 607
24 212
4 423
14 826
0 611
21 325
10 514
0 537
24 504
16 515
11 743
29 959
15 915
19 662
13 637
26 211
3 373
1 645
18 364
21 628
23 624
18 826
18 295
8 936
3 912
28 813
4 739
1 970
1 322
22 762
16 236
19 352
13 914
15 662
18 909
29 956
21 444
24 226
2 316
19 492
14 839
17 587
29 674
16 636
12 983
4 404
20 835
28 803
19 833
28 757
15 983
13 452
6 772
0 423
25 376
19 853
6 723
4 920
20 565
1 203
27 359
20 598
27 948
18 222
14 727
9 805
20 843
26 714
6 359
1 243
20 732
20 850
25 636
13 652
25 519
18 347
17 673
21 798
15 311
29 412
19 900
16 638
6 912
19 720
13 470
23 485
6 961
17 339
7 811
13 883
14 610
17 902
9 522
9 813
10 304
0 607
4 485
22 921
0 591
20 836
23 469
5 706
29 501
25 258
6 255
27 366
12 529
3 732
26 708
11 679
25 448
3 625
8 545
12 238
3 310
18 957
15 973
16 508
6 282
8 378
23 484
14 843
20 319
28 412
0 552
26 814
27 559
18 588
7 656
10 799
9 957
16 326
20 520
27 585
4 982
8 944
11 859
19 633
0 472
12 284
3 306
17 530
22 691
14 471
7 876
20 529
9 737
15 317
22 629
25 749
14 224
1 433
3 301
0 710
14 547
4 526
0 983
26 287
17 373
20 970
20 821
10 975
9 611
1 249
24 593
5 595
7 656
10 880
17 935
19 949
25 241
1 943
6 982
0 737
26 850
7 944
21 499
10 424
12 655
2 946
5 873
22 591
1 222
12 947
28 598
11 617
9 583
25 776
10 332
28 547
11 448
17 651
18 326
17 320
3 336
4 778
1 584
19 821
9 272
16 947
2 928
18 771
20 559
18 653
6 502
13 266
7 719
10 353
9 990
24 875
0 896
12 926
5 967
3 840
22 395
17 293
14 694
10 773
6 937
19 419
14 229
22 845
16 443
9 961
24 378
12 614
0 446
22 861
7 987
11 378
25 635
4 752
2 648
5 419
2 656
3 725
9 586
11 482
3 642
9 422
22 565
29 603
7 405
2 985
18 936
26 527
7 911
10 787
26 664
18 507
16 305
21 302
15 722
12 419
24 320
1 504
10 580
25 978
5 857
1 459
21 989
8 845
7 999
8 473
3 465
0 235
2 354
12 592
7 310
16 649
5 433
3 531
27 474
9 650
25 996
20 440
23 367
11 910
19 952
8 294
1 949
3 248
11 354
6 813
10 589
29 484
23 412
26 848
6 328
4 770
18 989
13 822
11 399
19 986
1 389
18 543
23 342
10 401
21 969
1 794
18 934
27 722
22 319
5 270
13 446
8 947
14 288
22 460
29 796
17 759
6 717
4 853
3 852
26 289
14 460
2 377
26 247
8 564
27 876
27 934
27 784
20 816
21 462
21 499
25 610
7 607
25 600
7 522
6 339
16 788
22 318
10 618
3 701
24 423
14 221
13 737
4 711
29 230
29 538
2 425
20 341
1 352
17 300
4 558
27 646
25 311
16 746
20 421
12 854
24 770
0 728
20 679
7 803
18 592
20 483
18 209
12 314
4 773
29 999
9 611
6 723
21 860
9 566
20 410
27 725
18 700
21 422
29 604
21 215
16 685
2 517
9 834
5 260
6 346
22 800
18 850
14 302
7 973
14 397
6 565
17 557
0 986
15 530
22 996
22 523
29 575
18 730
15 990
22 239
8 981
25 271
16 941
17 510
4 420
12 390
12 275
21 244
17 464
22 549
28 214
26 865
1 336
11 691
12 297
25 353
8 505
14 858
12 494
6 622
29 779
28 267
23 581
23 878
3 765
20 570
29 470
13 695
21 216
4 645
17 320
20 288
6 973
27 334
22 885
23 652
11 906
23 315
10 716
22 600
0 734
16 583
14 369
15 352
3 592
26 704
25 826
0 323
15 587
12 563
11 356
24 901
0 706
7 698
0 897
29 987
13 611
4 476
4 284
12 913
2 220
6 364
19 607
17 302
9 412
6 547
4 681
29 376
12 339
14 765
17 676
26 702
23 643
8 574
27 859
2 485
18 884
26 985
6 307
0 513
26 783
28 212
19 862
7 435
19 924
2 588
28 560
13 529
9 506
12 259
8 460
15 944
26 295
9 271
9 902
0 217
17 593
8 435
8 839
1 833
19 924
27 908
2 929
11 600
20 345
26 990
3 243
6 720
29 901
13 377
12 626
28 858
10 832
2 827
17 961
7 258
20 222
3 669
20 230
16 271
14 327
14 713
25 432
6 491
4 545
0 280
21 960
26 239
6 760
14 584
14 344
25 303
9 708
21 260
15 337
17 636
22 254
12 603
3 658
16 213
28 686
28 393
7 572
1 391
27 658
26 759
9 508
20 449
19 965
3 232
26 932
25 987
24 359
26 799
11 437
13 746
4 523
10 585
6 504
27 642
15 921
13 940
3 868
15 685
6 668
5 851
23 301
25 577
6 202
9 414
12 520
10 760
16 400
8 406
26 974
28 770
5 562
29 549
4 630
12 765
1 705
13 915
19 756
2 440
28 283
15 210
23 616
13 236
6 796
18 866
0 521
25 769
23 913
24 915
17 890
8 804
8 875
4 288
0 913
25 716
20 825
8 741
11 780
9 314
21 592
15 722
16 432
10 991
13 617
26 574
4 566
6 782
7 518
3 327
2 327
4 271
26 967
1 481
2 918
19 443
21 263
19 970
23 319
7 788
2 901
24 915
3 593
19 952
16 963
14 219
9 658
7 314
21 511
22 491
18 561
0 909
17 809
11 933
6 818
16 590
9 640
23 911
3 285
2 205
17 907
7 219
16 561
19 335
5 773
19 456
1 558
18 601
12 466
7 211
15 815
5 417
0 225
1 512
13 691
18 635
29 384
10 963
29 973
16 288
0 980
20 685
11 222
8 298
7 995
26 499
15 322
24 709
8 837
14 567
8 588
23 680
12 974
12 797
16 942
19 221
26 728
24 748
28 987
27 247
6 924
16 414
10 481
1 757
17 776
22 623
23 323
8 866
9 838
13 700
23 303
16 684
1 626
21 862
19 204
26 654
9 810
10 718
3 892
13 385
20 462
3 683
24 801
16 594
22 942
21 892
2 591
24 744
22 977
15 807
21 681
29 883
6 749
25 294
4 961
6 224
10 685
16 795
7 408
23 441
12 240
1 835
23 953
22 594
0 361
1 797
23 263
12 307
6 500
24 923
13 313
22 558
14 680
21 855
5 767
14 540
2 863
2 467
27 775
12 804
0 811
18 685
6 308
13 426
14 927
6 426
25 451
15 949
25 711
16 378
1 454
3 259
16 394
1 937
5 996
1 703
16 718
18 599
18 692
6 695
27 835
13 897
29 780
19 972
2 976
14 814
11 353
2 513
5 513
13 582
20 268
24 829
1 746
8 480
26 312
0 562
8 731
23 308
0 498
6 381
26 804
3 964
15 220
10 704
12 733
28 967
22 478
9 531
20 679
11 999
26 363
5 200
16 992
17 543
14 925
0 772
15 935
26 345
14 753
24 320
9 937
6 335
9 517
24 635
8 227
18 876
18 502
20 380
28 503
12 241
25 884
5 824
16 965
24 402
27 855
4 631
4 566
9 596
4 673
11 236
23 343
14 761
12 864
2 417
21 746
17 511
18 595
25 851
29 303
9 258
26 547
12 312
21 727
29 275
1 435
26 578
5 304
23 436
6 560
5 926
3 634
19 263
5 492
22 222
3 660
4 528
20 874
25 604
24 579
3 983
20 882
6 921
23 517
4 625
29 746
13 710
28 667
20 383
6 467
19 895
28 909
27 448
26 631
15 587
16 695
7 949
29 794
22 707
0 935
13 462
17 532
25 222
9 976
18 440
21 486
25 751
28 857
6 302
19 708
13 538
19 486
25 567
22 531
9 935
7 627
9 666
13 729
21 670
14 381
13 417
26 620
6 645
17 769
7 963
20 911
20 956
11 303
19 238
16 363
12 428
10 953
11 353
24 944
26 267
4 859
10 721
10 451
2 719
3 972
3 437
10 563
29 430
12 949
16 857
24 384
0 353
7 980
12 416
18 365
27 417
12 407
13 665
8 515
22 742
6 932
28 661
10 779
0 301
10 222
15 664
26 390
21 427
18 647
24 949
23 223
0 829
23 451
3 470
8 532
26 571
3 403
6 792
12 557
5 289
13 341
15 201
21 936
2 776
5 838
13 703
10 739
12 444
15 778
23 236
15 814
21 385
22 239
12 371
12 451
9 804
