2000
8 488
19 607
22 478
16 219
11 581
20 231
7 647
29 424
6 257
5 961
29 598
11 591
25 663
4 240
21 599
0 253
29 225
26 670
13 751
5 563
7 721
25 678
11 208
2 393
26 914
1 472
25 297
21 995
26 543
2 775
7 965
3 394
28 930
5 353
20 737
8 420
14 761
6 846
5 601
19 743
12 506
4 633
5 943
8 578
25 815
29 943
13 460
0 422
21 829
27 945
5 222
27 820
13 627
4 385
22 947
0 689
22 581
20 945
1 240
4 601
4 615
16 218
11 619
10 601
7 866
18 685
15 699
12 228
21 288
8 280
11 685
10 673
5 954
25 922
20 799
16 614
7 664
23 915
26 223
0 767
1 425
29 284
14 532
27 979
8 780
12 335
21 656
15 248
20 805
18 723
7 741
1 496
24 398
12 637
16 882
18 767
11 745
1 620
17 601
3 304
24 645
15 411
8 611
12 479
7 883
20 844
0 679
4 781
16 801
24 766
24 811
6 527
19 505
18 766
14 457
19 625
13 805
28 876
23 909
15 799
26 547
10 551
15 707
0 857
14 903
23 829
5 384
11 655
28 237
7 445
2 485
28 613
26 702
21 483
21 954
17 954
12 864
17 516
15 330
19 298
16 842
27 588
22 346
26 973
23 848
12 281
28 457
12 590
10 737
7 217
29 905
18 727
26 515
28 632
20 353
25 351
17 546
18 933
4 360
26 464
9 248
22 549
11 475
15 251
28 837
8 840
28 326
21 596
11 996
0 979
3 459
16 260
10 279
24 938
18 809
9 651
4 209
8 286
29 720
20 973
19 664
12 408
2 818
8 395
26 543
16 340
6 500
4 221
29 326
20 337
4 601
6 843
12 784
24 557
23 628
13 723
27 993
18 604
18 848
6 642
2 942
16 473
16 600
9 224
13 894
2 439
5 838
29 924
25 269
25 520
3 989
7 597
17 567
21 939
15 824
28 283
11 438
14 842
22 377
7 497
9 462
15 993
0 488
27 891
4 343
28 273
20 885
28 341
17 291
19 420
15 713
15 686
18 580
22 958
18 631
10 835
10 228
22 220
16 926
0 584
15 541
20 290
3 888
18 635
1 579
20 659
3 480
23 647
14 576
14 549
18 971
1 852
4 765
19 467
24 698
28 870
16 631
27 958
13 897
2 202
12 911
25 613
9 308
8 367
27 233
6 919
11 452
18 472
22 374
26 847
11 202
11 803
14 633
11 533
5 859
17 746
16 483
15 217
17 748
21 274
18 630
0 326
1 665
28 245
3 361
3 518
5 410
24 569
26 792
25 354
20 568
19 365
8 616
0 723
11 429
13 945
18 823
6 545
26 582
22 834
23 372
3 875
5 370
2 451
18 257
15 770
28 921
13 848
25 916
14 655
23 213
8 781
16 544
10 823
18 784
18 806
1 793
22 861
21 207
1 556
26 832
1 859
11 811
25 572
13 625
22 644
3 359
20 612
16 240
4 238
14 819
9 622
15 747
6 835
21 793
3 346
3 838
29 445
15 753
3 605
1 273
22 411
13 851
10 360
12 436
9 480
7 897
22 979
24 690
19 638
17 297
23 632
28 495
29 415
19 724
6 394
2 658
28 225
2 618
20 547
28 786
16 662
7 258
6 857
2 753
16 215
13 856
29 433
14 222
24 215
15 907
11 571
20 418
7 626
27 640
16 913
6 393
2 780
12 534
13 832
3 927
17 714
20 854
15 641
18 934
5 462
17 756
25 874
7 953
10 885
0 976
14 610
7 986
29 754
26 933
0 281
6 753
15 715
11 449
3 959
22 260
0 689
2 326
16 606
6 951
4 727
7 955
10 381
12 844
15 235
28 222
17 905
22 809
2 802
17 965
3 898
2 749
29 526
22 620
0 245
23 980
11 353
19 652
14 883
29 696
29 493
0 666
6 565
4 740
19 394
13 318
13 644
26 337
2 499
16 987
4 761
10 254
13 927
0 299
16 489
8 813
22 201
12 922
10 757
6 400
15 436
2 287
21 572
1 795
8 450
17 399
23 850
17 382
12 519
4 464
9 372
3 295
20 935
4 394
0 281
28 985
11 976
17 772
27 992
16 862
3 398
24 699
8 459
11 890
10 659
25 628
1 308
23 919
27 925
15 846
27 278
17 475
9 808
7 576
7 227
0 430
17 269
26 622
12 467
3 876
29 491
10 552
14 324
0 732
10 641
23 939
26 375
10 588
1 955
18 980
8 250
21 435
8 695
14 764
5 539
11 374
23 557
9 759
19 939
25 542
25 581
6 737
23 805
14 618
2 869
14 919
23 707
1 997
28 852
4 255
29 283
16 371
27 296
23 694
7 987
10 906
28 735
10 701
27 971
24 571
21 585
20 557
14 283
21 671
25 430
21 724
6 847
9 681
9 441
4 772
9 864
27 769
6 997
20 729
5 588
18 655
11 754
3 658
20 353
22 793
2 545
7 409
22 413
17 367
4 717
20 911
2 566
4 830
20 320
21 819
4 692
16 846
2 210
25 572
13 322
2 280
5 382
28 677
10 265
18 774
18 259
9 970
11 698
29 941
28 845
19 450
27 795
4 575
10 676
4 798
15 712
2 324
3 845
12 585
21 430
10 288
16 360
20 944
24 407
20 420
23 881
13 927
0 737
26 244
13 592
5 281
25 373
13 618
25 203
5 931
8 391
20 202
9 290
12 301
22 641
24 570
18 744
8 274
13 384
17 882
3 251
9 510
10 305
0 214
23 528
7 677
21 510
14 771
24 714
3 279
6 606
14 210
18 602
24 927
2 880
6 684
20 976
11 830
25 767
16 830
24 739
13 749
17 997
21 379
3 207
13 376
3 201
20 597
27 981
16 744
26 851
7 764
13 631
27 739
12 723
6 700
26 923
7 359
19 338
21 949
2 654
14 764
18 650
12 733
28 799
26 367
8 770
5 241
18 362
0 274
29 441
2 459
12 360
15 648
24 797
12 379
26 367
29 583
23 297
23 746
8 788
9 845
1 613
22 629
13 958
20 762
9 653
12 479
11 462
16 496
22 632
16 552
28 513
26 261
3 481
9 830
29 881
7 347
22 447
22 809
20 414
3 613
25 870
3 225
27 614
10 661
20 306
21 354
1 431
21 324
12 522
27 371
9 330
1 925
14 488
6 919
3 602
15 316
2 987
7 226
12 294
24 299
7 205
2 965
8 391
16 630
22 972
29 317
19 304
26 388
11 583
23 442
2 894
11 613
7 298
23 409
11 322
5 462
8 471
0 471
7 710
21 261
19 564
27 947
11 932
15 555
21 742
4 638
24 852
9 785
28 819
7 944
8 803
26 275
28 705
25 763
20 262
14 701
27 458
19 470
0 606
3 776
19 282
28 483
20 885
8 603
15 872
16 285
23 627
16 861
8 502
4 757
21 271
8 859
25 349
23 250
17 996
9 960
6 707
4 523
21 384
5 545
14 234
29 465
1 967
20 678
15 574
14 510
18 833
5 443
15 538
8 749
13 297
10 495
19 650
4 663
26 564
24 563
0 255
13 844
23 301
19 261
16 513
29 856
10 750
5 915
5 848
24 327
27 910
16 262
19 391
17 765
29 612
2 416
15 306
26 223
12 811
23 502
17 830
18 440
0 885
8 953
16 377
13 402
27 519
7 613
0 770
21 610
28 876
28 646
18 456
1 706
12 228
29 691
17 461
25 883
6 420
19 545
1 508
26 508
2 801
1 455
8 817
11 649
24 854
21 207
5 718
3 770
7 208
21 479
8 875
7 432
3 590
26 839
12 636
17 485
23 968
23 402
24 512
18 360
15 622
13 336
21 955
3 271
14 374
26 471
6 835
4 209
11 721
23 499
14 659
4 691
22 321
3 547
28 632
4 575
0 975
17 753
13 680
4 755
20 682
1 404
21 872
24 320
15 210
27 992
15 650
22 378
9 210
13 211
22 813
17 530
29 613
9 451
23 567
26 541
14 372
14 849
24 450
17 420
0 505
10 713
12 785
27 500
9 646
16 636
29 221
0 507
21 594
7 476
22 875
24 764
6 304
11 566
1 762
21 556
18 282
27 419
22 561
9 980
22 752
18 463
5 419
16 992
29 572
12 299
18 497
26 237
3 991
13 426
19 428
7 541
24 695
11 270
27 990
22 494
3 408
7 511
18 732
13 343
19 835
19 488
6 765
26 792
16 322
10 910
15 442
8 577
21 802
7 214
22 961
11 381
29 272
14 562
26 377
7 430
22 958
9 886
24 754
16 814
28 461
6 529
18 657
6 420
25 390
23 956
15 362
1 793
0 285
11 200
2 559
21 669
18 546
7 685
13 776
10 488
7 301
29 769
15 628
27 285
3 547
29 241
22 646
20 914
20 449
20 782
13 334
21 401
21 244
4 415
14 807
23 258
6 870
12 320
8 642
29 222
2 970
8 871
4 682
20 241
15 465
24 544
28 266
21 919
8 507
13 918
24 332
19 539
22 514
17 269
11 898
9 833
5 387
25 350
14 486
13 740
20 866
20 259
4 708
29 302
21 276
13 891
20 836
17 652
12 574
9 220
9 413
1 997
28 545
2 926
4 221
27 978
12 892
0 305
24 730
20 850
5 781
24 406
1 330
2 660
13 539
11 826
15 648
20 753
17 637
26 676
22 490
19 391
1 284
12 374
28 793
15 684
14 416
24 422
15 653
18 672
26 285
9 442
21 337
17 259
26 879
26 346
0 751
13 489
18 398
13 596
13 750
28 916
15 491
8 561
17 212
23 590
17 315
0 298
10 684
11 999
2 962
24 996
8 455
4 277
25 454
1 373
25 715
13 850
27 427
11 657
25 843
3 268
25 314
12 405
21 581
10 650
18 623
27 675
11 988
6 312
20 828
19 293
7 339
1 818
7 386
13 470
14 789
1 272
15 578
15 638
0 207
4 319
6 401
25 902
26 419
5 833
23 300
27 404
0 711
10 271
6 755
1 798
10 666
22 774
18 652
0 205
2 590
11 735
0 516
29 678
3 476
16 415
19 608
26 575
17 892
16 976
10 817
13 267
10 238
18 529
5 698
26 997
23 419
5 814
12 911
5 207
6 744
13 283
8 383
10 410
26 251
3 830
5 380
28 668
17 807
7 848
25 889
24 668
21 980
3 433
23 986
0 434
9 606
27 436
6 215
26 658
19 458
4 209
18 224
8 791
25 265
25 686
25 329
12 323
21 354
24 213
5 299
28 693
18 777
7 691
7 456
24 476
11 346
6 595
14 817
3 395
15 763
4 485
21 871
19 367
28 434
12 246
1 706
1 283
10 419
12 766
29 378
3 400
21 783
22 645
6 421
20 576
3 990
8 935
11 409
19 784
3 643
7 557
17 619
23 481
0 333
22 613
24 209
17 942
20 867
15 527
22 713
17 822
5 474
20 751
24 755
17 283
5 814
20 615
1 946
7 940
17 255
6 874
28 825
16 863
11 376
18 333
3 639
13 637
22 699
10 869
0 668
19 628
16 637
27 861
24 295
18 620
2 584
12 876
13 217
23 810
15 203
2 525
3 539
4 828
12 417
16 442
12 697
4 226
13 361
10 505
20 510
4 212
21 946
24 325
4 402
20 908
5 840
19 591
2 933
22 636
22 347
24 613
9 717
23 359
25 591
22 410
5 734
20 925
3 540
5 738
10 741
26 566
29 984
11 906
9 511
26 461
21 390
2 614
21 963
29 670
5 318
15 566
27 659
2 848
9 882
22 370
19 201
2 924
13 240
5 404
13 494
24 877
13 582
2 382
24 484
26 959
19 653
23 551
0 826
6 320
25 840
5 492
3 607
17 388
13 827
11 625
17 691
9 223
28 380
21 403
0 314
7 424
9 538
18 705
28 992
10 460
19 494
20 447
15 743
13 324
27 589
2 727
22 958
18 664
11 556
4 515
26 835
0 875
5 660
6 567
29 389
27 543
6 808
14 625
24 540
9 854
21 775
7 401
20 462
28 727
28 857
4 780
24 636
29 357
12 655
16 864
16 468
12 797
6 936
8 407
28 566
15 912
29 580
14 723
0 825
25 220
1 845
27 365
23 678
21 367
6 377
16 809
27 349
20 645
22 276
27 893
22 727
29 239
2 593
15 616
23 465
19 674
7 330
15 793
27 219
11 891
10 309
18 244
2 779
1 301
25 391
8 593
13 804
8 747
11 771
20 458
12 594
9 457
22 875
2 403
25 729
15 316
12 241
5 452
8 813
12 917
4 333
26 535
2 602
4 725
24 918
22 763
17 517
14 318
24 308
19 463
10 971
6 887
18 467
19 580
20 598
18 766
12 532
19 997
14 776
19 681
18 613
16 958
14 895
10 285
26 395
17 457
26 640
16 449
7 784
12 800
2 315
2 868
18 425
20 228
9 851
10 765
25 933
0 315
1 674
7 477
28 643
2 377
26 730
6 569
25 820
21 770
24 207
28 258
20 252
14 361
12 915
5 479
18 931
12 590
26 401
21 494
20 878
21 729
21 382
10 373
10 215
27 884
8 971
29 361
20 845
12 536
17 215
19 230
23 913
6 733
14 533
17 368
16 781
4 609
13 566
2 736
2 345
5 882
4 876
17 364
2 745
21 730
16 628
27 603
7 211
19 468
17 475
3 451
28 256
14 981
24 624
11 673
24 758
11 244
15 651
20 968
28 381
16 979
26 777
3 558
2 381
18 538
22 956
9 606
15 277
18 876
0 768
22 822
23 897
20 794
19 468
15 708
2 638
26 495
29 222
14 820
5 926
19 522
18 870
12 619
4 264
25 519
4 246
6 232
4 357
5 653
28 685
3 942
24 463
11 361
2 598
23 667
16 959
6 397
18 272
29 405
4 756
22 834
2 601
15 265
4 269
7 823
18 358
17 661
16 443
22 498
12 263
1 694
23 746
26 366
3 237
6 500
19 629
8 643
15 760
10 504
25 552
1 334
13 367
21 273
9 480
22 478
25 563
7 865
6 836
19 889
19 825
15 385
11 280
12 586
26 515
14 615
2 954
12 641
18 702
22 590
11 425
3 285
16 259
27 383
8 756
24 401
6 870
9 600
13 503
17 267
13 591
7 994
29 847
0 354
15 889
16 471
24 886
19 955
21 242
9 961
11 470
15 428
24 834
4 916
14 497
7 286
4 495
19 932
25 294
29 700
11 550
10 974
28 401
20 887
3 263
7 277
25 423
27 582
0 727
13 464
16 865
16 884
17 824
17 306
12 988
25 661
18 760
21 614
29 318
24 892
9 907
10 298
23 475
6 964
20 582
28 335
8 632
9 655
24 926
3 361
11 830
27 418
25 802
25 356
18 823
23 794
7 573
2 744
21 777
3 218
4 416
25 949
7 780
29 758
1 395
18 671
29 982
21 367
3 701
3 944
5 890
4 600
14 956
6 872
15 538
8 559
19 697
23 203
11 412
18 576
25 688
25 471
8 886
12 528
25 308
0 907
17 803
8 912
23 736
7 999
14 480
6 947
16 312
17 462
12 351
13 507
25 818
29 599
9 361
2 949
6 864
20 491
22 672
10 881
9 289
6 733
10 910
14 772
18 983
22 889
25 617
3 520
17 580
29 567
4 214
10 985
28 845
15 519
6 273
20 499
18 955
11 311
26 291
0 665
22 313
17 495
28 968
23 961
25 255
15 331
22 940
24 396
16 245
25 623
27 406
12 741
18 932
10 485
19 979
21 496
16 582
19 337
15 207
17 586
5 675
23 406
3 584
23 818
16 958
9 521
17 703
12 915
17 583
0 345
26 228
28 674
8 308
8 590
7 861
10 664
14 248
5 913
29 395
24 201
18 440
16 240
11 240
22 842
21 200
12 886
25 546
19 623
29 573
17 352
26 711
8 991
7 797
14 396
6 548
10 825
1 339
20 386
22 420
15 963
19 973
24 785
8 891
13 747
10 564
10 967
6 376
27 937
17 557
4 221
7 925
0 235
12 452
2 652
2 943
29 249
6 218
27 320
14 370
7 470
29 690
27 296
19 868
15 826
23 900
15 299
25 776
20 367
20 267
3 980
4 224
17 936
11 464
4 840
26 828
3 731
9 985
3 595
2 915
6 298
28 567
20 858
18 308
10 692
7 992
17 483
6 904
8 892
19 805
26 476
6 608
5 601
1 465
28 644
24 754
14 538
12 686
4 953
2 479
5 520
1 674
24 385
27 755
21 915
14 379
27 808
1 879
3 374
11 690
26 380
15 375
1 605
22 795
29 899
15 943
12 914
27 561
27 309
26 550
12 480
25 714
17 753
13 839
23 536
25 718
10 377
4 247
4 953
24 596
17 552
16 840
11 939
26 595
4 532
28 921
23 447
15 330
20 534
14 609
26 618
28 544
1 706
25 800
27 870
25 997
5 900
2 389
0 291
10 886
9 646
0 981
20 527
23 253
25 637
20 526
28 291
16 322
16 322
20 272
11 761
21 555
18 370
27 458
25 236
5 545
15 610
27 395
5 759
14 241
23 969
10 573
17 396
0 449
28 942
16 709
25 621
13 773
10 531
15 745
1 571
19 332
24 924
20 824
3 872
8 931
0 911
15 851
18 402
3 622
29 562
5 973
4 686
25 993
4 891
7 318
24 602
17 348
17 793
1 854
6 859
1 221
6 787
1 463
25 269
4 806
21 307
9 653
21 320
2 318
4 229
3 733
19 821
17 365
16 601
0 608
8 884
2 416
3 826
21 222
10 939
22 482
28 802
4 297
18 703
16 673
15 823
19 379
0 232
22 262
14 250
7 222
6 353
17 686
7 812
9 1000
20 717
23 915
24 433
7 344
19 925
16 242
22 343
7 856
29 933
28 993
21 737
14 721
3 824
16 533
24 283
28 476
4 447
14 638
0 832
23 267
0 271
22 390
3 708
27 827
6 858
21 610
22 345
16 825
19 307
23 931
1 332
0 415
7 725
4 619
28 791
4 669
22 962
16 398
8 505
21 462
17 974
29 771
27 582
17 334
18 325
9 501
4 447
9 662
5 681
20 267
12 505
15 333
