2000
4 899
20 713
0 562
9 927
2 239
15 777
27 781
8 475
29 897
17 792
4 219
4 667
12 852
20 899
7 538
21 660
16 838
17 226
24 820
4 273
17 661
16 700
2 991
6 985
29 312
2 371
0 229
14 857
21 290
1 768
11 526
22 280
6 440
26 440
25 406
28 606
20 341
0 460
6 676
7 223
26 422
22 496
11 739
11 685
4 424
11 281
3 314
23 928
6 648
21 745
4 252
5 484
6 376
6 510
25 384
19 932
28 429
29 421
24 453
8 996
6 701
14 541
12 924
1 432
12 202
4 656
6 215
0 796
25 737
24 738
24 807
0 841
16 591
27 225
11 429
26 605
28 740
4 684
7 889
16 231
18 938
15 532
21 745
26 228
27 874
2 536
9 589
25 218
10 950
14 444
23 211
12 570
21 949
29 387
4 636
1 307
26 483
11 635
15 254
16 514
19 801
4 671
14 561
2 417
19 207
8 736
23 994
5 394
14 389
22 229
20 563
23 550
25 578
7 493
18 844
18 436
15 970
3 461
21 821
28 335
16 600
28 653
14 977
7 357
16 611
3 475
10 874
3 709
11 660
13 751
0 461
4 501
9 490
9 826
29 675
14 519
6 870
13 439
21 315
2 453
25 768
7 399
16 786
12 663
3 280
25 606
20 762
6 823
28 440
25 671
16 294
13 601
26 693
24 349
21 639
16 460
5 353
19 472
20 431
27 901
25 983
28 517
16 694
21 738
25 454
16 385
10 990
11 463
6 763
13 897
20 813
3 630
12 547
18 503
21 592
17 910
1 397
0 451
19 408
27 524
9 987
23 743
28 731
15 584
15 783
21 326
29 952
2 392
25 659
12 618
12 351
16 399
12 269
15 867
27 395
15 809
8 909
20 810
3 1000
6 338
23 599
20 839
19 565
2 790
19 236
11 522
17 458
22 711
22 757
28 499
23 596
3 346
2 884
2 326
2 385
6 375
16 293
3 606
26 383
9 814
18 446
28 300
29 944
9 826
4 671
22 229
10 834
17 269
2 762
14 289
21 766
1 245
10 246
8 304
11 776
17 274
13 807
9 459
12 454
10 827
18 880
17 897
14 511
6 919
17 359
1 820
20 914
15 220
2 895
18 754
11 583
15 866
29 535
3 612
8 888
9 998
0 212
29 584
14 699
1 295
23 859
1 641
21 694
9 450
8 399
6 261
29 964
27 825
26 613
5 516
15 608
3 880
11 696
11 274
0 827
7 347
21 808
13 792
21 598
10 233
17 896
19 756
0 735
0 577
1 523
21 882
11 298
3 807
5 355
14 518
18 796
24 442
29 588
2 382
0 825
5 938
21 652
27 438
28 619
20 439
0 854
10 928
21 669
13 228
26 829
12 229
25 661
21 200
13 345
9 439
11 256
0 667
17 551
17 551
7 896
21 503
6 432
24 711
26 367
28 522
11 815
4 338
12 597
8 291
4 533
21 897
29 839
8 385
26 477
15 997
1 345
16 752
15 552
9 794
8 307
4 203
8 493
0 281
3 814
25 798
28 541
7 294
20 611
29 621
14 654
5 973
0 626
21 350
24 306
27 320
13 624
4 846
27 767
14 357
26 217
12 640
4 628
7 441
0 447
19 636
23 648
16 706
6 288
24 684
29 610
29 586
14 368
23 546
12 751
4 576
6 392
17 569
21 960
9 739
15 751
26 793
0 972
10 599
10 908
28 759
7 764
14 804
8 943
18 438
29 347
18 259
15 205
17 581
9 669
9 712
24 593
23 987
0 903
6 669
11 209
15 812
14 860
14 997
15 335
7 452
6 978
22 372
5 911
28 467
12 239
7 649
4 437
24 212
17 914
21 242
26 361
4 995
27 376
0 983
19 487
9 599
7 500
7 914
6 663
11 240
29 612
12 392
19 218
7 301
3 241
2 784
20 731
19 743
18 448
16 860
4 867
16 334
23 287
12 573
15 504
14 844
20 527
17 986
27 673
25 972
23 821
25 511
12 695
1 874
1 908
27 741
2 514
15 943
16 274
28 787
24 605
20 798
12 240
7 934
26 746
18 617
6 925
0 731
1 393
4 438
19 756
1 414
3 393
28 710
14 466
11 235
16 389
12 607
28 362
17 810
6 533
7 495
14 899
21 739
13 814
2 643
21 960
25 280
18 740
10 309
3 870
8 356
0 885
24 867
19 552
2 722
5 512
10 784
11 529
19 679
26 668
24 598
16 729
2 830
0 716
15 242
24 531
4 870
28 543
25 459
19 989
3 904
19 332
24 384
8 381
21 516
27 258
20 538
5 380
10 545
9 688
0 657
23 714
0 561
17 797
14 435
26 320
1 724
27 598
5 877
4 424
14 868
8 756
4 666
10 633
22 432
18 709
21 407
0 617
21 771
18 581
1 350
1 641
25 800
8 678
8 839
11 479
7 420
19 229
8 966
6 622
24 847
4 584
13 889
12 788
11 720
13 538
16 253
8 385
17 934
7 256
20 689
24 716
15 501
1 284
5 704
17 492
13 611
28 695
29 859
23 830
5 914
18 583
5 451
29 689
15 709
0 345
7 705
0 860
24 439
9 963
27 265
28 585
21 447
8 936
12 796
10 408
13 922
18 305
7 277
19 518
1 847
28 846
24 661
28 359
22 718
14 940
3 200
24 453
27 938
23 587
22 880
2 815
11 431
16 608
16 699
3 667
7 816
23 992
21 335
20 497
15 406
4 752
11 907
13 732
1 907
25 399
21 847
5 207
24 363
23 620
12 553
19 655
25 515
8 364
23 427
7 947
28 770
6 890
26 888
4 510
23 291
17 501
29 841
14 767
8 571
6 324
6 213
7 388
21 249
8 561
21 660
9 437
19 423
29 418
16 721
3 280
7 763
6 792
1 478
6 967
5 957
23 276
22 637
17 910
1 434
28 470
2 832
13 616
8 1000
20 945
20 259
13 905
7 213
25 746
29 599
7 687
20 200
20 570
26 508
7 756
18 572
16 444
7 812
8 895
14 280
3 603
16 824
29 605
28 474
24 285
5 347
21 578
3 553
14 979
14 697
7 792
24 390
15 474
16 214
24 272
21 943
12 887
21 918
10 522
20 242
12 897
12 706
21 956
22 906
22 368
27 661
28 320
15 584
1 404
4 307
29 314
10 455
0 529
3 352
20 842
5 296
14 236
18 739
18 346
25 938
9 861
18 634
7 620
18 868
17 354
9 798
13 975
15 565
13 972
22 753
7 973
29 826
21 725
12 703
15 914
19 213
28 233
26 802
22 939
23 209
5 840
5 631
23 923
0 347
21 735
27 671
12 873
15 305
19 549
9 216
23 496
12 781
12 781
7 838
20 674
19 204
23 774
28 285
2 225
15 352
26 807
4 559
4 353
24 861
9 231
24 910
21 382
15 269
28 615
17 454
12 308
2 353
7 332
5 801
29 545
2 684
13 321
7 730
12 824
13 263
26 371
17 836
15 873
22 458
27 283
19 240
0 643
4 994
19 912
3 540
1 788
2 682
22 890
3 221
24 309
16 710
23 857
14 920
20 914
5 636
14 921
4 277
20 438
8 371
18 823
27 670
27 730
6 956
4 522
23 868
11 565
5 231
7 994
21 818
15 953
1 927
5 622
13 832
17 887
11 557
15 868
21 378
19 401
14 693
20 259
24 519
8 899
3 910
9 672
16 469
9 294
16 1000
18 524
19 436
2 427
25 565
11 285
21 348
3 235
27 621
1 351
25 547
5 572
29 908
4 314
17 383
4 856
0 614
9 584
20 761
16 894
18 409
0 574
29 538
18 286
17 384
23 469
12 637
14 475
11 229
10 616
28 876
11 582
3 666
12 249
22 835
4 801
16 232
5 667
20 534
5 338
25 252
19 367
1 639
5 827
14 550
0 543
26 663
14 422
8 447
16 537
23 757
22 791
12 742
23 443
14 556
13 445
22 543
14 473
10 330
10 232
2 246
28 831
16 871
19 964
26 661
6 568
8 396
3 636
20 1000
22 403
1 745
13 919
21 615
11 586
26 416
6 766
4 411
28 899
22 386
11 553
4 371
6 863
8 709
11 862
25 206
16 801
11 760
11 472
18 223
8 451
14 693
3 342
20 665
19 343
2 339
10 926
8 627
0 672
2 368
10 545
17 240
15 422
24 409
23 905
20 462
13 741
28 506
22 327
9 955
26 985
26 879
4 790
24 809
19 615
5 674
29 861
25 671
0 533
0 543
28 468
12 439
7 565
28 994
22 258
15 803
14 702
14 360
3 306
9 431
17 862
1 987
24 209
13 843
23 667
1 655
10 993
7 913
15 726
14 381
7 408
23 401
0 460
21 794
10 231
8 638
8 682
28 261
2 847
19 331
11 723
27 931
13 925
6 958
1 527
27 497
2 310
26 383
6 405
17 300
1 323
11 718
7 530
8 806
17 668
9 858
20 733
24 752
23 880
22 372
14 526
1 727
9 843
15 981
15 606
22 895
3 440
20 643
16 477
21 211
22 938
7 433
14 309
25 557
14 245
23 362
14 393
10 878
19 509
12 546
27 857
21 261
16 724
0 293
16 840
20 754
26 838
3 262
3 971
12 733
19 574
12 542
25 846
19 854
3 886
17 686
11 573
18 221
4 428
25 907
0 907
3 303
0 341
19 552
7 562
4 988
1 439
15 515
3 210
0 447
19 813
1 715
1 338
1 251
26 565
7 230
4 371
17 620
17 875
16 256
29 978
21 922
18 209
15 758
22 300
24 427
23 269
3 927
6 404
21 893
16 941
20 737
20 991
19 904
25 285
15 789
22 798
25 547
24 571
17 937
4 245
18 699
16 836
27 752
3 800
6 656
28 703
14 358
26 650
26 426
15 475
12 294
17 431
0 631
27 881
4 507
21 521
26 537
8 626
22 397
7 292
16 988
7 885
26 773
16 600
22 575
27 724
5 718
25 860
22 704
2 660
25 950
3 767
8 994
6 353
20 512
12 713
20 687
12 322
26 313
12 990
0 781
23 746
20 863
20 259
12 772
22 758
10 861
26 473
14 631
4 723
24 416
27 375
4 670
4 258
20 782
1 591
20 717
12 799
19 556
23 694
20 497
9 294
15 674
15 573
16 846
25 457
21 270
19 340
1 271
7 875
10 617
1 310
24 293
13 990
8 378
3 833
17 728
23 457
6 689
4 399
27 687
4 727
0 640
6 550
9 446
3 459
16 631
22 847
17 255
28 936
6 522
11 607
29 901
14 633
22 522
23 783
9 917
5 250
5 759
2 217
0 426
28 799
27 928
10 872
3 915
26 348
18 491
14 314
7 606
22 669
19 362
15 876
7 306
9 505
17 527
7 638
20 415
18 727
14 931
29 235
9 356
1 630
19 410
27 754
25 354
18 873
2 929
25 872
27 783
12 210
27 659
4 477
17 758
14 913
28 491
22 313
9 726
18 625
11 946
20 859
11 845
6 610
5 516
8 318
13 979
23 248
19 956
23 843
3 783
28 248
28 336
16 284
9 644
18 299
12 282
28 721
9 734
26 825
23 970
20 658
3 312
11 658
24 723
21 335
21 861
28 757
11 442
21 640
10 632
17 319
28 314
16 581
4 646
0 229
11 232
12 505
22 730
6 801
22 479
17 693
16 918
14 271
28 485
12 685
12 843
9 735
2 976
0 401
27 462
11 566
27 818
20 742
7 216
0 261
27 667
16 577
20 222
16 792
11 996
9 870
10 239
23 996
19 230
19 740
9 440
21 405
3 301
18 758
5 777
25 481
19 710
19 362
16 573
9 758
16 359
14 661
3 460
0 443
28 684
6 670
9 439
13 497
22 529
22 276
3 332
4 452
13 498
4 830
1 865
28 982
14 859
22 507
1 391
25 438
22 744
1 782
20 240
28 408
2 722
26 837
27 938
3 484
23 738
14 985
15 311
9 261
15 939
5 636
18 721
25 665
11 710
27 267
20 289
13 969
11 471
3 880
16 842
8 676
8 837
9 756
15 258
2 481
11 947
20 236
29 830
21 295
28 1000
28 996
8 532
8 954
10 421
24 901
1 505
9 977
2 216
1 385
24 849
17 919
22 382
8 993
6 874
27 336
15 727
10 496
18 602
20 679
24 909
23 440
9 301
19 670
4 432
24 445
20 695
20 574
26 352
8 322
13 465
20 703
23 375
27 443
21 414
27 812
17 328
0 684
19 360
1 365
6 602
17 201
4 235
1 753
24 219
1 595
21 656
9 676
3 600
9 501
7 580
23 771
3 964
23 600
18 589
15 524
1 273
19 582
4 642
2 518
5 727
25 813
22 950
20 418
1 388
19 957
17 599
28 236
7 711
20 765
17 664
7 951
14 438
15 282
24 334
7 286
16 567
11 410
5 701
7 832
21 774
4 966
23 726
27 230
20 563
5 289
4 689
16 826
11 667
5 291
10 752
1 841
9 445
26 345
12 350
9 613
13 328
29 969
23 842
11 690
18 879
10 250
8 359
0 758
28 368
27 738
3 850
21 910
12 605
1 941
10 357
26 637
1 437
16 435
25 683
23 535
15 924
14 656
19 522
23 463
7 401
20 372
21 978
15 216
13 657
12 688
11 232
4 963
14 654
3 698
11 360
3 460
14 547
15 495
24 351
11 707
1 994
22 678
25 814
29 502
2 449
10 477
5 204
5 740
14 746
25 804
7 968
3 492
17 230
23 226
16 756
7 779
29 664
17 938
10 438
9 221
26 913
16 455
19 524
18 468
19 533
5 693
9 403
8 459
18 316
16 203
14 828
27 727
8 462
19 998
29 606
28 900
17 587
19 478
26 952
4 297
6 869
28 649
23 351
6 573
15 754
23 219
19 688
13 701
4 999
11 387
25 468
14 945
2 379
2 619
7 361
27 585
23 241
1 994
13 295
22 553
8 877
10 469
16 440
16 463
16 788
28 732
9 694
24 501
28 413
14 266
1 338
24 968
14 730
17 579
25 510
14 316
0 328
18 360
18 606
22 594
10 566
14 625
20 451
26 977
9 559
6 427
2 628
4 682
9 481
3 390
1 952
18 883
19 230
3 348
0 689
29 488
12 449
6 939
17 912
18 795
23 953
27 605
1 311
0 342
9 267
9 770
27 592
27 475
4 484
22 865
20 809
10 772
4 537
13 375
21 967
23 378
23 590
3 373
3 418
22 718
11 460
15 772
9 830
1 985
28 381
6 421
29 289
0 213
19 443
29 540
13 610
0 514
23 920
17 487
7 875
16 887
24 665
23 622
1 786
24 702
3 265
10 336
20 831
23 608
16 313
5 577
21 979
0 935
1 558
16 618
15 858
0 663
11 769
26 757
5 735
25 762
0 215
13 710
24 413
18 811
3 871
16 289
8 382
28 948
6 481
21 216
9 379
14 670
0 960
27 499
3 261
19 1000
27 508
26 630
29 236
18 307
0 370
14 328
15 668
5 714
5 660
23 947
25 427
19 927
1 280
26 704
13 943
15 700
26 805
1 933
8 839
15 898
7 794
16 695
22 794
26 518
25 525
6 455
14 520
19 482
20 221
10 757
5 729
15 604
7 832
1 832
12 258
27 506
5 393
3 478
29 387
3 915
21 394
21 566
3 922
0 611
2 220
2 807
5 939
5 221
6 903
3 994
7 328
11 694
8 923
2 561
22 376
27 397
24 586
9 954
7 896
26 995
10 831
10 517
2 209
18 994
15 981
3 824
26 696
18 818
9 391
10 731
25 225
2 837
24 871
1 461
0 529
7 401
9 948
18 234
25 671
24 474
27 560
8 447
21 418
17 518
20 348
21 364
11 599
2 213
14 972
28 362
13 736
26 568
14 666
18 486
25 230
4 371
24 677
26 979
1 436
10 273
8 241
5 698
3 776
6 438
24 352
27 996
11 203
8 664
9 801
27 769
4 269
11 699
3 828
21 512
2 622
11 482
28 428
29 819
1 598
0 807
3 321
17 960
17 409
23 562
13 917
11 922
20 635
24 816
18 453
5 697
25 945
22 263
21 856
1 715
20 716
14 517
7 789
27 354
28 925
1 770
10 1000
23 477
9 257
8 591
11 759
11 599
8 605
22 668
22 369
6 426
1 830
28 235
5 353
0 810
17 484
19 432
1 663
19 889
28 298
13 276
0 676
14 366
17 200
4 958
9 370
28 859
5 279
7 354
16 746
15 759
10 486
7 514
22 898
4 471
13 582
22 799
11 368
28 331
16 637
20 966
0 271
22 880
24 587
5 785
15 791
6 392
2 490
26 666
20 303
25 464
12 308
28 519
11 885
12 973
27 839
21 421
3 924
23 585
13 226
0 241
28 915
18 513
22 725
29 426
13 340
3 941
12 334
2 239
11 238
20 782
7 739
13 548
16 395
18 597
26 838
25 577
12 601
4 839
11 810
18 663
6 611
0 663
16 261
8 368
9 621
1 280
22 658
21 542
25 491
20 495
14 991
26 474
19 323
21 967
23 734
26 772
29 275
4 417
17 388
5 600
15 510
9 711
26 706
11 742
16 879
2 270
22 374
15 423
12 624
1 803
21 433
21 632
23 834
25 471
7 940
12 896
27 526
5 294
25 438
19 830
2 736
7 601
19 633
2 286
7 322
28 408
0 460
23 345
23 499
11 598
1 955
1 733
17 674
12 612
16 697
1 486
22 987
7 246
14 820
4 276
3 320
10 618
2 916
1 725
21 325
2 243
27 385
15 255
14 532
29 469
27 345
27 258
17 245
2 200
25 877
9 961
10 829
8 202
12 894
22 615
3 898
24 347
0 259
3 781
0 606
14 617
7 841
5 949
19 262
10 327
3 262
3 629
3 895
23 807
20 243
25 882
17 640
17 566
25 853
3 575
27 516
27 842
13 290
9 262
8 877
10 708
25 608
7 685
24 466
24 400
7 707
2 543
23 900
18 634
24 488
20 402
8 560
12 929
3 351
24 813
1 712
22 980
5 612
23 538
17 515
17 655
6 915
17 453
21 606
17 234
4 807
11 578
2 603
17 594
20 386
21 788
5 423
17 694
13 306
