2000
17 631
9 674
2 243
5 670
14 462
18 643
2 556
26 749
21 779
26 236
16 616
21 977
4 247
15 244
20 233
13 795
10 999
8 369
1 766
15 626
27 435
8 743
16 405
10 269
25 653
3 894
27 659
23 991
21 578
17 300
25 431
7 777
11 411
18 307
18 499
9 211
17 646
18 688
29 699
9 223
8 961
14 610
6 556
16 262
8 322
0 938
1 274
23 688
1 751
19 623
9 509
27 565
23 517
28 801
22 359
17 640
0 942
0 260
28 262
6 299
15 717
25 413
14 999
20 642
2 403
8 911
24 643
10 211
25 238
17 707
10 997
1 985
5 201
15 354
13 370
12 902
21 962
17 959
29 857
15 897
9 785
28 585
3 856
5 844
15 857
22 478
9 851
28 619
2 387
10 386
21 654
11 523
11 238
12 845
26 589
4 723
10 311
1 706
29 478
9 285
0 949
3 545
15 287
10 360
25 961
17 451
17 560
10 532
21 505
8 378
4 658
19 265
10 915
20 977
2 950
16 796
2 965
24 550
16 765
23 399
17 233
12 872
26 500
29 740
4 211
20 614
19 928
24 330
23 560
15 217
27 812
12 962
23 897
0 441
19 505
28 253
27 680
27 506
26 485
4 852
25 382
21 393
20 695
12 877
0 905
22 264
6 764
10 677
23 771
11 899
2 882
4 835
14 693
24 759
27 492
20 683
20 936
5 688
9 991
8 787
4 892
13 390
21 983
20 852
0 799
29 683
17 302
13 956
8 539
25 304
0 414
26 731
22 318
21 842
23 243
19 503
24 927
8 499
22 942
22 654
9 279
11 914
1 290
15 348
27 558
9 280
21 754
13 987
28 436
29 576
3 910
9 975
13 411
13 901
20 744
11 611
26 415
22 558
10 502
20 458
22 527
18 561
12 211
15 935
2 381
6 589
29 832
12 670
17 743
28 814
14 748
20 236
13 707
15 380
18 975
25 607
29 689
19 222
4 410
14 356
7 715
3 711
13 219
0 526
0 910
19 660
26 505
9 223
20 603
7 839
25 494
28 788
18 628
14 553
21 785
9 633
8 677
24 638
18 808
20 764
26 565
1 485
8 494
28 407
16 275
22 917
11 619
6 217
10 876
5 468
17 948
10 942
19 730
10 455
24 496
24 531
3 770
2 232
8 432
6 536
23 680
4 973
5 751
20 445
27 380
8 280
27 444
22 802
9 442
5 252
28 595
19 596
28 373
17 499
23 606
26 265
20 533
9 979
17 316
12 662
25 224
21 533
7 765
18 991
17 809
10 338
10 583
9 342
13 282
29 220
24 528
27 267
10 828
10 297
4 346
20 889
14 314
26 396
5 841
2 467
8 411
10 578
15 924
15 755
5 556
1 355
25 883
14 857
10 512
10 394
19 388
20 501
8 601
2 489
3 927
15 264
15 962
15 478
28 967
28 871
20 812
14 268
22 677
18 411
22 440
23 366
9 980
15 984
19 683
15 708
27 339
17 808
22 805
11 471
19 640
18 957
13 401
3 346
0 870
18 278
28 942
6 905
9 861
18 494
18 451
19 770
19 679
3 621
25 531
11 810
17 825
16 279
27 769
15 965
24 958
1 545
15 709
27 518
20 862
13 770
19 595
11 348
21 265
21 290
18 556
19 814
21 847
25 317
14 408
20 591
29 889
7 312
17 431
4 321
23 308
21 835
22 599
8 862
15 859
2 200
21 360
0 734
6 492
22 210
17 227
6 583
6 458
20 467
5 766
10 712
21 947
28 786
1 471
5 900
5 344
7 547
17 980
5 855
22 900
21 346
20 830
28 657
24 758
25 811
6 940
28 634
28 601
12 926
25 235
27 464
14 251
1 946
10 218
6 949
5 736
1 731
13 260
25 992
0 697
29 530
16 837
25 894
16 505
29 660
4 566
26 476
24 288
15 759
13 685
2 491
19 912
22 416
22 943
1 636
10 229
18 910
10 502
2 956
2 329
8 810
9 371
17 312
0 825
4 545
12 875
9 203
27 873
22 425
20 619
14 964
11 952
1 918
6 973
25 434
25 635
2 815
15 963
5 839
8 944
17 726
13 246
23 697
2 778
3 570
12 559
1 747
0 871
1 550
19 504
14 616
23 627
17 796
0 663
16 894
7 331
27 644
14 719
5 690
8 649
3 337
3 933
0 472
21 777
14 773
22 957
11 615
23 672
21 250
11 302
8 985
10 314
0 337
3 483
21 994
24 903
8 697
14 605
9 962
5 565
17 446
21 502
13 309
6 740
11 803
25 500
11 979
23 843
18 351
10 822
22 929
26 381
16 564
23 903
11 944
11 794
15 842
29 505
27 613
29 883
15 939
8 453
3 433
26 765
9 959
6 457
26 790
12 879
5 304
28 880
22 856
1 988
3 972
20 884
4 869
14 461
0 768
28 876
29 418
1 646
21 711
1 897
0 232
22 840
0 963
24 462
0 532
24 481
1 217
25 440
13 322
19 319
8 943
6 432
29 441
1 732
11 526
27 346
12 708
0 287
6 357
15 534
15 559
1 681
13 973
9 868
11 343
14 599
2 690
27 598
25 862
18 669
0 855
5 431
3 521
5 826
3 249
23 582
2 352
3 894
22 478
17 662
12 667
18 355
3 584
11 350
1 878
0 334
8 386
8 573
3 700
21 410
17 356
1 996
26 658
7 286
24 956
13 906
11 449
21 513
5 907
12 878
14 957
17 808
15 911
4 760
9 624
12 365
28 766
11 913
14 583
20 859
29 755
1 839
28 677
11 794
20 706
8 376
0 449
9 576
27 525
9 670
22 924
21 713
13 974
10 352
15 955
24 225
26 707
6 564
20 571
22 542
27 816
0 716
21 499
3 315
17 927
19 357
24 799
17 990
14 457
22 372
14 282
5 583
6 982
20 818
21 727
1 301
17 393
10 381
5 240
19 327
11 633
9 335
22 846
10 790
5 917
23 338
6 872
25 582
5 873
8 945
14 718
13 987
0 884
17 303
13 949
0 615
7 233
22 384
2 259
13 336
26 858
17 218
4 613
14 373
15 485
17 873
20 359
17 917
12 939
2 350
15 814
11 727
8 590
10 969
13 661
13 956
21 463
8 669
23 578
0 448
7 478
11 382
5 256
11 308
3 913
9 621
11 446
8 458
16 323
5 458
1 652
12 294
0 525
13 609
26 427
11 885
21 272
17 526
26 272
28 791
7 254
16 339
2 228
3 354
1 413
0 452
27 496
7 763
14 786
27 397
28 496
21 281
26 532
29 543
6 965
13 465
25 543
21 214
3 862
26 405
27 762
2 497
28 455
26 789
19 924
24 701
20 561
23 289
12 344
16 681
16 509
22 283
10 788
18 488
0 236
12 903
12 729
15 285
16 349
16 881
1 485
19 741
6 491
28 787
10 210
9 364
7 613
24 530
4 733
9 907
29 668
18 265
7 432
13 224
20 644
24 589
15 900
21 426
26 413
17 636
21 723
15 685
14 321
14 946
25 970
4 741
29 591
1 888
14 393
15 298
20 628
10 628
12 320
9 405
4 773
28 315
27 769
2 863
24 776
15 609
1 634
16 783
5 764
29 807
5 491
26 500
6 679
21 962
11 844
15 354
22 596
23 665
6 384
26 925
24 458
23 974
6 960
26 475
3 427
24 952
29 741
0 272
8 719
20 754
8 623
21 827
1 632
21 501
11 633
16 395
22 578
0 339
18 241
14 408
20 530
20 586
1 403
24 398
16 686
17 496
2 929
20 686
17 376
25 290
28 466
19 387
8 943
28 762
2 229
21 527
1 456
0 705
9 499
13 944
23 460
21 584
1 269
8 468
21 409
20 641
14 223
1 928
9 697
6 896
18 692
21 410
15 967
12 219
20 723
23 384
15 434
18 564
13 315
7 286
2 449
12 735
19 759
22 719
11 808
23 588
22 519
28 268
29 757
16 336
28 674
28 895
15 913
15 528
21 245
24 473
16 707
12 952
15 333
29 287
9 339
6 435
8 809
19 372
23 847
17 560
15 879
13 254
22 314
29 938
12 488
14 445
29 758
9 611
0 434
5 401
3 605
15 896
20 873
5 346
25 855
28 652
26 402
25 593
5 681
22 554
7 382
3 974
22 894
28 677
24 994
6 843
19 617
6 800
27 921
26 390
10 228
9 476
25 357
7 639
11 246
24 351
29 501
5 770
16 381
23 503
28 611
8 247
5 597
22 809
19 482
28 756
15 391
27 939
7 794
12 383
4 300
19 292
14 998
16 540
28 846
25 860
0 576
3 786
24 518
19 539
3 767
17 476
20 472
4 901
7 236
11 709
16 744
12 807
1 458
12 736
18 855
6 904
7 405
8 462
7 669
24 405
21 979
20 661
22 684
29 461
18 881
21 229
13 663
23 333
16 939
29 935
14 671
3 980
28 269
26 313
23 813
5 412
17 673
27 747
28 951
2 855
25 730
3 492
13 828
23 483
14 684
19 503
12 776
8 524
20 301
11 726
15 995
26 745
2 635
2 851
10 298
7 864
5 746
2 283
5 763
3 430
5 844
14 313
11 511
1 286
18 245
15 475
16 485
11 949
24 391
4 802
10 768
23 278
29 412
14 378
17 640
1 364
9 586
21 482
14 971
28 342
3 296
5 578
13 368
4 222
29 459
11 346
1 399
19 414
6 775
12 798
1 244
2 433
8 886
26 516
26 972
10 479
25 635
14 247
1 448
17 665
19 670
19 489
14 527
7 958
2 536
15 637
21 215
29 555
7 416
18 638
3 925
15 915
1 231
23 599
27 670
24 200
0 293
19 795
23 622
20 751
3 704
23 660
29 806
9 302
25 988
5 715
9 730
0 803
6 267
12 768
1 951
11 734
18 260
4 911
17 267
11 557
13 473
1 634
10 852
26 516
29 498
18 891
10 623
11 480
19 911
15 952
10 391
18 264
18 552
26 267
5 323
4 860
5 257
5 463
8 487
11 825
15 639
16 938
15 681
1 658
14 676
12 919
3 219
7 815
22 805
3 912
0 336
28 914
28 301
26 760
24 406
17 930
19 398
3 200
16 706
11 694
25 497
22 288
6 242
7 287
29 991
22 346
5 436
29 424
16 952
10 817
3 682
13 936
24 362
0 216
20 650
11 533
0 413
22 303
18 666
8 296
13 983
28 989
15 477
9 985
5 485
1 779
6 295
3 613
6 631
11 352
3 954
9 336
10 422
18 804
10 956
16 813
22 856
2 857
16 620
23 729
7 247
23 580
1 820
4 354
0 819
24 393
7 977
13 997
18 930
2 838
20 508
6 372
10 543
13 703
9 546
23 724
16 527
3 988
20 359
26 921
27 282
1 212
20 290
27 816
0 583
29 715
22 683
7 645
1 769
12 679
20 495
23 612
13 781
13 579
2 850
8 711
7 654
24 250
16 982
5 224
16 712
16 320
24 624
9 608
13 350
19 507
13 337
29 645
15 348
3 840
23 915
8 236
21 842
14 948
10 375
10 335
16 369
6 903
27 783
25 741
1 758
22 416
27 752
21 848
22 882
16 787
22 850
9 619
8 289
28 689
3 807
29 771
17 288
21 527
6 695
10 261
5 244
26 805
13 468
18 861
29 486
0 740
19 754
17 918
1 970
11 882
11 433
6 548
2 455
28 250
10 673
27 228
20 881
7 437
24 679
16 500
9 557
3 902
5 310
18 372
16 831
10 998
15 309
10 997
21 732
23 360
15 993
26 593
20 536
4 994
25 757
1 745
26 857
25 991
17 359
11 953
3 362
14 687
20 829
3 227
24 688
1 858
12 474
16 454
13 470
21 365
0 300
23 846
24 371
19 554
20 452
14 688
16 765
26 664
18 808
16 368
0 226
4 762
27 980
4 993
8 805
23 427
14 571
23 304
2 219
19 751
7 878
19 424
10 947
10 741
20 356
2 672
1 723
5 637
0 973
2 842
26 927
1 358
5 872
5 560
6 957
2 729
20 755
24 673
15 643
23 533
12 305
1 443
16 924
2 415
0 408
23 401
0 436
17 601
12 941
26 768
27 808
8 359
20 600
4 660
14 526
2 718
11 678
12 295
28 395
28 283
27 310
14 720
16 994
10 462
21 799
0 370
12 254
24 661
7 431
28 961
17 742
4 653
29 220
26 586
7 645
14 341
2 857
9 852
9 386
1 998
26 940
16 806
21 911
26 599
17 258
0 897
5 574
19 891
8 573
8 537
9 318
1 659
29 683
2 536
18 427
4 919
15 922
24 761
29 673
13 277
15 254
4 454
11 950
0 751
27 997
5 933
15 354
23 633
26 925
17 864
1 715
17 724
16 956
10 926
10 640
12 875
24 814
1 425
16 253
1 393
6 275
26 509
25 396
16 486
28 830
12 660
4 258
0 377
25 484
7 937
7 410
21 665
19 553
12 574
1 289
9 376
23 939
16 540
28 542
17 867
3 956
20 734
11 607
26 540
11 862
19 217
27 329
19 262
24 726
7 842
19 263
14 832
2 643
2 901
22 356
14 947
12 556
6 696
29 886
7 343
2 794
6 696
24 949
10 435
21 630
25 930
3 232
6 208
23 239
25 485
4 922
26 428
8 300
3 414
13 517
13 786
18 237
14 418
28 471
6 906
15 823
25 949
21 832
21 291
24 991
23 751
22 992
16 967
9 232
1 506
13 236
21 783
15 974
4 521
2 418
12 471
14 544
11 708
15 947
21 296
9 230
18 519
8 522
25 515
15 471
23 747
8 355
24 262
10 340
22 742
25 400
9 928
3 378
4 655
10 213
7 854
20 772
2 621
7 230
29 550
1 838
1 376
10 280
7 816
15 915
29 392
1 610
5 918
4 479
5 480
12 426
13 657
2 893
9 549
17 362
15 756
0 833
13 362
25 820
15 841
16 670
26 733
5 226
15 316
24 741
23 457
7 624
23 837
12 677
24 739
23 372
2 983
10 409
8 787
7 605
16 695
19 603
18 687
29 408
8 909
0 872
23 952
8 555
15 759
24 255
4 227
14 218
20 210
26 970
16 829
13 299
9 399
21 856
17 537
6 976
2 640
26 289
7 718
13 804
22 808
13 970
17 512
26 807
26 325
19 841
9 490
2 825
13 806
11 670
10 656
5 581
26 954
28 770
28 396
13 604
9 233
9 301
21 344
9 330
24 659
6 388
22 782
0 500
22 636
19 302
15 739
14 524
23 608
17 357
14 888
27 317
3 642
4 874
7 809
25 837
15 780
7 817
24 210
28 381
10 477
3 450
18 885
8 906
8 244
21 235
26 676
13 457
3 848
12 300
3 518
19 990
24 443
28 461
10 330
21 456
14 447
7 971
9 590
19 480
18 971
6 872
20 626
7 996
29 514
25 351
3 549
8 774
28 311
4 249
11 768
24 888
28 944
27 657
2 927
6 804
2 421
25 299
29 996
18 464
4 335
29 699
28 916
29 528
24 951
28 922
8 652
22 745
13 735
29 472
27 253
28 275
29 308
0 532
22 263
22 895
25 912
16 994
26 655
14 820
14 497
28 396
29 725
21 755
28 357
6 424
15 296
2 844
9 805
22 278
27 418
19 341
22 838
12 794
20 547
26 876
12 915
1 418
14 957
13 804
1 631
27 225
19 318
11 440
10 249
12 621
7 695
27 244
3 528
2 624
22 912
21 200
27 357
0 715
5 558
13 757
0 622
24 401
14 308
8 282
6 703
25 584
3 673
24 738
6 389
1 528
15 919
19 503
4 642
8 732
11 617
4 595
7 279
16 957
26 600
20 958
28 757
3 389
17 738
27 768
28 811
7 212
2 224
28 965
8 919
27 732
22 978
6 473
0 446
16 892
23 615
4 474
15 617
18 931
20 579
16 930
25 925
22 205
25 635
1 658
19 461
17 790
28 637
0 875
11 580
12 578
17 671
29 248
19 441
5 827
8 936
28 389
22 602
13 707
7 955
21 990
4 426
17 339
29 449
18 972
13 684
17 833
21 268
12 698
9 283
29 411
23 811
25 792
23 393
16 439
14 822
6 439
2 808
7 381
1 915
19 346
20 484
6 427
21 207
4 340
16 999
17 352
19 481
5 551
16 937
19 813
4 704
10 714
14 463
14 723
17 276
25 445
19 675
1 931
19 653
20 438
17 433
18 410
19 923
16 483
13 715
2 386
4 694
27 616
20 934
14 628
20 347
23 217
11 612
29 247
22 454
25 646
26 841
29 379
0 354
21 663
17 442
26 952
6 264
23 313
1 855
1 803
17 918
26 258
5 757
12 276
10 859
0 971
15 491
11 622
3 520
11 469
11 887
8 630
24 318
23 426
2 676
25 394
25 310
0 941
1 664
27 707
16 616
26 521
22 724
6 225
21 614
13 500
27 499
17 844
0 377
19 502
13 869
16 664
22 940
11 636
25 242
3 958
8 345
9 299
13 933
25 739
26 573
1 378
5 791
9 664
11 941
15 619
28 415
17 474
15 839
0 718
23 724
12 883
10 809
28 840
23 959
18 689
8 555
16 756
5 252
19 985
20 752
27 734
29 490
0 779
13 511
2 299
1 984
2 502
8 558
13 910
9 642
9 263
27 877
0 884
19 570
11 791
13 213
0 562
9 688
26 406
11 834
17 293
19 968
7 465
9 919
22 624
14 212
15 910
23 255
11 527
6 504
23 267
1 301
21 386
1 676
24 485
8 699
22 290
14 602
13 891
29 743
8 854
19 256
17 710
12 875
15 621
3 334
19 930
23 944
20 365
4 495
19 467
27 241
6 624
2 983
9 252
18 979
6 643
18 437
16 376
15 492
19 904
24 292
19 436
21 822
10 968
13 729
16 293
29 965
10 301
11 701
20 758
7 736
29 494
26 619
27 643
22 536
23 392
6 336
3 871
27 464
1 881
19 796
1 407
16 733
4 556
14 549
24 891
16 820
21 795
22 435
25 754
2 516
28 230
15 224
20 949
4 350
16 458
28 326
22 525
18 866
2 420
28 759
15 971
5 485
22 511
6 228
3 998
24 716
25 548
