2000
17 356
19 620
7 597
23 720
4 469
1 825
9 388
5 660
28 250
22 747
6 311
26 361
23 373
3 231
23 450
16 526
2 862
19 312
12 614
27 945
27 330
10 850
23 764
21 791
27 762
8 965
12 234
7 395
25 655
23 278
27 670
22 226
29 934
29 908
23 814
20 912
19 954
24 379
22 914
8 607
15 694
22 755
26 368
29 923
20 946
3 622
18 918
4 341
21 677
2 324
24 907
27 444
17 848
20 665
7 958
13 837
20 852
21 427
19 919
24 863
28 254
20 437
24 376
16 587
21 326
18 675
7 968
18 892
29 286
26 824
5 717
11 558
5 911
23 845
9 368
6 413
20 868
18 473
0 497
17 679
19 985
24 989
16 489
15 218
29 521
13 760
4 404
3 863
2 879
22 611
23 642
20 263
5 412
29 330
24 811
19 688
23 551
0 470
7 295
5 916
8 252
13 830
11 257
20 851
26 608
16 445
5 673
25 245
23 289
17 839
27 793
14 501
22 903
14 994
25 387
24 701
8 817
12 802
3 254
4 203
8 514
4 869
14 213
1 932
4 644
17 740
2 654
27 719
13 943
10 235
9 620
24 375
17 680
29 216
5 756
1 543
15 438
13 218
28 573
23 956
26 878
25 764
3 636
4 866
8 350
1 337
20 972
21 240
2 771
14 659
13 620
4 278
25 851
16 979
28 531
20 382
16 272
25 503
20 662
22 690
24 262
28 651
19 334
23 489
24 502
8 262
11 984
11 698
11 659
29 372
3 498
27 585
0 779
2 202
23 754
18 974
10 623
1 278
13 315
28 431
20 542
0 635
15 836
24 579
13 514
14 408
2 811
10 382
3 552
28 418
0 627
0 321
3 208
26 535
2 946
18 853
14 555
28 916
6 467
12 561
0 307
20 991
5 683
28 356
18 842
10 219
9 785
14 613
5 820
13 650
15 987
0 541
23 822
21 865
27 683
28 542
19 481
5 452
22 512
18 314
12 874
5 386
12 764
7 446
27 837
18 478
4 805
3 666
18 779
18 228
0 518
5 466
12 200
23 961
28 515
1 452
25 288
17 468
19 979
5 635
20 688
3 978
26 374
24 798
15 200
12 672
12 680
16 407
2 773
0 429
23 517
18 265
2 888
24 386
25 928
0 592
29 226
9 536
2 461
27 239
14 271
10 660
14 472
9 715
15 895
1 293
7 839
28 621
17 382
10 790
12 429
17 911
16 905
23 851
13 648
6 656
17 753
9 618
4 842
28 574
12 316
17 820
2 905
29 887
24 378
17 632
5 952
2 316
29 920
19 308
21 742
18 224
25 477
2 839
4 879
12 268
22 263
27 408
12 951
8 652
1 656
5 540
25 697
6 562
28 756
18 728
17 447
27 618
1 866
2 852
5 425
3 231
23 803
6 959
14 618
24 342
23 617
1 397
29 225
28 240
16 287
27 347
16 773
7 773
9 987
19 695
29 327
9 529
20 526
20 381
2 955
0 252
0 489
28 200
17 645
14 596
3 289
1 406
17 497
18 651
28 379
1 350
13 502
11 429
16 867
29 518
10 705
18 238
27 1000
20 926
21 468
27 771
20 299
11 592
3 941
11 821
2 768
27 989
21 890
0 983
12 534
22 224
22 397
20 348
8 933
7 806
10 433
1 537
0 407
20 899
12 517
21 921
5 204
14 977
21 534
9 571
4 859
7 459
16 988
21 356
4 254
6 757
14 942
10 979
11 726
16 730
15 470
5 289
28 756
22 979
4 476
3 572
7 617
0 397
13 257
3 574
21 414
21 588
28 564
28 549
11 284
18 200
27 397
24 321
19 892
9 758
23 476
11 682
18 724
29 565
27 567
0 987
3 828
0 579
1 826
11 950
21 362
19 420
15 502
12 619
23 465
13 999
19 780
17 965
23 451
23 516
0 986
20 362
4 814
18 724
11 649
28 1000
9 205
15 627
29 786
8 771
27 624
22 698
25 563
23 304
5 253
29 462
18 279
9 621
17 900
2 984
24 564
23 474
15 597
4 664
17 628
23 921
28 332
24 780
23 647
3 754
22 270
19 215
20 613
9 880
22 816
27 622
25 215
13 278
8 754
13 937
18 911
8 681
17 458
2 824
21 891
2 461
24 666
3 938
20 506
26 448
22 435
9 904
24 390
2 403
19 915
8 356
2 451
29 915
19 447
3 329
22 855
19 249
11 572
16 214
3 796
28 212
5 948
29 964
11 247
0 641
5 452
13 842
20 702
25 288
25 353
0 311
14 239
23 264
2 497
23 794
26 483
3 683
9 515
23 319
26 590
21 846
1 451
22 826
23 469
4 640
6 959
26 799
8 545
1 240
5 865
17 514
1 963
9 599
25 718
7 983
1 731
0 732
2 253
2 446
2 931
17 612
11 307
25 751
8 842
15 857
7 496
24 833
9 822
13 277
28 377
25 936
0 472
8 375
15 1000
17 833
17 893
9 645
25 318
0 660
25 497
15 584
17 344
25 954
11 389
29 542
16 999
1 339
2 668
6 901
0 835
15 397
18 671
22 687
22 436
10 730
23 730
14 621
15 753
15 233
22 455
17 200
2 359
9 367
10 584
18 868
0 371
1 675
21 657
6 889
21 434
27 230
26 644
20 839
27 828
9 398
4 217
18 379
3 219
17 377
16 695
15 412
20 703
19 957
21 871
19 271
25 528
1 597
23 996
18 247
1 704
27 341
22 613
4 921
17 708
14 987
20 420
2 760
11 333
22 585
25 521
4 222
25 756
19 574
21 438
10 617
16 622
7 752
28 281
12 392
2 567
13 862
23 259
5 946
12 221
9 568
4 736
1 315
3 947
21 692
21 975
21 516
24 498
5 288
3 703
15 263
19 630
24 843
7 690
9 757
7 732
19 339
20 836
3 874
12 906
5 487
2 731
6 530
11 361
6 241
22 218
20 944
16 407
15 737
28 782
15 786
28 457
2 545
5 325
23 927
28 746
0 504
27 431
13 226
0 798
8 310
29 443
21 336
28 763
23 255
15 525
18 318
7 704
17 756
1 450
20 742
16 895
21 993
2 228
21 658
1 525
10 664
12 434
17 670
20 523
15 202
21 281
26 686
1 352
2 355
16 575
27 454
0 561
22 775
17 741
2 462
14 449
14 493
29 632
27 594
11 266
0 956
14 899
17 995
2 828
9 732
12 991
7 726
25 949
2 899
11 397
27 907
0 486
29 800
11 784
9 623
26 917
11 434
13 893
11 515
2 871
4 973
0 519
12 929
10 458
20 632
0 948
2 663
14 577
24 330
14 274
4 782
20 997
22 489
17 703
2 498
27 565
22 356
15 249
22 695
27 414
29 727
14 937
25 693
13 218
11 453
5 238
15 699
22 245
14 378
7 700
13 428
12 920
3 462
3 735
1 459
2 550
24 944
0 881
18 915
27 437
2 390
26 944
5 691
1 537
9 972
18 578
2 327
6 947
19 955
20 957
13 745
21 424
29 560
6 701
4 682
21 466
4 641
3 490
24 824
8 568
1 617
17 919
29 267
10 507
20 397
7 611
1 865
16 485
10 678
4 905
18 715
16 535
15 929
8 890
9 614
9 915
4 751
26 442
11 940
19 311
3 458
3 456
12 705
15 608
8 429
22 966
26 486
13 202
0 917
2 622
29 843
10 614
29 509
16 566
15 475
29 739
11 293
26 978
11 654
1 451
29 437
22 951
26 208
23 574
18 708
14 961
0 441
5 633
28 360
18 860
6 480
12 900
24 871
5 615
12 343
1 258
20 480
10 444
14 491
21 250
20 488
7 687
0 658
23 898
14 438
14 711
14 608
21 210
13 798
2 764
6 389
20 554
12 471
0 798
20 935
23 463
27 680
26 267
19 678
29 354
20 376
4 434
20 776
23 814
20 269
15 443
16 251
29 665
25 920
25 464
12 212
5 787
15 699
0 537
12 693
24 510
25 363
29 493
29 570
23 600
8 620
25 989
14 518
28 811
10 773
20 492
6 846
28 945
13 224
15 972
3 675
10 928
26 290
5 845
12 266
3 217
16 261
11 276
7 239
11 470
26 895
24 223
23 260
2 248
7 850
26 892
1 746
20 976
12 250
23 524
18 958
18 913
6 204
22 281
16 372
5 341
16 785
10 1000
4 378
14 219
29 794
23 678
29 320
12 977
13 977
4 823
22 908
8 420
0 891
11 715
15 307
16 627
3 579
6 276
0 905
25 284
3 907
0 657
18 393
11 878
22 869
20 715
0 367
27 217
26 561
12 481
7 760
26 830
15 868
11 359
18 300
23 332
8 609
0 837
0 816
7 618
13 568
5 860
8 625
28 513
16 531
14 710
24 730
6 950
24 957
25 330
21 200
14 785
3 655
1 734
19 973
21 444
13 957
20 618
18 638
7 941
21 895
12 865
23 644
27 288
20 695
17 965
6 723
8 796
13 399
7 916
13 704
4 976
23 770
8 881
21 981
19 419
10 820
15 775
7 827
3 787
24 229
29 251
11 663
1 749
27 914
10 373
11 853
19 504
16 591
10 709
3 469
0 935
20 412
4 317
0 653
6 641
2 362
29 412
19 230
25 672
14 610
18 374
0 883
18 636
24 465
6 430
13 508
9 242
27 880
24 604
20 786
15 489
28 564
1 834
12 344
16 951
3 981
0 723
17 871
0 312
28 941
29 521
26 464
28 272
25 275
18 962
8 715
15 601
16 593
29 739
9 663
25 370
25 557
22 404
11 724
24 876
27 498
17 228
1 838
15 326
13 764
25 695
19 564
6 889
4 737
12 309
11 877
21 984
23 895
3 613
12 856
0 686
17 235
14 671
1 271
0 373
3 926
6 812
10 625
17 509
3 609
16 880
11 567
25 418
26 798
19 896
21 875
18 351
27 699
23 991
13 742
2 855
9 537
9 716
21 212
11 224
29 535
28 283
25 530
19 718
18 403
11 545
11 654
1 831
25 322
24 659
8 550
19 938
1 885
7 660
19 950
11 616
16 949
5 741
10 684
0 603
25 227
22 442
25 895
15 951
19 676
11 280
11 299
19 976
17 795
24 951
23 499
5 390
24 929
4 578
2 888
19 811
15 700
23 243
17 741
4 982
18 240
27 881
16 733
20 514
8 736
13 861
7 665
14 717
25 843
13 511
19 670
21 793
4 604
20 230
2 394
15 547
2 761
25 478
1 421
8 522
15 404
5 443
10 413
6 996
4 419
20 681
14 909
29 298
29 455
25 503
25 861
5 812
13 666
19 746
21 822
1 235
15 918
17 821
2 386
0 909
14 828
29 546
13 974
6 254
1 585
16 713
6 853
17 359
13 893
24 341
27 997
26 971
3 573
13 990
16 990
29 434
2 858
3 470
27 358
11 622
24 842
7 520
7 296
1 310
14 643
26 497
15 596
27 591
28 611
9 726
10 786
16 295
11 254
25 242
21 288
17 644
23 805
15 872
4 408
26 315
2 222
12 914
4 505
20 793
25 615
16 300
16 804
15 882
16 715
4 607
8 476
21 570
7 381
5 863
9 715
28 314
23 945
13 643
23 442
9 403
22 597
24 356
19 970
13 264
9 213
4 385
25 963
11 787
22 519
19 380
5 319
23 508
7 424
18 322
5 448
24 341
6 737
23 373
9 594
13 688
20 220
3 269
23 334
16 218
0 684
26 384
10 210
28 578
20 381
23 966
7 213
18 238
26 389
29 311
24 797
24 384
24 560
13 452
5 672
27 403
26 499
4 801
0 828
0 684
2 557
28 652
23 838
29 251
11 739
12 707
11 286
3 819
25 714
15 223
28 631
9 603
11 795
9 335
13 603
20 351
7 602
16 561
24 605
4 643
21 566
24 377
4 981
29 290
24 348
12 625
17 905
6 950
23 755
27 848
20 314
29 600
29 925
5 215
8 473
1 565
28 224
20 392
0 729
16 797
2 469
4 940
17 344
0 607
11 749
26 831
24 487
13 950
16 652
5 846
17 528
14 390
21 665
21 581
5 555
9 326
5 679
25 284
22 691
5 730
20 442
24 547
14 741
9 341
16 905
16 296
21 674
14 612
10 814
2 275
4 504
24 427
14 593
0 597
1 747
13 476
3 439
18 821
29 455
7 485
14 268
21 634
29 208
3 888
12 460
14 995
2 638
29 913
10 882
25 981
21 867
13 454
23 204
1 697
9 732
25 335
22 204
20 878
26 772
19 782
4 651
29 638
20 624
6 424
6 731
12 659
25 641
26 671
20 750
11 832
26 538
15 626
20 584
11 836
5 768
10 804
21 608
1 345
27 781
15 921
1 236
18 922
22 724
22 818
4 733
5 868
26 382
15 719
15 663
26 912
0 424
28 833
27 377
14 906
21 250
4 901
6 554
2 305
10 246
20 549
16 616
16 665
24 359
27 473
13 958
23 582
18 205
11 346
7 631
17 328
17 348
27 430
19 371
21 220
8 677
10 341
13 693
7 811
10 715
7 920
29 869
22 357
12 479
15 322
24 891
5 870
29 642
22 754
13 474
10 608
4 354
19 582
24 607
2 592
29 925
22 996
9 459
27 294
4 562
28 326
0 231
11 857
7 487
10 303
23 299
3 902
3 816
6 651
19 482
24 992
21 736
18 548
27 259
4 776
28 323
25 919
20 532
21 260
28 736
20 867
8 709
4 466
27 881
20 907
18 474
7 259
10 320
10 257
13 244
5 406
27 319
29 401
24 604
17 279
15 729
27 395
22 751
13 679
15 962
16 796
22 733
12 287
8 545
27 745
28 376
5 577
6 889
21 794
4 766
19 468
6 569
28 589
23 404
17 558
9 861
6 799
25 219
2 557
17 468
17 967
2 541
26 367
27 297
11 390
6 465
23 463
26 505
24 891
9 604
20 440
10 759
22 980
3 966
3 740
17 737
23 914
3 319
3 453
21 494
19 842
9 579
25 972
25 749
4 534
21 429
16 970
3 428
28 219
11 520
12 395
12 626
22 418
10 768
28 830
16 738
29 335
7 937
26 869
2 957
0 318
8 320
29 603
1 532
13 212
13 441
20 601
0 937
4 216
4 776
5 585
5 933
18 269
22 967
25 703
4 891
28 851
28 589
21 677
0 664
23 865
27 406
21 331
19 544
20 258
15 937
3 738
1 514
18 376
4 287
15 422
7 871
28 973
4 274
22 356
1 928
22 203
17 437
14 473
6 520
12 417
17 494
0 520
16 960
5 835
18 350
25 289
21 756
9 736
9 771
25 717
10 868
3 917
18 640
8 652
8 245
28 896
18 404
2 384
17 306
11 732
2 603
18 620
20 513
5 659
21 764
17 865
23 490
22 793
3 613
25 987
4 500
21 729
18 296
24 210
10 411
7 519
24 309
11 322
0 393
3 737
26 296
0 343
2 506
17 639
22 551
26 777
16 279
24 751
18 417
7 617
24 781
18 889
5 749
13 856
20 643
19 755
3 526
11 251
25 313
25 405
28 524
5 300
23 553
23 885
0 815
22 686
6 931
8 300
21 628
15 854
11 813
22 949
29 619
6 456
27 515
18 414
23 388
29 499
28 317
27 415
16 438
3 434
8 925
16 649
16 507
13 458
4 530
2 794
13 717
16 367
2 269
10 720
24 723
13 498
21 292
13 728
9 795
12 650
21 248
25 864
12 637
13 634
9 406
4 283
10 280
1 343
29 814
11 534
8 856
24 428
2 961
15 411
0 756
27 843
21 373
0 640
20 767
21 530
0 732
2 704
26 827
12 216
7 799
0 931
26 435
21 765
3 905
20 844
1 265
14 488
22 712
13 418
3 230
20 351
0 578
8 247
6 319
0 239
22 979
5 359
21 664
20 879
4 437
11 756
25 519
20 847
15 333
1 210
6 278
0 454
22 705
7 238
2 214
5 923
23 566
24 235
9 573
9 581
29 834
25 540
19 779
21 501
1 619
20 347
25 647
22 890
17 569
20 943
10 836
29 928
24 955
11 277
26 482
12 358
28 949
9 791
9 657
16 695
6 877
9 749
14 399
12 444
14 567
0 896
20 1000
10 919
0 446
12 633
10 317
7 801
19 271
18 860
1 374
7 999
0 660
13 243
0 724
3 535
25 995
14 945
1 703
6 424
3 290
13 984
17 725
22 954
12 769
26 522
16 722
22 940
22 494
14 921
18 329
24 230
6 968
25 385
7 673
3 951
11 887
14 451
11 357
21 597
3 831
2 580
28 358
7 287
22 912
13 580
2 987
11 330
3 976
5 760
8 212
18 402
17 556
4 612
7 513
12 861
19 489
26 868
19 553
18 284
20 478
3 434
20 872
7 572
13 471
13 286
4 979
23 499
12 722
27 237
12 279
9 625
9 410
0 210
10 936
9 982
15 641
11 418
23 385
12 466
16 445
18 329
24 678
28 690
6 439
1 695
10 444
15 613
20 418
9 437
7 902
12 749
22 244
17 593
16 574
21 223
5 733
12 338
26 960
9 544
24 250
27 417
9 318
0 219
23 428
1 869
21 470
3 387
4 391
0 654
9 534
27 518
5 433
1 793
24 436
5 540
14 914
14 749
28 976
29 645
25 878
15 503
7 706
21 869
9 384
17 298
13 832
24 278
17 490
14 876
3 611
27 509
6 748
25 262
14 271
0 581
5 718
12 820
21 252
18 720
1 767
11 691
21 614
5 461
28 871
9 669
20 793
1 701
23 869
9 837
20 724
22 445
22 591
10 317
28 891
20 720
8 725
22 775
13 461
7 757
2 902
27 665
19 273
29 398
17 363
12 220
21 765
1 517
12 823
5 577
9 555
13 313
0 332
12 614
25 653
17 688
1 535
5 457
11 806
3 358
25 468
21 697
19 472
26 705
1 206
20 278
14 235
4 731
24 885
27 448
5 499
26 363
7 314
11 374
23 834
21 376
1 957
13 390
11 636
3 656
14 891
28 923
29 590
2 862
5 247
9 708
5 528
1 606
12 839
8 686
13 600
23 416
24 345
16 686
18 891
25 640
1 467
21 588
1 579
29 281
3 583
