2000
25 673
8 402
22 419
12 790
3 607
20 994
23 585
14 206
12 927
29 358
1 388
25 376
16 597
6 531
23 658
29 837
1 327
29 836
14 234
24 533
1 265
15 275
16 714
4 879
4 512
26 435
25 677
23 202
15 382
2 463
12 938
19 952
24 254
25 981
17 360
25 731
4 563
3 950
0 259
4 664
15 614
10 280
19 548
17 595
20 255
7 475
13 532
28 239
14 924
0 372
3 651
2 242
26 208
29 571
20 476
11 475
14 520
13 897
26 888
29 744
1 424
21 695
16 536
3 868
2 706
12 894
2 507
13 278
5 760
1 566
13 582
28 906
11 971
18 208
23 331
26 828
12 797
4 685
27 300
21 351
9 320
18 536
29 243
8 641
29 318
5 509
6 715
0 966
28 297
27 319
10 737
1 892
6 996
19 739
28 558
26 357
15 904
3 226
7 714
26 624
5 929
24 435
4 209
27 859
7 205
20 229
3 740
16 929
5 692
21 333
17 910
20 312
28 774
13 288
23 999
25 729
4 702
27 897
13 398
9 999
29 805
1 814
22 643
8 482
10 992
24 307
0 223
15 862
5 552
27 487
1 705
7 207
28 412
13 500
28 702
7 702
27 645
21 924
2 609
10 837
4 215
24 552
17 982
12 227
19 253
3 607
6 414
24 237
3 851
10 483
12 215
13 221
25 419
13 687
17 635
0 776
29 438
12 680
14 317
13 558
2 214
0 732
13 433
9 779
14 404
20 687
21 431
26 611
12 938
28 764
23 396
23 359
21 451
1 564
21 478
15 703
3 222
9 375
4 564
21 689
13 357
10 542
4 990
23 835
7 359
5 574
6 306
21 548
29 691
17 561
3 762
23 749
28 672
3 315
21 942
0 893
5 324
23 910
2 229
28 271
6 214
12 519
13 731
12 902
3 476
3 968
14 316
3 289
19 776
1 401
17 933
5 638
5 883
29 786
22 708
7 556
23 433
22 231
12 594
10 786
21 871
15 917
21 540
0 565
24 846
19 987
1 859
14 578
24 428
0 678
2 892
8 406
28 609
14 514
27 761
29 478
5 858
15 311
17 772
29 478
29 775
4 641
7 656
14 810
2 606
5 242
25 784
10 233
18 855
3 523
9 720
0 264
8 958
0 749
25 617
15 659
23 414
10 931
18 750
24 879
10 937
19 930
7 702
26 312
16 776
5 424
18 793
0 263
5 901
4 985
26 485
28 574
22 647
9 692
2 628
6 954
23 669
5 887
15 455
1 592
21 694
20 620
24 353
20 367
18 378
28 864
9 284
15 811
7 698
24 318
1 564
19 510
16 843
28 307
0 683
13 556
3 970
15 637
20 384
2 978
20 391
17 388
3 627
22 490
8 207
12 319
20 450
22 211
11 257
28 563
20 574
25 927
17 961
16 975
25 937
19 851
9 259
16 918
13 703
12 690
27 463
7 534
1 500
18 795
10 289
6 675
19 655
3 225
22 698
22 999
25 711
4 831
29 533
10 430
0 727
26 429
17 782
7 203
24 989
24 625
27 563
26 219
29 740
14 586
17 683
15 363
0 779
22 620
25 424
20 388
10 550
12 531
17 703
6 257
24 872
19 224
14 977
22 796
2 605
11 862
19 213
3 443
12 681
17 808
19 933
11 354
12 849
2 353
15 984
10 692
3 540
26 900
2 971
4 977
27 328
29 284
24 281
14 628
22 240
24 851
24 849
9 204
1 943
4 364
6 453
1 284
7 667
21 312
15 728
2 259
15 877
7 582
29 483
5 304
0 562
0 561
4 458
18 381
7 755
27 819
29 577
9 628
17 778
14 435
19 218
20 524
5 814
8 405
9 270
23 501
0 214
29 941
11 698
24 881
8 228
21 254
25 846
11 869
5 201
23 362
4 273
6 216
9 762
12 667
7 208
14 491
8 764
17 963
3 331
29 531
18 253
25 278
20 834
6 209
8 619
19 983
16 952
27 593
20 603
25 955
28 618
1 446
22 688
28 222
18 445
0 777
23 571
5 714
15 312
13 533
9 210
15 697
29 782
14 232
2 292
21 603
18 948
9 762
3 717
2 842
3 472
18 633
10 704
15 343
17 920
19 311
8 285
19 832
23 361
23 427
24 578
19 636
23 533
5 634
21 602
13 693
11 273
22 744
2 287
28 896
12 299
25 754
16 408
14 848
4 642
1 763
15 292
21 999
23 468
23 997
2 723
26 391
1 965
18 677
12 563
9 237
11 534
26 644
7 355
11 640
11 857
27 617
18 789
11 979
2 224
7 676
17 677
27 780
18 594
16 449
29 992
2 527
8 318
0 767
20 583
12 381
2 987
19 890
24 860
9 354
17 990
12 456
5 407
14 777
16 229
17 637
28 378
20 735
8 268
21 233
8 804
19 879
19 939
29 237
25 483
12 800
21 620
27 762
14 566
14 962
18 209
6 687
16 207
19 605
1 401
28 742
21 1000
7 238
26 425
0 894
29 945
10 907
20 621
19 290
5 962
16 693
0 960
29 542
2 562
9 488
21 939
25 793
9 591
22 336
8 601
1 373
28 544
15 935
17 921
2 359
14 735
4 359
25 381
24 541
28 429
9 361
9 555
8 227
5 202
5 222
23 273
4 244
21 528
26 546
29 998
9 247
7 301
3 241
1 622
18 805
7 976
25 649
14 483
11 862
22 255
28 335
26 605
27 861
0 264
27 821
1 436
14 923
18 736
22 853
18 666
24 358
26 317
8 401
9 473
29 808
27 756
11 609
21 990
21 207
29 982
27 840
22 370
25 854
15 682
11 538
8 737
3 822
1 317
18 436
6 471
6 563
0 246
28 769
27 912
3 784
11 710
10 881
28 357
1 926
27 411
20 857
22 802
15 947
6 607
20 538
16 376
29 465
6 656
7 583
8 318
14 257
19 825
1 778
17 437
13 322
11 462
23 957
10 881
26 341
17 734
28 906
27 540
11 605
25 310
11 513
24 381
22 416
0 849
13 860
28 514
16 231
24 525
5 205
26 599
10 245
15 248
28 818
0 290
29 203
3 776
24 781
16 702
15 428
23 911
17 994
12 465
7 471
13 295
8 444
14 313
2 594
4 565
6 763
4 523
10 453
1 440
3 584
25 592
4 995
16 662
4 925
9 819
14 660
20 846
11 542
17 786
7 394
16 804
4 378
4 504
20 876
14 444
11 762
15 507
15 717
8 242
18 458
10 667
19 798
14 263
27 409
7 918
14 709
24 482
18 250
28 957
25 632
19 547
8 389
15 544
10 805
17 472
28 792
15 884
23 500
22 441
17 683
22 485
0 729
1 841
21 356
3 941
29 627
15 892
11 222
2 342
14 540
11 405
28 729
17 574
0 206
12 649
13 713
18 519
20 622
18 643
0 439
12 526
24 643
6 362
29 408
8 508
18 615
18 752
19 328
7 632
6 734
25 248
4 591
28 661
5 402
2 203
20 920
11 647
27 845
18 571
19 365
20 622
23 375
19 225
22 221
8 991
27 936
24 668
19 912
11 512
17 865
17 781
4 868
19 738
20 552
7 712
2 386
26 963
6 509
4 229
21 930
8 812
15 489
13 255
8 989
12 974
26 312
26 488
29 893
6 503
21 436
23 838
17 496
8 751
28 758
15 884
19 718
26 434
24 559
22 523
2 934
25 717
18 303
4 877
21 991
14 848
7 515
5 219
15 874
22 296
8 563
21 787
28 382
9 964
12 851
14 589
16 594
11 615
21 379
29 366
14 470
17 728
0 836
22 614
7 657
29 985
15 388
2 490
10 581
5 990
27 429
24 991
21 572
20 576
11 460
4 925
18 409
14 363
22 339
9 786
5 528
23 216
15 715
11 861
23 344
28 868
21 241
4 727
0 381
5 535
8 563
6 848
3 936
5 215
20 570
19 748
10 863
12 268
21 607
16 315
15 605
26 529
29 210
1 521
9 256
12 707
16 475
4 816
20 824
20 875
15 968
4 283
10 403
8 237
25 872
29 990
5 283
27 691
0 823
22 507
2 489
25 809
24 274
11 215
15 261
9 918
1 203
12 737
12 238
17 661
27 330
10 307
9 465
27 912
26 754
17 437
12 605
6 890
19 561
7 252
24 552
27 633
25 859
13 216
20 722
18 350
18 466
25 250
0 760
27 861
18 624
16 485
3 669
27 923
9 1000
25 537
11 473
7 989
6 333
22 639
3 620
16 865
14 905
10 836
15 220
6 659
2 562
29 352
4 661
15 792
21 416
25 660
10 295
18 235
8 781
27 551
10 363
20 216
9 333
22 456
4 653
23 491
25 737
24 525
25 239
6 945
24 651
7 215
27 915
7 641
4 579
0 408
26 258
1 815
0 349
29 258
6 867
22 701
21 290
10 530
3 620
14 222
9 311
2 322
14 227
0 441
16 560
27 622
5 887
13 431
12 264
21 946
16 829
0 439
3 226
0 498
18 619
17 662
11 364
23 607
5 966
28 320
16 711
17 803
23 223
14 967
24 830
2 927
20 224
25 220
5 294
25 875
0 632
11 974
7 946
26 446
15 519
12 727
8 507
23 220
8 472
28 464
27 489
5 318
21 481
23 468
4 228
20 735
12 553
24 868
23 601
29 751
17 921
0 527
24 606
13 498
15 930
11 570
19 317
18 665
18 916
22 653
27 844
16 882
11 490
22 661
1 385
20 228
9 858
7 571
4 863
8 251
28 415
27 784
3 419
17 590
9 956
12 952
23 524
16 285
21 819
15 237
9 518
27 936
3 414
29 565
9 260
18 915
1 799
22 381
11 987
17 397
13 380
29 238
29 762
24 556
15 231
27 594
27 640
18 903
1 642
19 340
5 217
2 595
29 275
10 514
15 840
22 270
24 982
15 279
16 337
6 604
6 866
9 231
13 881
7 518
7 975
17 993
4 573
23 985
4 751
4 960
17 781
4 308
13 750
11 862
24 686
10 831
28 682
13 283
28 767
25 704
25 677
12 379
18 546
3 618
16 491
25 795
19 798
12 746
18 598
13 570
22 647
2 208
14 831
0 887
27 696
10 567
27 428
0 621
14 328
12 383
2 529
13 799
21 363
15 997
17 370
3 649
2 766
1 855
8 612
11 273
8 662
5 735
13 507
17 568
16 784
11 368
19 871
22 722
25 690
24 594
9 957
7 303
2 342
29 791
15 368
16 409
2 296
27 668
29 309
25 956
28 606
27 428
0 598
12 778
8 922
11 750
10 823
16 513
2 563
16 387
0 794
8 372
18 305
0 323
29 394
20 580
23 402
8 583
1 711
1 679
12 852
7 701
27 517
15 484
15 977
15 866
0 233
28 432
1 207
17 295
10 873
15 846
3 838
20 937
28 620
23 872
11 625
12 318
13 805
26 645
16 481
25 906
26 507
23 756
19 731
4 995
4 320
21 587
14 703
29 829
22 809
9 380
6 781
9 536
22 721
8 355
9 454
19 587
1 202
9 321
2 469
18 728
21 409
29 463
22 634
25 555
1 751
28 785
28 790
12 547
23 832
4 399
18 542
8 317
20 391
10 212
14 657
19 601
11 462
27 235
27 858
27 345
4 771
12 821
7 677
23 238
9 981
16 806
22 822
13 324
21 399
28 798
16 438
9 790
27 905
3 659
5 688
11 711
10 387
16 318
7 994
25 666
17 423
4 201
0 909
21 697
8 337
26 843
3 454
11 998
13 668
17 783
19 705
27 741
3 487
29 236
14 765
24 840
2 339
1 267
19 709
17 495
17 725
12 339
28 647
19 856
6 532
14 603
4 904
14 439
8 360
17 749
23 445
5 580
28 202
16 995
23 686
13 228
4 306
18 760
25 897
5 214
21 291
29 350
9 522
18 827
19 221
11 931
2 373
21 251
28 636
20 574
18 206
29 238
0 858
16 278
9 745
22 331
20 815
17 469
1 516
20 831
0 752
3 204
1 461
15 335
29 276
24 591
15 238
12 303
20 690
10 210
25 759
14 339
26 724
3 244
12 443
15 474
10 517
11 263
23 279
21 445
23 425
8 454
13 389
10 353
9 291
1 859
6 459
16 303
16 267
10 921
0 412
15 623
2 515
7 955
13 497
28 631
16 952
13 618
12 319
6 558
6 520
29 669
23 305
3 787
26 258
12 806
10 953
12 695
13 292
3 225
10 543
4 611
24 801
28 700
27 432
28 916
9 807
8 305
12 374
26 354
12 930
12 970
21 394
22 637
9 862
23 981
8 280
29 790
27 793
4 421
9 961
12 919
6 339
19 790
19 443
27 242
9 812
27 508
2 274
9 566
24 910
7 830
14 844
5 683
21 646
9 250
27 573
10 818
15 317
2 562
29 708
18 980
19 706
3 236
15 413
28 819
7 531
17 908
7 810
15 728
7 948
18 955
18 482
4 639
6 646
10 708
2 454
21 724
1 656
18 623
9 585
27 328
10 843
13 507
21 949
28 811
16 515
13 468
8 284
25 384
22 748
15 840
6 443
20 866
26 794
14 557
29 565
25 714
25 594
26 808
15 402
5 871
5 664
27 523
8 435
15 570
17 498
28 704
19 739
7 517
19 699
20 525
0 827
5 720
21 709
16 306
18 945
18 215
20 856
0 520
17 327
20 252
5 698
29 986
25 846
21 250
14 990
28 421
28 594
17 442
2 264
18 595
2 395
12 303
21 872
15 818
11 345
18 823
18 816
18 654
16 378
13 379
9 344
3 462
17 436
0 978
0 577
25 377
27 528
18 322
28 887
4 790
4 729
0 958
12 472
0 768
14 364
22 386
26 273
14 237
28 871
24 389
28 859
26 585
15 628
9 589
23 211
12 481
13 643
3 751
27 386
24 582
28 365
16 288
10 390
17 674
10 276
12 421
10 991
21 869
26 987
24 348
20 206
3 982
11 911
5 276
1 679
15 336
15 592
1 827
21 441
12 668
7 914
25 879
17 340
27 212
29 356
18 796
20 683
25 986
28 469
24 541
13 355
10 997
17 590
20 240
23 826
28 712
12 290
18 818
19 750
21 329
26 531
15 603
7 732
29 561
24 866
8 754
12 642
3 568
10 900
15 475
4 415
8 308
21 336
24 460
6 532
13 998
21 967
19 945
3 482
26 333
27 887
23 929
7 952
0 604
2 310
19 709
27 200
3 973
14 329
6 987
16 535
0 939
0 662
18 397
5 717
23 791
13 615
19 619
10 649
17 999
9 325
12 737
20 553
16 350
25 893
20 930
1 377
12 292
4 952
15 453
0 803
20 594
21 655
26 449
23 807
23 553
20 457
27 525
17 608
25 375
28 267
15 434
12 821
29 643
22 543
16 548
16 731
0 667
21 446
7 817
1 280
13 464
5 784
7 715
16 696
23 615
13 292
16 592
13 658
8 367
18 858
16 785
23 620
15 607
5 384
7 342
3 328
29 981
14 752
14 799
1 957
21 469
20 860
15 651
20 298
3 922
9 995
7 633
6 762
8 464
12 679
0 259
11 698
12 720
29 312
26 916
4 504
8 937
28 528
1 533
28 309
5 227
0 428
22 792
17 783
25 214
22 843
2 341
10 907
0 557
12 862
10 260
4 345
17 552
22 784
27 381
20 505
20 806
22 614
2 674
27 418
15 226
26 682
18 331
15 554
24 353
1 711
22 480
27 317
22 459
16 871
9 371
22 928
24 455
1 224
23 362
12 492
26 747
26 727
12 848
7 813
20 359
26 922
17 533
12 570
3 989
20 844
24 489
28 557
12 337
16 806
26 667
13 442
19 755
21 636
15 882
11 989
10 204
29 618
27 703
19 648
25 535
12 464
27 227
21 238
18 349
12 306
16 756
15 221
3 752
15 436
18 336
17 580
27 618
13 395
0 594
19 918
29 260
11 662
26 377
10 446
7 293
27 788
6 306
8 793
6 487
16 336
24 437
0 667
13 894
0 919
10 696
26 358
28 552
18 455
10 543
25 880
21 217
26 533
19 947
4 357
27 752
23 705
6 902
8 994
14 206
8 320
14 840
22 660
27 685
22 333
4 765
28 568
11 296
23 313
24 223
7 376
20 762
14 710
24 826
18 356
0 311
4 724
0 597
5 626
9 367
0 808
17 240
28 444
23 890
13 408
17 732
27 566
5 412
17 332
26 881
20 627
2 1000
16 542
26 557
4 564
21 819
22 855
29 599
0 897
3 374
28 249
28 512
24 836
24 831
2 488
12 521
4 584
20 928
7 601
22 242
28 244
27 613
19 496
21 646
16 799
5 665
0 872
23 473
15 389
1 981
13 391
29 673
21 861
2 716
19 924
6 362
8 998
11 227
12 427
12 682
26 816
7 853
22 449
7 237
21 569
11 697
24 619
19 909
11 695
22 348
27 775
19 609
14 874
1 747
15 845
27 311
21 988
13 800
6 687
14 956
19 848
10 850
2 231
17 930
0 274
11 365
3 497
6 835
15 333
3 588
20 615
9 971
9 282
9 373
29 659
11 210
14 277
28 597
25 545
1 201
12 987
10 399
17 752
28 338
27 653
8 997
23 566
6 672
8 680
26 773
29 837
15 244
29 377
27 855
7 403
10 961
17 459
13 651
4 921
6 290
17 765
16 661
25 403
3 498
12 317
15 455
23 496
11 273
22 528
29 465
15 686
19 327
11 823
2 699
2 592
26 667
22 444
4 344
7 224
11 240
2 890
15 896
5 927
21 983
28 376
15 553
5 799
1 529
20 751
9 307
28 381
21 764
26 419
24 661
14 457
10 613
29 714
3 367
19 463
20 540
18 915
8 969
8 900
16 905
10 779
6 360
17 833
19 874
0 777
2 433
4 268
7 594
26 440
18 870
27 388
4 558
17 211
18 210
6 216
25 213
16 805
6 455
1 799
19 464
4 836
24 481
22 947
18 582
3 868
10 580
1 311
10 944
14 861
28 923
12 508
23 610
9 810
21 344
12 737
8 680
18 886
3 401
3 827
20 615
22 213
6 271
10 626
24 471
16 814
18 392
14 344
8 556
8 580
23 817
1 323
17 221
15 710
