2000
12 238
19 826
11 816
3 674
7 397
5 431
21 219
29 832
12 786
9 567
29 614
10 641
26 811
19 298
7 455
0 788
27 662
19 210
29 767
14 387
12 405
8 908
8 965
23 594
13 828
25 376
20 779
20 953
18 591
8 691
27 996
5 627
17 235
12 666
27 328
18 780
17 862
25 759
5 260
23 688
24 302
29 576
4 286
20 981
8 900
24 637
22 602
25 552
7 635
2 944
8 817
8 510
18 424
14 446
8 701
6 456
11 596
13 881
17 387
5 270
5 592
7 308
27 400
3 433
13 749
2 478
12 409
22 856
7 428
11 216
17 561
1 600
22 546
11 605
16 579
10 938
18 548
29 686
11 647
4 411
22 650
1 785
15 811
17 879
4 745
25 388
9 685
7 927
17 955
18 592
4 581
20 719
18 859
11 784
16 455
13 874
25 255
12 790
14 968
22 471
20 460
22 899
3 222
16 213
24 746
10 259
11 549
24 695
14 485
15 934
10 406
26 930
15 611
23 416
11 806
29 840
4 221
22 332
15 324
23 405
19 542
10 495
9 814
19 566
14 509
27 862
0 945
21 766
16 680
21 516
8 866
1 864
3 278
25 538
22 345
14 664
16 276
4 500
13 977
10 728
16 539
23 472
7 820
22 769
21 872
27 798
21 578
18 287
20 380
0 295
26 334
20 432
2 360
5 684
17 331
19 873
8 486
5 995
24 351
2 502
2 224
21 537
25 710
0 546
4 663
12 805
8 978
25 534
10 683
27 278
14 779
25 573
12 510
20 519
16 809
1 948
9 817
18 684
22 564
16 911
25 594
0 218
28 366
0 783
15 640
23 983
29 412
24 719
11 558
22 874
26 621
28 983
22 432
3 865
13 244
14 247
16 905
0 557
26 484
22 880
10 365
7 934
12 624
27 383
21 294
23 506
2 938
10 865
19 321
19 460
8 275
14 702
1 986
8 734
17 453
14 837
13 913
25 459
2 755
3 570
22 563
6 385
20 450
0 715
5 592
11 940
3 714
28 268
12 665
3 920
24 580
1 898
22 863
25 890
25 632
22 420
5 420
16 590
18 253
9 836
3 216
1 971
20 634
13 857
19 874
1 733
23 591
22 377
23 821
5 583
23 834
9 706
15 466
14 611
14 987
7 346
22 969
10 754
9 915
23 907
27 555
8 373
12 675
3 360
20 628
1 480
8 627
14 328
9 316
28 848
19 653
22 817
9 321
4 722
2 970
26 665
16 776
5 508
22 340
12 218
3 303
24 763
3 412
12 782
3 216
11 418
6 820
25 288
17 450
10 406
15 349
10 657
0 790
14 311
2 634
1 763
16 812
4 976
10 200
23 313
9 971
22 200
21 329
14 528
1 249
2 885
21 668
21 443
1 517
17 925
5 737
12 321
2 317
22 960
22 604
29 433
25 747
16 703
25 248
28 810
14 470
4 616
1 829
1 671
6 631
0 925
23 910
24 367
6 353
10 824
11 269
6 260
17 941
0 414
16 677
17 224
24 490
22 769
22 649
4 594
21 954
23 277
16 223
13 386
25 253
18 211
5 825
17 242
2 853
18 274
29 448
16 775
24 256
3 860
27 481
14 723
2 614
4 748
5 319
19 577
4 721
19 908
19 748
27 509
0 791
29 828
14 497
21 647
21 664
26 464
22 839
24 856
6 824
10 368
2 504
18 959
9 278
13 681
11 286
27 725
19 361
6 389
0 731
19 933
16 432
20 850
7 383
18 404
1 216
25 897
11 778
21 331
5 732
13 347
28 296
8 544
18 215
9 717
29 327
16 565
0 791
25 792
26 738
15 985
1 783
12 663
24 965
7 230
0 757
3 807
25 952
28 853
27 282
4 915
24 720
12 912
8 725
18 381
19 826
20 919
14 905
17 403
19 983
26 210
3 358
1 904
18 477
10 678
9 441
2 569
9 336
21 614
2 603
6 795
4 438
21 528
28 422
25 388
19 282
15 512
4 907
3 691
29 660
12 751
22 290
26 999
10 225
19 509
5 715
23 710
23 622
20 746
28 811
18 608
28 682
3 302
26 357
14 639
25 585
5 380
1 839
2 673
18 800
28 723
28 366
10 844
6 978
12 735
6 637
26 823
20 792
15 550
11 251
15 668
16 434
16 403
19 628
9 454
19 352
28 790
10 803
2 294
5 445
1 958
17 655
12 361
23 350
21 982
4 716
14 732
8 364
18 440
27 465
5 375
26 309
19 465
7 468
4 473
7 616
0 664
18 207
2 785
15 605
16 686
6 593
5 768
15 818
20 401
11 220
1 543
8 922
6 640
28 616
20 317
19 401
23 564
18 971
23 312
1 264
24 372
20 692
1 705
24 708
14 482
17 437
5 412
10 921
11 943
24 933
10 232
28 625
14 338
22 761
5 415
12 378
9 766
11 308
11 323
12 857
22 827
26 304
13 897
7 483
5 541
3 910
7 999
20 536
18 852
13 405
16 468
8 222
18 653
0 919
13 437
27 578
27 992
27 889
10 759
25 476
1 391
25 295
23 267
2 385
7 911
23 672
18 316
15 900
20 600
25 503
13 545
13 315
29 614
15 893
28 705
11 937
16 329
3 670
25 700
22 567
1 968
0 396
28 470
15 672
14 943
23 659
13 783
20 584
4 707
1 702
7 214
6 748
1 315
13 788
15 961
8 999
24 595
19 235
15 654
3 577
15 786
18 568
4 683
14 501
5 622
26 821
9 403
19 872
21 417
10 837
24 231
23 982
10 509
10 753
13 594
23 805
27 653
23 281
7 230
5 775
14 960
1 247
25 580
7 403
24 877
2 688
16 338
26 867
7 274
1 606
19 757
26 796
9 542
15 587
12 368
0 282
9 362
19 779
26 802
24 937
23 302
28 745
1 298
17 575
18 855
27 481
7 241
7 871
16 730
4 463
12 794
13 985
27 645
10 201
20 747
4 742
29 845
21 357
6 267
28 731
18 379
26 779
3 689
2 409
16 793
14 664
8 971
12 893
14 742
24 354
23 443
1 617
2 756
11 702
19 436
17 638
23 610
18 557
27 670
28 582
20 453
9 999
3 535
3 255
1 360
2 456
12 310
26 499
8 446
24 829
4 954
14 479
26 443
1 437
9 875
22 317
25 578
13 777
3 707
29 468
23 244
19 514
17 372
13 579
26 494
23 442
1 340
9 494
29 419
9 501
7 667
27 525
7 252
28 572
24 773
0 494
22 598
24 824
11 266
3 874
15 337
11 204
12 484
18 551
20 756
17 609
15 655
24 477
8 614
6 835
15 448
1 1000
25 637
23 533
27 665
23 793
27 773
6 834
13 328
26 866
1 915
23 817
22 962
15 625
21 653
12 764
14 760
23 629
19 785
3 703
22 954
3 977
19 775
4 761
23 550
0 596
5 544
17 620
4 365
25 391
26 353
28 311
2 522
13 697
6 787
11 836
24 355
19 827
18 627
17 862
3 750
20 244
18 656
25 282
21 936
5 812
8 735
18 887
21 286
18 765
15 615
9 973
7 982
28 845
16 859
16 801
22 312
24 394
10 447
27 574
15 468
23 876
1 910
17 433
28 991
22 361
23 671
26 916
19 900
11 459
12 539
9 876
12 870
18 617
3 268
24 616
17 576
5 511
15 423
4 421
12 205
6 710
10 607
3 786
26 360
29 696
5 636
18 321
24 295
23 752
11 261
4 499
4 991
7 491
4 634
28 684
25 907
21 812
29 454
1 265
24 606
14 937
20 615
2 491
16 450
12 505
23 989
24 860
26 405
26 475
13 843
29 281
4 860
19 937
0 620
11 468
14 314
23 797
28 795
7 462
22 887
7 240
19 573
0 285
14 227
4 726
5 421
16 264
5 621
12 419
26 320
22 699
14 305
13 675
17 300
20 289
7 787
11 435
14 232
15 504
3 576
26 598
13 893
25 595
5 936
19 594
17 543
12 455
10 397
29 254
5 660
27 999
24 311
1 996
16 578
7 940
9 236
19 876
0 473
15 403
11 370
19 967
5 266
5 872
17 311
23 247
3 899
12 900
19 233
3 635
6 815
17 548
22 832
28 799
3 366
20 555
9 431
27 365
10 956
22 931
1 388
10 945
22 989
20 637
7 979
4 821
11 236
1 245
9 731
8 366
1 579
12 411
1 772
20 768
24 830
1 605
14 733
26 834
14 604
21 225
3 717
8 778
19 798
5 327
27 776
9 709
14 659
8 879
7 527
20 464
13 517
26 789
27 479
29 260
11 284
20 761
18 595
6 801
28 733
14 796
7 618
12 891
1 657
8 296
0 493
20 344
15 706
26 720
16 646
25 819
2 623
24 902
26 882
2 607
9 567
9 940
16 372
20 481
16 486
20 854
24 473
26 837
25 951
5 515
20 924
28 200
0 348
15 655
26 759
26 250
28 650
26 760
28 639
25 976
10 303
4 437
11 547
13 918
4 638
16 333
19 857
22 483
4 848
6 540
16 921
25 600
17 688
11 716
12 743
13 544
4 886
19 291
5 631
23 742
27 911
9 668
29 282
2 265
10 860
11 491
13 411
29 210
10 320
6 733
15 847
21 555
7 511
5 941
20 631
24 987
24 581
28 867
0 742
9 513
4 652
1 650
5 345
27 423
3 517
13 400
17 453
21 455
0 704
24 396
12 246
13 815
24 693
9 548
16 541
8 271
19 375
9 212
15 821
24 986
21 696
18 410
21 384
5 659
10 932
20 393
4 348
13 419
26 926
7 205
10 706
14 271
10 323
14 769
22 237
5 553
27 643
23 1000
8 510
0 463
5 534
14 780
20 579
22 869
29 680
19 372
0 269
3 854
8 607
22 208
22 214
19 622
10 548
20 611
25 289
14 392
29 640
26 411
27 395
4 355
1 488
17 782
18 299
12 729
26 258
22 739
3 327
9 465
8 957
25 274
21 805
25 789
20 506
4 630
5 464
8 432
6 848
20 796
12 557
23 951
1 306
0 890
14 866
27 653
22 568
22 497
27 505
11 205
1 283
3 932
3 282
10 983
17 828
29 707
20 957
9 782
7 958
12 254
23 583
27 730
6 588
28 518
12 487
6 284
6 403
4 603
2 252
6 861
7 953
11 701
27 239
20 955
15 439
29 515
14 483
24 682
19 904
28 454
16 722
13 424
12 748
13 704
5 755
7 481
27 416
12 823
12 501
2 242
25 617
16 378
26 395
29 591
2 882
1 630
2 902
28 964
22 282
5 592
5 257
22 775
14 503
27 976
0 317
28 381
14 816
26 803
11 990
0 555
11 872
21 547
27 447
2 441
4 558
19 342
28 564
25 529
20 944
11 794
29 294
19 399
2 373
25 1000
24 789
21 452
19 366
28 990
11 564
28 753
21 801
26 915
2 664
18 281
3 717
18 923
3 427
20 225
19 408
2 761
9 512
21 960
29 596
13 888
5 892
18 356
1 613
2 963
10 682
4 212
2 825
5 773
21 736
0 342
10 522
2 291
13 318
4 413
5 424
13 477
3 435
22 772
6 244
3 246
7 551
4 687
17 938
9 779
16 277
7 960
28 299
3 504
15 428
0 310
15 456
11 962
17 980
2 959
21 271
26 869
8 374
8 402
29 207
18 617
13 531
26 496
3 827
22 799
22 316
9 354
28 954
25 636
1 820
8 686
0 382
7 387
22 839
12 355
5 969
12 273
19 903
6 315
10 786
14 376
15 644
3 873
11 212
0 931
11 361
0 322
10 456
27 847
18 973
18 541
20 244
11 972
15 351
7 214
13 240
8 527
6 953
1 357
16 609
25 567
3 261
5 253
2 950
10 980
14 550
15 225
28 737
22 983
25 281
13 805
24 557
25 919
21 706
16 547
1 272
1 641
23 592
8 857
13 571
6 399
23 769
13 336
23 594
22 831
26 457
28 539
25 294
8 769
6 780
12 951
4 467
16 784
25 574
26 631
23 854
29 461
3 630
26 405
27 570
21 895
0 817
10 998
17 584
28 663
0 397
18 238
5 709
7 527
10 612
22 699
1 510
24 281
0 646
11 815
1 618
5 246
10 364
2 721
9 798
25 801
0 875
6 400
11 371
7 333
3 689
19 677
28 748
10 932
21 545
13 661
26 371
5 732
27 246
0 988
18 772
9 401
7 950
0 831
15 768
22 651
29 684
12 204
15 932
13 501
18 462
21 266
1 415
15 625
0 354
24 389
13 681
14 505
7 690
10 980
8 516
22 868
3 683
20 517
7 244
5 289
16 464
25 529
13 288
29 575
7 409
13 992
25 222
11 669
3 613
6 410
29 480
28 942
2 302
21 771
26 458
2 295
25 221
8 266
22 805
7 975
5 918
29 887
16 396
9 270
6 879
14 810
15 747
14 665
2 931
1 957
13 569
4 361
9 276
24 458
28 291
11 494
4 549
17 768
9 427
12 333
4 288
29 911
29 683
23 733
4 947
12 467
0 259
21 227
17 529
11 798
15 499
1 661
9 867
5 507
10 458
17 368
24 938
24 608
9 824
4 266
3 992
21 231
7 295
8 847
7 420
1 471
2 952
13 759
10 235
24 507
3 337
0 251
25 296
16 729
6 338
24 714
13 630
10 242
11 230
24 219
23 277
2 856
23 238
5 458
21 731
0 797
25 786
15 281
24 345
19 308
20 789
26 588
10 880
1 974
25 921
7 985
22 797
26 226
24 981
11 750
2 602
8 842
12 527
29 415
14 550
26 786
20 370
1 720
17 278
19 990
19 414
15 816
5 876
17 287
9 668
22 434
28 335
24 710
24 257
24 672
6 915
13 939
17 524
27 577
16 782
12 777
1 692
22 461
11 656
4 275
16 723
27 907
17 339
24 991
16 249
22 951
12 849
17 384
27 615
28 331
10 665
9 482
5 779
24 267
7 671
21 944
29 648
12 606
21 413
5 582
22 862
12 973
8 605
9 758
8 841
20 896
2 949
13 530
9 498
6 490
5 200
20 913
0 480
27 240
6 888
18 954
24 312
24 597
11 354
9 455
5 779
19 223
7 984
17 985
20 645
20 848
9 949
26 574
13 532
10 950
24 868
11 374
19 773
17 839
7 478
9 841
8 671
13 543
16 447
13 936
2 216
16 304
1 252
24 906
8 552
24 333
24 303
7 979
1 269
10 362
2 953
7 887
3 587
1 650
7 506
12 286
23 206
22 766
1 904
28 669
24 319
26 333
15 952
4 532
10 720
29 660
11 618
28 411
15 356
2 530
7 530
15 751
24 445
4 759
22 509
6 580
10 217
12 459
14 889
4 782
21 386
14 508
5 238
5 384
14 323
29 670
26 708
16 331
14 627
9 393
10 218
16 929
18 395
8 639
16 999
5 593
17 223
15 788
13 705
8 497
9 613
19 439
13 529
27 280
13 571
0 965
25 715
24 557
25 696
26 606
26 900
8 519
0 942
26 297
26 229
22 980
25 334
24 316
5 608
3 895
23 782
23 610
17 355
5 968
8 795
28 305
22 517
7 656
14 549
8 886
11 356
13 455
15 587
12 884
11 319
14 408
29 833
21 737
13 690
22 514
27 440
23 692
7 253
1 875
1 825
21 623
18 433
22 885
3 510
25 949
9 597
4 809
2 208
17 621
24 982
2 885
0 977
0 679
1 714
20 203
26 302
13 498
19 639
1 228
12 258
14 922
5 493
21 334
7 277
6 470
29 985
28 217
4 988
2 482
2 671
9 374
11 880
5 281
6 232
0 271
19 449
4 652
26 386
21 624
13 250
11 776
12 560
4 358
18 842
2 753
20 308
8 629
2 998
10 211
28 255
16 381
0 940
16 613
20 234
13 678
19 495
29 766
17 386
11 244
2 996
9 591
8 285
4 519
23 246
17 747
15 225
23 413
18 752
14 546
21 463
7 365
10 343
1 825
29 671
15 349
4 787
15 492
27 379
6 289
11 486
25 809
27 764
5 976
12 554
2 573
8 545
25 247
26 300
24 600
27 209
13 870
3 502
6 847
8 277
8 599
2 516
4 578
18 961
26 488
21 664
18 788
19 489
25 994
4 679
7 721
1 351
18 418
25 819
24 430
20 964
6 724
13 950
21 587
20 712
15 713
4 250
2 517
4 824
7 333
17 636
24 633
28 558
9 633
0 530
28 407
4 735
9 768
12 945
10 279
22 753
15 400
16 220
22 751
10 671
6 783
12 800
9 901
7 893
21 688
16 200
4 369
19 656
1 853
3 488
2 227
8 772
6 978
9 364
14 888
24 730
1 977
4 272
17 797
1 678
27 1000
9 583
29 646
15 753
7 414
8 858
24 256
2 674
24 787
2 275
3 391
24 235
17 973
18 250
6 428
15 827
20 832
23 727
7 412
10 368
19 332
10 259
8 283
15 626
7 622
24 262
8 947
18 955
27 504
4 351
7 540
26 658
29 339
5 369
18 297
1 760
25 897
4 211
13 511
0 549
0 402
20 445
21 606
3 352
2 559
19 234
26 825
29 430
7 473
14 987
2 633
22 560
2 935
29 614
7 550
19 346
2 885
15 483
4 639
12 681
27 808
3 450
24 823
13 716
11 518
23 432
11 297
4 848
23 387
20 745
11 551
12 298
11 329
15 213
5 748
23 297
15 510
4 685
18 565
26 533
14 902
13 293
11 328
22 269
6 693
6 877
7 888
6 801
24 295
1 751
4 673
16 348
15 947
0 234
9 643
11 297
6 878
7 546
0 324
20 942
7 291
20 580
25 284
19 332
7 512
19 912
2 729
23 334
11 501
29 627
5 675
21 226
29 586
25 419
17 951
8 766
26 661
22 539
20 916
4 535
4 466
3 552
28 980
11 376
6 284
10 306
27 541
0 664
8 409
16 688
21 409
21 680
15 675
15 866
18 753
17 861
2 500
11 879
22 878
13 862
16 529
6 527
6 563
17 408
5 946
16 958
21 263
15 204
23 746
4 398
1 570
23 689
13 327
5 555
8 891
27 575
24 992
25 408
11 715
24 494
17 748
3 923
14 319
13 462
19 794
13 375
