2000
2 927
23 379
13 208
11 669
3 974
15 721
2 657
28 485
23 948
22 487
2 429
9 897
1 332
7 830
19 975
26 618
18 361
21 732
10 259
4 803
16 235
15 312
19 970
26 927
17 379
16 753
10 888
18 443
10 836
16 669
20 893
24 958
14 316
28 496
11 699
0 614
25 274
24 520
24 314
2 242
24 313
2 309
28 524
9 494
26 647
7 547
19 877
11 303
1 472
12 934
20 853
11 917
24 907
12 617
15 921
16 911
1 232
0 262
9 358
8 998
19 955
5 701
27 746
9 971
27 727
14 883
4 986
12 946
17 280
22 321
4 313
25 608
21 548
4 446
12 207
1 651
21 688
29 370
13 545
21 537
10 644
4 280
2 796
1 791
17 499
26 368
10 234
5 649
8 476
14 322
12 861
23 561
15 997
14 979
0 962
7 894
14 459
18 471
11 826
9 374
6 730
23 587
25 269
28 590
22 895
28 901
14 720
26 742
2 462
4 732
22 423
16 649
11 564
14 932
22 578
0 521
1 419
18 761
8 614
12 975
7 689
9 504
0 813
21 987
18 717
10 299
28 400
1 896
5 602
2 516
16 490
9 844
21 863
25 519
12 547
25 701
9 344
14 698
25 452
7 988
22 285
2 639
11 711
17 386
21 737
2 490
14 882
1 599
15 281
14 816
6 848
15 816
21 824
2 478
8 276
0 201
28 595
19 258
5 394
15 231
23 811
0 669
5 753
19 465
25 484
13 221
25 731
29 822
21 698
25 895
3 322
9 928
16 859
3 231
19 661
25 723
27 445
8 249
22 870
23 450
13 274
18 723
14 704
10 993
1 931
14 583
4 292
28 462
21 246
15 672
29 408
12 414
21 870
28 979
16 439
4 639
1 990
1 607
16 732
9 242
29 485
17 831
29 551
17 515
6 807
28 795
5 523
26 280
21 844
2 677
21 604
12 391
22 791
27 433
22 658
13 242
27 741
8 499
23 475
1 373
6 280
28 345
14 914
15 544
1 390
28 486
12 621
13 896
3 677
29 222
25 677
23 775
6 755
7 987
13 926
27 413
15 258
11 222
8 590
9 514
3 675
14 456
27 974
22 945
2 567
4 936
12 804
13 338
9 702
11 875
4 270
7 646
25 382
6 943
18 241
2 778
28 848
11 513
8 601
24 699
24 376
8 953
10 747
21 284
22 649
24 507
24 627
22 620
26 283
12 882
2 853
26 563
12 243
16 818
29 917
12 682
28 545
1 649
14 546
25 278
17 457
0 554
0 710
15 969
9 717
19 302
11 800
17 669
13 718
8 640
23 887
5 464
2 634
2 403
23 726
9 569
25 917
1 457
13 896
8 489
8 283
27 809
27 505
13 236
0 459
6 396
26 961
24 967
6 629
21 935
22 214
28 382
3 368
9 409
8 578
15 288
7 331
26 483
28 605
0 780
21 575
25 472
19 670
25 336
12 427
23 287
23 941
18 347
26 867
5 778
27 885
24 921
18 306
28 277
1 740
20 482
13 964
14 202
10 814
21 715
20 368
20 865
3 696
27 616
5 546
7 976
3 640
26 623
2 252
1 448
16 620
8 636
6 514
9 515
4 596
4 991
18 483
3 621
21 743
15 352
29 907
20 371
16 793
28 339
0 667
9 217
13 968
14 873
6 849
14 653
3 209
29 822
5 763
0 694
16 301
7 960
4 462
17 600
17 880
8 424
6 866
20 545
28 339
25 675
28 633
16 835
2 617
13 708
4 601
27 304
6 326
24 570
18 991
25 577
15 331
8 852
27 423
22 631
20 873
12 957
24 386
10 912
11 486
3 693
6 959
3 421
12 527
8 276
12 536
5 733
14 330
19 336
28 556
5 536
27 642
17 827
11 375
2 810
21 959
6 289
27 952
18 360
9 563
28 507
0 411
20 893
18 688
21 787
14 360
24 533
19 568
11 606
22 275
7 962
27 364
1 591
4 849
13 966
11 418
22 336
11 856
27 424
12 640
18 326
7 721
18 989
17 326
6 313
28 269
19 205
16 749
0 630
23 285
20 288
25 669
7 646
8 945
17 938
2 855
7 638
28 879
20 363
18 821
2 988
29 401
16 512
23 713
1 460
29 678
7 808
5 572
28 372
11 313
9 962
2 754
15 871
5 892
10 625
24 1000
16 706
0 206
6 768
0 622
0 995
3 461
9 866
25 842
9 533
15 664
19 310
8 726
22 211
13 386
19 388
17 363
6 853
14 926
25 955
9 510
27 536
28 515
25 552
28 532
17 696
10 531
1 644
18 945
15 529
28 415
25 627
7 239
27 989
0 244
19 255
22 726
29 429
16 516
20 967
23 814
15 383
15 537
25 901
3 479
26 662
0 578
4 658
3 870
10 289
0 535
19 946
16 490
12 270
7 766
24 508
8 926
13 366
1 684
7 764
16 230
24 819
6 247
20 447
4 655
26 733
4 458
2 373
15 440
6 570
4 483
4 569
18 797
17 433
2 953
27 227
5 659
11 830
3 237
9 423
7 261
0 796
10 598
22 497
15 593
0 869
8 764
12 291
29 442
25 480
27 913
22 215
22 994
21 624
18 251
20 642
11 339
17 854
26 799
23 699
25 336
6 664
27 453
7 955
8 263
10 665
14 457
11 928
8 433
28 763
23 373
27 357
5 506
27 850
3 411
27 378
20 641
27 461
3 410
26 886
26 527
7 536
7 724
29 912
20 334
29 390
23 300
25 890
20 374
2 497
25 291
28 830
26 211
17 812
0 450
20 388
5 213
3 225
20 488
16 661
3 400
11 656
12 582
26 807
12 376
25 748
17 570
5 649
25 962
4 657
9 725
21 543
24 384
15 400
3 323
8 571
10 882
19 837
5 780
8 529
21 206
9 609
5 402
16 491
12 313
11 862
16 496
23 812
1 613
26 732
21 985
21 752
8 759
2 493
28 801
23 342
23 389
20 752
13 664
9 736
18 732
23 236
19 322
4 691
17 639
20 580
20 841
21 416
12 603
23 850
13 865
5 645
23 909
18 594
17 467
15 381
6 944
14 563
23 814
21 372
6 787
6 656
14 778
14 977
7 594
23 751
26 826
25 956
4 826
5 815
2 213
29 971
19 698
1 464
11 576
5 327
14 674
7 679
7 695
1 269
15 268
16 303
19 717
0 686
20 238
7 964
11 609
26 838
23 797
8 767
12 647
13 925
26 773
22 657
16 771
11 572
26 833
29 359
17 674
17 547
8 585
16 822
17 622
4 652
27 834
24 637
28 465
24 266
20 350
12 758
21 293
13 452
26 721
16 481
17 950
11 441
26 631
1 861
9 208
12 340
12 741
0 222
18 724
9 481
26 545
16 381
29 329
22 473
24 250
15 386
16 803
28 998
29 938
23 618
9 810
19 247
22 978
10 372
9 917
18 574
2 485
4 849
6 255
3 274
11 753
2 765
9 564
26 479
5 406
12 729
6 345
5 409
4 790
18 275
2 888
14 729
7 405
1 216
1 358
11 431
6 935
10 426
8 818
22 214
27 464
27 411
9 835
11 641
23 478
21 810
18 398
8 894
5 522
10 788
29 514
5 866
3 332
28 625
12 917
5 535
15 471
4 843
17 514
18 576
4 923
17 851
6 906
14 543
16 350
6 530
2 852
17 883
4 480
5 963
6 412
13 981
26 500
28 502
1 978
15 978
6 782
7 499
20 364
13 431
29 803
4 493
24 504
0 635
22 317
25 270
17 554
17 883
7 360
14 557
28 952
2 681
14 501
0 351
25 203
28 568
13 284
8 421
17 689
27 489
29 919
24 453
21 586
29 324
25 772
22 576
11 268
19 935
22 352
10 388
28 553
20 845
4 682
29 370
14 823
21 551
28 511
14 584
26 350
24 494
24 436
9 848
13 862
27 928
9 964
20 930
4 911
25 404
26 603
8 957
1 864
7 592
14 232
1 981
29 614
16 986
21 899
12 644
22 517
6 803
2 831
4 540
2 979
27 504
10 269
14 933
9 270
9 487
28 791
8 816
15 522
1 532
11 831
2 831
14 968
3 931
10 405
5 487
1 434
17 508
7 900
16 568
24 956
7 591
28 645
29 507
8 894
18 324
1 411
17 349
29 606
7 229
9 336
10 601
14 321
6 774
8 619
6 720
6 914
6 839
3 307
29 299
22 387
3 800
3 957
7 696
11 341
3 774
10 409
25 597
1 322
29 887
11 339
3 982
22 678
13 223
6 883
23 367
7 299
21 459
11 663
11 433
25 622
4 452
7 827
23 602
6 668
14 674
19 874
16 420
1 554
23 987
21 567
20 998
26 665
16 321
26 586
5 853
4 765
28 562
13 564
0 297
7 889
17 821
14 609
6 672
23 265
29 302
22 499
19 840
21 844
23 397
24 391
11 776
17 640
27 997
24 626
1 590
25 628
5 253
18 597
5 353
8 760
7 924
6 437
25 886
5 948
1 781
0 544
16 264
22 303
22 291
17 807
11 932
24 621
27 942
17 366
27 294
23 619
16 818
23 734
19 554
10 805
20 622
1 611
11 539
8 785
22 998
25 824
6 662
0 273
13 782
17 411
12 696
23 475
6 384
21 955
5 896
5 449
23 949
19 819
8 207
4 538
26 752
11 870
25 450
0 863
20 515
9 840
4 709
26 987
9 538
22 786
1 750
22 458
18 683
24 822
17 671
8 916
14 683
15 809
5 475
22 837
1 889
5 346
27 221
24 247
10 600
24 721
7 772
15 558
11 361
19 919
14 786
5 693
29 374
23 246
2 993
1 532
8 508
28 859
26 895
18 430
27 256
4 552
8 857
0 467
29 358
23 985
15 286
15 396
25 672
5 747
14 225
11 632
11 269
23 972
15 731
6 441
26 544
11 321
17 766
15 958
26 795
26 654
8 905
23 437
16 302
24 494
24 897
9 418
11 526
12 267
16 797
4 483
22 382
26 734
14 652
0 684
13 674
13 512
8 686
20 787
10 602
9 436
22 996
16 806
17 962
8 278
2 896
3 861
28 569
3 307
21 490
2 512
3 569
27 623
0 649
24 948
4 465
29 908
14 630
12 573
24 573
3 872
0 821
12 997
29 475
8 307
0 253
18 746
26 823
11 786
19 585
1 751
22 887
16 912
28 579
26 501
6 456
0 849
14 841
24 699
9 997
14 307
10 244
18 747
26 344
20 223
19 691
23 595
9 990
5 379
17 954
11 876
24 903
28 654
6 810
7 808
28 758
19 654
29 401
4 442
18 471
14 574
21 325
2 545
23 501
24 453
21 201
13 505
9 413
23 410
24 592
23 645
4 570
17 273
18 831
7 465
15 912
15 601
24 980
27 846
4 405
15 524
7 376
1 469
25 932
4 315
1 935
9 1000
12 831
14 340
2 727
8 479
13 760
4 953
24 618
11 777
4 497
6 692
13 266
20 279
15 791
1 679
10 447
11 232
4 407
19 624
8 503
14 679
4 280
4 507
23 982
7 941
7 717
4 479
14 336
13 875
4 346
9 321
18 898
15 799
9 964
7 810
5 772
16 823
13 643
18 352
16 824
27 827
9 445
27 707
17 270
28 510
14 358
26 685
2 701
29 960
8 579
15 731
2 986
26 936
16 365
28 911
17 949
28 257
18 533
12 823
26 664
16 981
27 221
25 809
11 440
26 697
17 229
25 834
23 374
16 913
18 511
15 875
12 445
11 887
2 952
16 426
4 506
15 625
0 786
24 832
28 971
26 829
10 890
10 827
27 631
23 654
24 517
11 664
6 544
5 824
16 366
29 960
12 974
20 651
7 479
28 476
6 446
28 377
8 413
7 919
8 888
27 441
29 663
28 778
4 288
28 849
23 580
26 752
14 494
19 665
22 338
11 833
10 314
5 526
21 556
14 272
16 210
9 422
17 261
11 798
16 796
18 963
29 413
21 445
1 950
6 617
3 441
13 921
13 997
10 853
29 286
11 212
29 555
1 574
5 269
0 348
3 270
28 244
3 350
0 250
3 761
15 669
28 951
18 877
7 998
24 700
26 738
14 341
28 403
15 525
20 628
3 582
17 963
13 892
19 688
2 337
3 767
0 711
2 258
11 539
21 980
9 893
6 890
24 575
15 305
6 385
22 954
6 943
28 582
12 555
26 357
5 966
18 900
0 228
18 447
0 683
9 808
29 664
2 764
5 374
9 376
29 945
21 627
28 617
23 448
10 925
9 975
10 307
6 682
11 557
1 601
10 356
24 856
25 896
1 572
28 506
9 677
21 906
20 213
3 381
13 380
15 470
27 422
6 386
14 430
21 641
3 794
23 768
16 876
24 910
26 562
16 343
6 695
11 864
0 440
1 839
28 726
9 779
1 830
25 704
26 731
15 314
28 478
26 911
12 798
20 599
22 788
23 825
7 354
8 244
5 397
28 738
14 948
10 223
8 434
11 699
6 726
20 951
0 848
9 242
17 206
22 938
19 769
18 787
12 551
7 809
22 204
27 885
17 612
17 895
11 578
8 249
7 685
21 736
5 297
5 202
27 916
17 507
10 560
13 468
1 550
0 401
5 628
14 407
5 824
16 568
28 516
4 800
5 586
13 727
7 718
17 370
15 213
8 500
17 981
19 360
23 474
22 651
26 827
27 856
0 959
26 603
0 691
15 798
13 984
27 564
23 262
22 484
23 932
23 748
13 430
9 669
24 627
20 962
28 618
11 261
17 380
9 814
9 597
28 271
0 895
27 747
12 422
19 478
16 872
10 602
21 354
6 803
15 938
10 606
9 965
20 255
16 718
20 384
7 720
24 981
20 584
3 511
0 983
11 916
20 272
13 863
15 214
23 736
27 641
28 744
3 860
24 469
13 581
28 460
16 558
3 584
15 795
23 327
29 875
8 810
19 676
17 908
0 878
6 748
29 863
16 235
8 301
17 241
2 765
8 443
12 480
6 759
7 979
16 670
11 307
7 274
28 487
1 310
19 202
15 500
8 938
11 339
0 559
13 387
1 486
24 287
23 816
18 731
19 544
14 914
21 446
23 513
19 455
10 248
7 317
8 628
6 831
4 236
13 652
17 346
6 242
23 931
23 831
17 713
25 983
5 342
13 677
1 662
18 902
6 335
29 635
2 748
28 718
1 838
0 799
10 500
19 843
25 322
14 882
28 939
10 608
14 807
17 747
16 595
3 766
9 322
10 446
19 814
17 850
15 781
16 521
6 460
1 376
18 622
15 610
22 283
14 639
1 919
29 826
10 606
23 842
20 324
22 331
27 593
7 917
26 962
1 657
4 786
25 342
19 259
18 370
29 500
21 690
21 830
17 946
2 903
11 744
2 990
20 556
14 747
10 879
23 448
11 391
24 980
12 432
23 636
27 438
16 987
17 962
15 333
20 732
8 807
8 813
13 958
24 508
5 684
0 601
3 378
10 546
25 259
26 771
27 668
21 703
4 568
29 951
23 979
3 642
25 899
16 638
15 762
6 535
12 966
6 827
6 594
17 358
10 586
0 952
16 920
27 730
8 457
16 245
7 887
20 608
12 315
6 937
19 593
21 380
10 466
20 896
3 878
12 290
24 383
18 223
29 620
22 756
11 713
11 544
10 745
26 888
21 581
3 359
13 871
24 752
13 911
5 399
24 462
26 883
13 643
27 781
4 471
6 865
5 906
23 368
22 331
20 447
27 822
16 498
16 505
12 531
28 782
20 427
8 248
13 495
8 787
5 480
10 544
7 689
3 749
13 972
22 905
29 953
20 693
5 416
22 876
0 761
28 469
13 788
25 447
10 367
18 892
29 997
15 554
5 695
9 687
29 606
29 602
5 354
21 844
1 791
14 224
0 285
15 893
12 856
4 996
4 289
23 655
17 624
1 675
9 846
24 775
6 429
25 614
18 901
9 220
19 472
29 754
3 284
17 358
20 852
20 638
27 513
29 274
29 657
28 890
7 315
2 884
6 421
1 502
29 610
20 569
8 549
25 284
6 287
29 648
19 830
16 305
25 977
0 254
10 938
25 527
7 213
6 549
10 279
20 947
28 778
21 829
13 203
16 665
12 375
0 801
13 805
19 440
20 320
28 687
24 679
12 667
10 643
28 592
1 591
21 806
22 287
11 755
9 857
3 708
0 969
11 576
7 774
26 582
29 791
1 845
25 651
7 471
0 333
24 712
18 491
24 475
21 544
22 210
13 822
27 559
13 299
23 361
16 563
13 600
21 952
2 502
26 748
13 219
8 740
27 930
28 579
3 514
17 838
2 535
3 328
10 742
2 534
4 227
10 954
22 880
1 383
0 1000
24 371
5 578
24 211
4 234
27 332
29 291
16 844
16 422
4 217
14 615
17 650
2 388
18 555
13 993
4 740
24 551
27 749
4 224
3 282
22 451
17 841
28 565
27 484
10 1000
12 289
8 227
2 597
11 291
29 757
25 494
17 328
29 936
4 537
8 522
20 785
2 305
8 418
27 627
28 295
13 555
29 678
13 708
29 234
13 672
23 854
4 410
10 454
17 830
20 982
27 222
10 654
22 895
28 343
8 459
21 781
27 361
22 343
18 618
7 569
20 687
12 746
4 641
16 729
17 290
18 575
25 564
13 462
7 796
26 214
1 900
12 508
20 556
9 503
29 314
21 866
17 632
13 671
3 786
28 271
4 726
11 853
23 547
2 958
1 454
13 922
23 735
16 514
27 813
14 598
28 501
2 806
16 644
25 511
23 825
29 257
0 342
3 376
8 773
27 883
15 972
20 838
4 725
23 417
17 748
19 384
23 320
21 838
1 584
15 332
10 832
17 428
11 748
11 594
27 602
7 951
6 854
18 847
27 698
26 623
0 751
20 459
19 639
22 300
3 219
23 248
23 742
4 792
8 831
21 977
28 442
17 898
0 945
10 483
27 683
25 864
1 999
14 423
7 248
27 844
18 388
3 977
6 482
28 434
9 943
6 271
9 624
3 314
5 224
16 365
9 541
0 899
19 935
25 643
13 407
5 359
26 493
0 203
14 229
0 461
29 918
12 316
