2000
18 418
29 519
3 506
7 385
11 318
7 404
6 446
20 851
7 484
0 331
10 763
16 984
4 590
22 373
14 692
4 980
5 523
17 315
19 403
15 222
6 549
20 777
10 624
8 521
21 254
19 854
9 564
23 424
4 645
15 586
11 539
20 640
19 403
12 435
5 984
8 912
0 960
6 302
10 551
26 593
23 936
26 951
17 481
21 848
22 390
7 498
25 343
23 979
22 866
27 631
12 216
17 697
6 307
10 623
23 877
5 463
22 850
2 900
13 300
4 382
7 835
4 604
4 205
10 676
26 519
14 375
17 630
18 432
5 551
17 457
7 744
10 706
21 239
11 993
21 297
13 369
1 439
3 267
4 861
11 331
21 424
2 218
15 860
27 996
10 339
11 469
13 331
26 972
20 378
26 396
19 684
4 720
27 806
7 797
19 938
22 389
24 672
5 753
11 607
6 398
7 864
24 960
0 814
9 396
4 730
20 935
9 222
19 709
14 866
20 219
16 214
23 326
11 290
21 511
17 861
29 838
23 328
23 307
1 329
15 216
20 896
1 332
26 927
6 333
19 713
10 662
13 499
8 353
16 988
5 704
19 824
25 423
8 475
28 587
24 974
23 814
7 595
28 612
25 906
27 753
1 934
25 466
8 816
25 636
10 500
23 408
26 215
9 580
12 205
16 812
11 285
20 382
23 677
29 746
27 537
27 709
9 419
1 252
10 346
3 813
26 477
23 537
3 585
18 695
24 546
15 736
15 385
17 997
6 680
1 878
7 711
24 493
2 958
5 404
22 935
27 580
20 813
18 208
5 643
19 539
26 657
11 959
29 378
15 298
28 415
16 783
12 551
14 562
22 295
21 755
7 223
18 623
24 421
18 488
10 364
8 245
28 456
11 738
13 688
29 959
11 882
2 606
19 845
13 233
26 264
23 424
21 585
15 544
29 746
3 441
6 426
2 645
28 680
17 938
2 671
16 995
9 667
26 240
11 804
10 734
17 791
10 978
1 761
24 246
16 586
13 251
9 608
4 786
7 492
19 709
29 916
5 440
4 521
0 688
6 743
9 612
15 777
26 537
23 235
9 592
15 506
5 676
15 442
25 673
9 666
14 646
8 520
17 345
22 926
21 986
3 424
11 745
16 537
26 692
18 651
7 914
11 774
4 896
19 497
23 956
7 470
4 352
12 980
16 636
8 913
2 338
22 592
16 580
29 963
26 552
0 942
2 700
22 480
1 334
27 996
4 599
27 973
17 257
14 390
1 246
27 792
8 232
18 473
0 278
29 560
1 364
3 399
21 587
5 467
28 517
15 324
4 344
22 707
14 499
8 413
11 461
9 363
19 573
3 390
2 527
24 210
29 406
15 517
15 469
22 899
20 387
11 631
15 575
16 608
1 881
17 292
9 598
5 291
12 868
12 784
8 300
20 802
28 634
21 343
14 922
29 856
14 682
14 837
13 371
1 340
20 901
28 370
26 801
4 488
4 611
1 754
20 324
25 788
26 589
8 284
18 904
18 707
1 835
12 535
2 339
12 347
1 445
28 437
8 762
17 395
28 691
24 611
7 852
22 443
15 890
8 900
16 300
20 806
1 567
0 862
13 686
13 218
4 904
25 626
13 664
3 671
27 256
9 830
3 525
19 385
17 249
6 914
4 582
17 568
25 317
5 458
8 518
16 993
11 663
28 744
9 437
22 442
23 687
29 488
28 632
12 788
3 286
4 538
20 408
15 478
29 687
29 771
4 436
23 632
14 351
26 416
24 602
4 857
17 595
7 208
10 863
25 522
29 598
27 597
7 596
11 398
7 863
3 799
29 323
26 315
14 851
18 874
5 535
22 953
26 504
13 426
14 200
22 980
21 445
21 896
21 260
0 229
17 636
24 243
22 772
17 904
27 401
5 516
14 200
26 484
3 353
17 641
5 977
25 766
24 259
4 511
22 965
19 335
16 311
1 646
4 961
0 776
3 739
8 220
11 636
29 247
11 988
16 495
8 754
11 641
5 263
16 718
12 819
11 790
25 791
19 360
17 204
10 472
7 594
18 328
8 815
3 714
26 945
5 584
24 253
29 317
12 858
11 538
24 341
19 493
10 241
28 986
20 377
10 707
19 487
8 976
18 305
25 308
16 790
27 447
23 617
6 324
13 244
29 416
16 903
29 780
14 797
2 241
13 900
0 822
15 446
12 448
22 733
1 602
27 547
14 200
12 389
24 738
3 845
5 705
9 636
19 612
26 405
23 322
26 853
12 774
20 234
7 913
6 776
0 203
3 498
17 208
20 359
13 515
14 768
21 207
6 773
26 569
29 238
8 997
11 267
0 224
13 210
14 800
28 443
4 393
3 793
28 822
27 849
17 608
20 293
5 514
21 517
6 271
20 364
25 389
14 877
10 396
23 615
12 552
7 330
0 355
5 439
0 742
10 278
21 776
8 649
10 887
12 256
26 345
16 952
3 572
25 908
18 692
22 974
9 260
1 829
3 374
16 475
24 702
12 500
7 367
17 771
22 357
1 329
18 332
16 331
16 523
5 682
8 430
13 303
7 462
13 981
20 573
0 373
0 373
8 470
5 849
12 845
29 299
28 285
23 671
4 328
28 853
7 357
9 527
3 393
10 875
20 397
13 686
18 927
14 260
19 901
22 627
25 982
16 415
26 705
17 818
12 259
8 978
7 413
19 505
26 675
3 309
18 741
17 499
0 720
18 624
21 318
27 829
29 737
9 730
7 291
29 744
3 822
10 753
27 891
4 753
5 678
27 414
29 252
12 654
9 365
3 960
13 734
6 218
22 981
16 652
28 603
16 533
9 334
15 582
19 925
4 392
21 295
24 640
3 279
8 812
3 806
21 401
23 340
27 495
18 285
15 370
28 296
4 848
12 887
7 846
20 384
19 573
3 486
29 416
15 469
29 377
22 515
2 811
24 967
27 383
11 807
19 772
8 875
21 612
4 991
7 231
3 527
4 433
27 998
15 331
15 599
10 451
15 482
28 997
3 938
19 502
24 838
20 602
27 518
28 715
11 810
23 247
21 505
5 412
16 989
22 422
14 442
21 723
12 892
23 595
9 551
18 275
13 649
7 917
17 463
28 515
0 774
10 647
22 793
3 440
7 450
26 367
5 371
5 838
13 835
10 366
20 307
0 886
2 879
18 865
17 807
4 209
0 398
29 335
19 681
11 939
23 235
10 862
0 233
28 682
11 803
6 991
10 691
15 219
3 882
19 275
4 758
20 850
19 645
27 723
19 802
9 240
12 730
14 557
1 429
18 912
7 484
19 497
16 469
26 546
13 208
20 497
3 258
20 751
29 498
10 464
20 425
25 323
25 681
29 336
10 501
11 989
11 819
17 866
7 320
23 954
20 925
26 667
5 638
22 392
28 935
26 361
25 799
26 637
8 889
18 276
6 473
2 638
18 811
29 332
14 497
20 334
29 713
13 857
26 524
1 933
24 254
15 526
5 634
22 886
12 264
1 589
14 274
16 400
18 960
3 471
11 375
21 708
27 377
11 995
1 325
20 588
3 968
20 271
26 526
7 590
5 299
7 228
22 639
16 633
8 705
4 920
18 237
24 459
19 911
25 246
18 707
28 752
15 532
6 605
9 537
22 697
15 775
5 945
11 342
1 294
7 435
1 341
9 769
24 207
21 858
17 898
15 203
0 490
18 737
23 813
14 948
19 850
13 827
16 277
0 419
17 234
0 224
23 869
22 784
16 231
2 779
23 788
8 373
29 286
7 324
6 694
0 590
17 346
16 903
20 493
8 634
17 556
21 406
16 967
8 333
8 614
28 765
12 774
6 992
22 329
0 865
20 923
19 964
3 228
18 217
16 687
19 960
7 529
4 398
24 636
1 202
3 658
1 853
11 310
27 541
18 206
29 864
16 255
27 572
13 545
10 962
19 707
26 580
29 250
6 706
14 861
16 768
22 641
10 836
17 907
27 403
7 406
16 288
3 698
7 846
28 801
3 853
25 586
1 683
26 596
29 504
28 970
14 745
8 683
25 351
9 570
22 254
23 781
25 608
3 316
1 203
19 385
23 561
14 326
23 648
17 767
13 208
16 545
13 219
16 385
18 850
6 503
0 411
3 579
20 310
6 230
2 413
15 715
0 471
20 449
10 700
7 798
28 609
28 946
5 678
8 586
7 793
26 741
19 524
11 730
20 514
11 324
29 802
26 612
24 861
7 372
29 653
14 411
13 588
23 941
26 672
3 410
11 446
13 700
22 239
28 412
6 260
11 823
16 772
22 328
17 970
8 691
21 733
29 328
11 311
4 475
29 717
23 810
17 573
12 713
5 973
24 858
9 828
14 292
17 875
9 512
1 846
25 661
21 671
5 841
13 314
20 528
9 579
15 995
11 760
16 958
4 583
4 337
29 547
18 373
22 581
19 611
23 235
11 213
18 551
9 904
19 396
28 549
24 440
10 635
21 284
1 721
22 771
16 684
9 240
8 785
20 876
17 652
19 352
9 700
1 805
1 372
18 726
23 473
6 843
6 875
4 743
13 560
11 589
27 386
22 368
0 738
23 474
0 230
28 727
1 773
25 310
25 253
25 312
28 253
22 359
21 321
0 443
6 342
3 818
24 401
26 377
5 208
7 369
4 903
16 478
6 882
7 966
21 812
12 830
23 741
29 809
28 278
29 987
16 825
2 243
16 614
22 404
18 629
9 912
5 227
1 445
21 669
5 635
23 261
15 859
3 899
20 430
9 368
7 975
15 280
23 776
23 334
29 614
6 329
9 219
20 747
1 265
12 360
13 539
29 285
9 748
14 821
6 741
4 235
4 341
7 459
22 780
17 949
25 790
28 922
24 853
14 487
23 854
23 527
20 736
13 741
27 721
18 324
1 318
23 932
27 853
24 323
13 912
15 727
1 839
27 507
17 744
23 654
11 820
11 432
20 275
2 671
6 721
1 972
2 488
10 898
22 432
1 342
8 373
26 847
2 588
21 490
24 495
10 510
20 383
0 484
1 394
14 881
10 626
29 930
19 761
5 390
15 352
7 816
23 630
24 240
24 268
27 823
0 730
12 308
27 903
29 655
13 930
15 293
25 718
11 242
10 688
2 432
7 985
12 221
7 583
26 338
7 622
0 263
0 516
20 794
4 745
12 988
27 258
26 993
16 452
27 447
27 601
18 335
3 214
7 862
28 456
5 379
14 285
22 420
12 716
8 341
15 574
18 742
17 776
19 670
17 268
17 833
9 732
15 590
29 233
11 568
26 661
14 367
3 988
29 435
2 295
15 896
8 269
6 776
9 211
28 385
15 971
8 294
11 664
23 369
10 344
5 381
10 298
2 425
21 1000
6 414
9 549
17 982
15 870
22 383
2 626
4 805
14 557
18 822
16 831
12 467
8 940
20 294
24 452
6 242
18 494
25 976
27 214
20 655
20 715
26 540
10 957
3 575
16 917
26 494
28 967
16 662
20 226
1 830
5 734
20 590
0 700
11 583
23 520
21 599
1 937
26 650
2 240
9 823
4 800
1 765
20 911
15 901
10 287
21 328
16 865
10 574
28 383
17 453
18 224
13 941
9 461
23 504
1 612
11 508
3 907
18 875
1 487
3 848
11 466
13 854
26 900
27 758
29 615
11 426
24 284
29 221
14 414
26 693
27 525
29 394
8 410
5 889
25 846
0 892
27 953
21 435
21 616
26 967
13 420
23 713
2 823
15 498
15 541
3 596
12 644
26 330
4 639
24 803
14 994
25 791
29 849
11 328
0 678
15 364
2 618
19 719
9 608
6 914
27 250
22 432
27 754
4 466
23 963
26 419
18 418
2 504
7 395
18 837
24 213
12 238
11 537
15 554
20 284
25 668
29 503
6 604
2 496
1 371
4 784
7 673
17 751
23 644
12 241
5 643
27 575
12 871
3 708
11 624
7 328
2 265
14 388
1 562
3 762
6 405
5 279
1 938
9 831
21 858
25 550
10 535
19 818
24 1000
6 516
13 702
27 890
3 406
15 954
12 268
4 218
26 823
17 266
24 773
13 927
16 321
28 262
10 350
1 650
4 430
10 528
23 764
28 438
13 374
27 576
21 259
16 756
16 623
28 922
19 293
19 330
29 309
16 706
15 616
22 251
1 420
15 430
13 790
2 502
25 674
0 752
20 621
0 699
21 585
18 484
29 938
23 504
1 389
5 961
6 533
4 573
9 227
21 825
4 845
1 637
15 526
22 576
22 923
13 481
14 577
12 703
28 956
18 827
9 450
27 541
19 965
10 707
28 557
9 266
20 934
13 416
12 541
9 738
23 734
29 824
9 450
15 877
9 265
13 541
28 537
6 427
10 422
20 988
16 854
17 468
4 410
10 335
24 953
2 687
19 988
0 733
1 451
21 224
17 297
4 657
23 426
18 526
5 591
17 610
9 687
5 830
5 360
25 572
2 763
15 776
28 518
9 258
18 750
13 561
26 368
7 683
25 462
3 211
12 909
12 999
8 926
26 516
12 324
11 477
24 605
12 397
18 801
10 603
27 252
21 337
8 675
13 380
19 946
6 920
20 903
27 567
23 507
19 495
6 342
5 374
12 281
15 792
13 889
22 236
0 956
1 493
28 651
14 392
27 910
4 711
5 246
24 805
19 975
4 680
8 310
12 918
0 903
16 953
28 340
24 254
2 703
22 433
26 729
28 458
16 798
8 319
17 369
17 502
12 713
8 765
18 648
26 789
22 298
1 858
7 596
24 688
28 870
29 557
9 603
0 265
28 778
25 992
0 842
20 990
28 296
13 553
21 997
21 961
6 827
28 651
15 577
6 931
2 966
25 730
18 704
11 444
24 759
11 979
16 927
12 585
21 951
10 889
20 642
4 936
0 232
29 808
29 920
9 872
13 465
21 444
27 265
19 857
27 925
21 471
10 282
9 673
28 881
29 525
10 780
27 972
5 367
20 772
4 962
28 493
6 911
14 952
21 825
5 459
10 352
24 394
25 697
10 560
14 450
22 921
12 753
17 829
5 383
17 291
13 325
18 261
13 644
9 972
10 502
5 421
25 758
9 360
8 758
28 583
24 248
22 706
18 859
19 215
8 575
20 876
14 522
25 710
21 980
9 519
10 704
1 932
29 846
23 768
12 804
24 361
13 377
16 850
0 899
26 604
1 657
21 374
6 289
2 257
5 321
18 644
13 529
16 812
16 618
24 807
17 659
6 630
6 491
19 218
8 755
14 289
27 602
19 975
24 823
16 299
17 459
6 222
27 758
24 313
7 298
8 339
16 257
6 246
9 621
18 954
20 608
23 444
8 843
5 206
0 463
7 230
17 501
7 858
16 415
26 973
17 486
26 667
23 485
26 336
2 560
21 528
1 435
0 212
2 876
4 600
17 860
5 250
29 660
11 319
17 893
21 256
9 368
26 640
5 538
20 542
6 220
22 583
21 286
27 211
27 500
4 594
28 513
12 473
19 674
23 788
24 794
2 679
15 302
26 240
22 398
20 706
4 671
19 733
15 274
11 221
14 201
29 971
13 821
20 433
3 861
4 852
1 882
18 720
28 446
28 644
8 284
19 849
0 763
2 978
15 768
1 593
28 293
20 881
12 565
1 871
25 434
12 956
25 719
6 984
3 795
28 472
22 467
20 580
12 882
23 230
29 587
27 744
0 630
23 488
17 813
19 462
5 698
21 239
4 682
23 485
19 940
22 216
12 903
11 446
2 906
28 641
26 505
9 855
25 227
11 249
5 905
6 410
16 294
5 461
14 488
0 548
16 408
10 244
19 656
23 431
29 625
29 219
4 633
23 753
11 427
20 873
15 272
2 416
7 632
26 376
28 679
9 901
4 994
13 848
10 257
18 493
0 279
21 359
1 404
7 273
20 467
22 458
17 467
26 699
16 805
11 363
16 920
28 827
25 950
14 280
11 264
29 642
1 459
0 960
14 905
12 758
27 269
10 635
18 570
23 217
27 447
10 968
3 548
20 379
14 559
14 399
26 985
4 622
16 460
6 762
19 242
23 744
22 493
19 766
15 992
10 787
21 496
2 669
20 623
11 590
13 237
28 364
13 805
22 825
26 279
29 760
11 454
28 255
17 253
7 261
17 355
20 660
21 958
26 384
1 516
8 902
25 985
10 247
12 916
19 653
16 205
0 722
22 794
16 543
17 672
5 360
7 607
26 986
11 879
14 463
8 570
6 802
25 437
3 509
21 437
9 722
27 864
9 845
2 755
9 806
24 457
10 461
15 408
11 764
12 470
13 827
25 786
22 234
28 746
28 614
13 626
12 387
27 302
23 395
11 480
7 289
28 354
24 565
7 614
10 955
8 585
8 226
14 383
19 629
27 616
21 793
11 778
16 240
14 665
9 641
16 413
16 349
2 461
24 597
28 319
11 833
29 985
12 605
10 312
9 592
24 487
2 385
2 434
14 311
14 276
19 810
27 317
27 330
8 845
1 734
14 238
17 911
12 742
3 431
23 496
23 416
5 523
4 488
26 530
0 854
11 703
7 303
28 949
10 993
6 668
0 432
6 297
22 775
6 692
11 208
0 883
8 635
4 803
15 691
13 755
29 827
19 976
20 441
13 534
23 273
26 663
22 359
0 787
29 520
28 309
0 946
11 934
29 609
7 303
27 800
20 485
0 505
23 612
11 482
7 299
15 623
25 653
14 559
11 842
21 223
17 888
8 547
20 997
12 548
7 468
7 679
12 963
9 899
2 611
3 441
13 246
15 635
11 427
28 975
27 634
9 713
18 395
26 776
11 391
4 478
17 861
17 859
10 818
20 320
8 412
28 940
11 358
26 835
17 384
21 584
27 687
6 227
7 502
0 820
9 910
12 543
16 352
9 890
27 570
26 959
13 239
29 842
16 685
12 775
12 467
19 766
13 738
6 322
1 662
22 448
20 759
3 744
1 658
6 992
14 886
6 232
24 424
17 765
16 838
10 526
14 609
8 630
16 825
1 942
24 493
28 336
8 329
7 571
25 335
22 868
10 552
17 401
