2000
2 218
19 246
1 264
7 820
27 995
10 425
5 827
23 412
28 798
11 436
16 570
24 478
0 753
0 595
28 470
14 503
0 574
4 583
9 664
5 537
19 376
1 850
27 814
22 460
16 253
1 595
8 397
28 831
5 417
17 942
21 865
17 427
8 899
10 410
19 411
0 713
7 585
25 919
13 977
4 707
5 259
18 500
0 360
8 660
20 841
19 695
16 282
28 459
2 239
28 926
0 306
4 945
11 309
8 814
15 243
29 588
8 918
24 986
14 649
11 786
7 789
20 364
18 512
1 617
19 547
14 429
16 580
6 577
15 584
0 439
20 751
3 319
2 452
12 222
17 222
27 245
15 509
27 817
25 975
18 535
22 823
28 762
4 971
9 783
12 745
20 967
20 216
2 574
7 803
27 698
22 309
24 945
16 687
24 804
11 478
21 343
22 963
11 558
20 551
25 666
10 852
15 650
9 589
2 737
14 924
7 822
7 241
26 478
26 265
24 277
4 255
10 792
17 533
19 812
20 645
13 483
17 449
11 821
17 388
13 952
1 366
0 610
14 878
0 250
6 784
15 300
26 827
21 799
2 853
19 744
15 408
25 424
19 876
9 332
13 553
2 345
23 353
1 984
15 399
8 721
5 381
28 638
0 330
1 716
16 945
24 355
6 776
11 457
6 851
26 360
19 547
14 655
28 291
7 274
5 633
9 312
12 951
19 793
21 778
9 909
24 225
20 903
14 897
6 341
23 726
6 798
22 993
6 373
0 895
23 632
5 914
26 247
23 362
29 742
0 758
5 716
23 201
13 935
9 911
5 900
11 955
9 961
26 264
11 783
15 363
12 504
26 779
22 203
1 590
8 607
3 315
0 599
21 704
15 278
6 913
22 557
16 793
9 784
2 783
17 456
10 722
20 615
26 629
6 368
0 440
8 742
29 675
3 731
26 654
16 742
10 906
27 291
22 627
3 836
10 390
12 446
20 524
13 293
24 540
5 611
4 872
25 914
11 826
5 570
0 669
27 262
15 213
14 301
23 309
5 994
26 487
23 709
19 289
24 669
13 240
25 600
0 335
29 980
16 329
14 439
8 369
21 608
6 574
0 832
17 741
13 760
28 482
2 615
2 753
5 375
24 521
10 597
11 908
26 718
22 353
16 957
13 875
1 413
0 939
16 602
3 741
21 215
18 526
6 562
20 481
18 797
6 752
15 538
17 475
14 290
3 924
10 514
14 681
0 567
19 498
7 696
28 745
6 402
22 377
24 983
0 514
8 868
0 749
16 796
1 887
14 253
25 579
19 800
9 965
4 491
8 414
17 378
29 208
21 437
29 915
12 663
22 338
28 978
8 741
10 394
7 886
7 528
17 322
14 352
20 461
29 455
16 639
25 837
14 612
9 307
23 713
21 959
12 268
3 638
23 270
10 593
29 325
22 664
20 710
16 565
4 984
29 824
28 980
20 345
21 315
2 921
6 978
17 849
9 987
28 693
26 745
15 341
1 405
21 437
0 495
29 434
14 584
5 528
15 993
3 922
2 858
3 906
25 637
24 326
19 732
19 439
17 401
20 333
8 366
1 441
29 773
2 572
15 790
24 271
10 295
4 784
7 849
9 957
18 525
12 985
0 946
8 253
1 700
18 672
17 607
26 604
24 375
12 818
2 652
3 251
4 993
7 752
26 303
25 239
28 932
6 992
29 983
4 484
18 334
29 974
17 569
13 244
7 309
3 967
13 996
13 622
14 572
1 896
26 666
7 426
1 531
16 296
11 231
27 919
16 218
15 625
13 311
10 625
6 260
5 823
24 653
24 763
3 775
23 883
12 340
18 690
10 223
26 414
16 446
20 642
25 753
25 261
20 761
17 207
11 553
24 474
0 978
2 875
20 553
16 867
23 571
4 883
20 379
26 866
4 289
15 264
26 932
7 215
23 800
27 779
2 442
2 886
0 732
25 759
8 614
10 791
5 835
22 681
7 728
29 889
24 775
2 585
9 397
24 693
15 310
13 423
28 853
25 310
8 437
4 835
4 929
11 680
22 513
22 671
2 232
23 722
26 216
1 467
21 644
20 611
22 302
20 364
9 823
26 664
22 349
8 671
24 885
2 756
12 812
9 736
14 238
16 643
23 651
6 696
24 273
14 463
3 673
19 364
26 703
10 396
8 681
12 923
5 529
26 239
20 280
11 877
28 248
29 235
18 470
10 985
7 543
0 717
11 634
10 244
14 862
7 996
19 807
2 383
25 343
23 385
26 973
10 659
13 532
5 476
23 647
15 463
1 829
13 422
21 503
24 538
11 469
9 393
24 843
8 940
8 339
14 212
23 422
3 960
9 987
10 682
9 942
2 653
19 362
22 297
5 771
24 349
12 940
15 824
0 635
0 847
3 861
3 583
16 386
2 924
28 749
29 612
18 249
19 909
29 325
24 431
9 252
15 268
7 567
6 945
8 807
26 680
15 1000
20 793
2 202
8 997
21 982
25 565
26 881
3 506
22 264
4 207
1 790
14 762
15 874
14 456
27 313
3 979
8 254
10 952
6 302
29 930
17 903
2 407
21 532
13 585
17 270
6 738
20 905
10 404
25 621
6 519
24 800
26 538
20 284
17 286
7 767
8 885
27 637
16 761
24 484
26 998
14 641
20 716
19 220
26 413
11 476
11 415
6 804
6 941
13 897
23 697
20 311
23 250
9 523
1 768
9 947
3 681
29 372
6 736
26 798
9 583
18 405
27 958
8 742
19 618
13 871
14 517
1 878
12 958
19 678
4 255
21 872
3 955
13 887
18 706
3 734
2 961
8 851
18 568
28 856
20 823
4 365
9 417
22 238
24 545
27 861
10 386
15 699
29 689
25 479
26 385
22 551
15 706
8 578
27 435
12 301
24 669
19 492
10 655
28 890
22 955
2 389
18 841
2 902
0 386
26 815
16 285
16 827
13 899
21 423
7 328
29 326
21 434
26 249
16 750
8 854
9 653
0 409
14 211
23 403
25 374
10 414
13 435
16 659
9 656
28 411
25 836
18 326
13 502
17 875
8 701
4 829
9 483
6 914
28 444
20 601
3 473
6 660
23 526
14 249
27 260
13 636
3 246
15 415
8 325
6 722
18 351
13 288
12 759
5 951
17 494
24 259
5 768
2 379
8 534
5 812
0 825
16 305
8 914
13 561
22 903
0 920
29 462
18 926
18 412
28 521
14 868
16 887
17 782
21 209
16 615
16 938
6 301
14 700
23 798
19 1000
13 803
4 943
18 835
15 563
0 653
15 329
24 535
13 454
26 891
27 854
10 652
1 692
17 826
23 427
5 553
22 635
8 321
27 541
18 539
18 779
7 621
5 528
27 534
22 410
16 724
27 825
19 828
20 286
7 292
12 714
18 940
7 311
6 885
26 309
8 420
0 642
4 710
26 946
16 839
20 753
26 968
20 591
25 689
22 708
23 633
14 828
0 464
2 879
16 500
20 585
20 612
10 840
13 830
9 730
7 868
29 754
7 234
1 699
11 900
17 915
29 558
19 833
22 507
29 567
26 898
26 440
29 261
5 795
21 388
21 232
28 673
11 446
26 987
6 398
0 703
29 711
11 681
18 518
15 315
27 398
6 592
22 802
14 602
11 551
9 631
6 366
25 261
12 662
23 288
25 212
7 428
8 260
19 254
23 493
8 616
21 294
28 624
8 958
9 713
4 999
15 934
26 330
24 397
29 373
19 782
27 722
18 885
15 522
23 219
23 335
22 933
11 609
8 854
0 520
22 236
20 928
15 224
2 765
23 317
8 758
0 978
28 938
4 317
26 764
0 665
23 331
15 769
13 349
18 276
8 481
12 368
23 916
19 837
12 969
3 732
1 942
20 318
29 725
0 503
25 792
10 954
5 988
4 298
2 383
20 726
1 754
24 586
25 812
6 718
21 255
25 247
0 993
0 700
4 354
1 805
9 377
18 910
3 707
24 402
5 920
16 598
29 962
18 471
16 511
0 527
22 993
23 872
17 970
20 896
7 709
20 361
28 301
23 797
13 311
14 712
10 428
25 646
23 465
27 495
24 765
19 986
14 279
22 561
24 922
2 748
9 808
22 442
18 399
14 803
4 886
4 860
13 618
8 813
21 846
7 960
4 573
21 594
26 795
12 537
6 930
11 495
29 982
23 650
25 736
4 565
0 546
24 908
20 638
11 467
23 579
12 989
15 454
18 506
19 264
26 926
18 735
16 910
6 835
20 297
9 712
0 384
12 333
12 776
15 595
19 398
10 517
0 300
7 922
14 200
5 425
9 960
0 822
0 469
1 984
14 364
17 381
13 208
11 800
20 734
26 837
26 808
10 932
11 235
1 579
3 468
27 667
28 346
7 732
21 776
10 651
2 759
23 912
7 382
7 366
16 405
25 314
18 957
21 875
18 214
13 554
11 324
4 274
22 494
16 273
18 853
0 464
11 446
8 215
29 796
17 631
28 372
6 327
3 829
28 434
20 780
12 843
25 588
14 414
25 363
4 428
6 648
28 505
19 378
3 727
27 205
7 939
15 518
21 560
12 685
15 933
10 379
17 621
29 681
12 394
12 722
12 527
22 595
27 770
1 545
10 586
23 208
0 655
1 686
23 874
28 986
11 974
10 809
1 280
4 635
16 308
9 342
18 704
4 740
8 392
25 632
23 222
8 530
29 354
7 959
7 596
7 998
22 229
29 464
23 825
9 341
19 333
24 651
16 542
9 381
18 383
1 959
11 233
8 888
1 349
19 923
23 647
7 435
4 716
4 448
26 841
21 899
24 544
18 390
8 324
24 551
14 831
16 651
12 398
12 366
26 732
29 297
8 869
1 955
25 678
0 681
26 487
25 836
5 381
11 735
23 238
25 210
29 658
28 997
16 409
16 510
18 524
2 583
20 274
26 359
5 476
4 643
17 516
10 694
21 842
11 742
21 646
23 675
12 767
27 899
2 897
11 703
22 341
8 574
17 687
4 758
9 228
2 685
26 382
28 714
18 306
23 496
18 570
28 649
18 776
20 777
14 606
26 840
1 435
25 756
24 743
14 227
15 680
22 901
11 817
14 794
10 569
4 922
21 528
23 921
2 878
19 932
13 333
5 722
28 370
27 922
8 377
27 421
1 267
2 470
17 636
21 956
14 734
27 245
15 733
17 660
6 918
6 794
12 616
5 294
22 463
0 977
25 500
17 318
3 537
29 571
3 365
11 260
23 310
2 774
0 681
22 302
21 969
17 825
1 686
17 618
2 1000
9 353
10 320
22 614
1 663
16 520
8 380
14 816
5 284
25 527
5 503
26 694
20 709
14 942
15 526
20 458
9 648
29 277
6 968
28 615
25 987
25 846
18 738
12 751
19 355
22 690
5 648
23 440
3 656
10 286
19 804
17 267
26 627
5 579
29 556
18 681
27 532
10 363
12 490
17 258
19 924
12 625
19 686
28 707
1 671
13 389
25 792
9 909
28 710
17 522
23 639
25 679
10 552
1 991
24 268
25 846
16 862
1 232
20 513
22 864
7 227
14 713
22 308
15 630
22 353
10 786
26 466
12 648
18 727
20 449
3 422
25 804
28 807
27 939
10 372
24 875
29 533
28 364
11 988
21 425
20 247
10 869
25 581
23 462
16 619
18 614
25 975
0 539
16 319
28 426
15 944
5 891
10 502
0 536
10 867
1 505
6 516
11 405
16 525
16 967
24 705
25 279
14 541
17 298
26 789
14 967
3 338
18 898
3 437
2 805
5 659
21 588
2 756
5 331
21 1000
12 321
21 971
20 488
20 743
10 777
27 642
2 499
20 290
27 313
10 828
10 689
6 562
21 859
25 922
19 413
4 336
13 265
18 418
25 442
24 414
13 903
2 205
17 310
26 765
28 255
4 222
4 244
13 282
15 487
10 726
25 657
15 657
8 414
29 647
17 577
18 986
10 383
19 911
11 843
10 516
6 259
17 805
18 731
7 842
15 478
4 487
21 256
1 657
13 486
11 985
12 658
20 584
23 384
14 877
10 683
2 823
3 713
25 217
0 620
5 272
2 706
0 277
17 617
1 352
12 401
12 793
9 693
23 349
19 672
10 942
14 909
23 324
11 786
2 919
22 710
17 472
27 894
22 876
15 318
6 855
5 756
2 873
1 613
10 380
21 314
2 752
3 861
28 363
2 532
25 805
23 763
16 792
3 428
17 669
9 856
3 313
22 552
2 440
0 685
4 507
11 724
28 833
27 992
9 773
23 603
22 700
8 828
24 978
23 772
22 743
9 894
16 504
20 989
10 637
14 371
14 635
0 300
9 788
22 649
10 852
7 205
27 372
10 785
8 914
5 798
9 956
3 526
16 379
6 901
12 289
25 304
12 809
23 790
0 726
21 539
8 364
23 426
20 700
11 679
29 988
24 943
14 268
17 641
22 861
27 521
9 739
29 527
29 810
3 487
5 736
4 824
1 647
25 569
4 796
18 294
23 944
4 508
6 223
4 499
15 740
7 310
18 784
8 661
13 595
20 332
23 942
7 898
23 659
28 654
8 714
15 444
7 774
2 927
2 509
27 921
11 461
27 867
16 237
26 308
13 709
6 903
5 571
24 232
6 631
24 472
25 566
21 308
7 834
26 824
2 344
7 591
16 699
15 454
4 985
25 268
13 446
27 346
7 564
3 968
11 458
11 899
22 455
18 434
8 287
16 471
29 220
17 855
3 443
12 423
22 702
15 412
19 552
26 766
3 541
3 745
6 299
3 897
10 344
2 586
24 663
18 515
25 899
11 751
26 263
29 475
26 264
14 623
21 393
5 247
29 383
16 683
24 575
4 790
6 594
3 287
10 553
13 651
24 942
5 217
0 204
4 236
2 962
10 977
22 214
14 452
18 829
14 231
13 509
27 381
16 352
3 806
4 774
13 212
15 506
18 572
5 801
9 485
26 634
25 740
8 481
5 906
23 361
14 825
28 345
24 403
6 898
17 278
8 449
12 289
5 598
26 775
26 697
10 872
24 423
23 323
22 809
23 218
16 771
25 206
0 657
25 988
13 674
21 719
24 951
27 291
20 809
0 760
16 639
25 908
16 685
10 221
5 795
3 476
15 830
19 801
27 910
16 388
28 897
3 354
20 235
22 745
25 452
28 325
13 378
5 272
23 693
22 671
8 326
28 773
17 908
28 281
20 392
23 304
25 385
0 677
15 329
22 243
14 283
8 488
15 239
4 703
15 892
12 329
7 357
25 202
19 731
1 772
7 997
10 928
2 971
4 204
8 314
10 827
6 831
24 869
14 625
0 506
9 271
22 209
0 580
20 954
8 520
16 910
7 273
20 720
16 949
16 580
23 578
29 221
26 716
2 520
5 783
21 414
11 675
3 381
15 420
19 347
14 377
9 245
12 717
8 806
9 731
29 779
8 613
11 771
6 620
9 954
11 566
10 995
19 443
24 881
4 899
19 330
23 539
16 687
12 899
9 249
19 950
21 544
28 851
21 728
5 823
12 355
1 750
22 518
24 979
14 209
8 374
18 396
9 568
15 303
21 883
10 625
22 279
13 662
19 543
0 370
6 235
5 598
0 655
22 663
23 661
5 887
7 965
15 691
3 474
25 802
1 743
6 223
10 425
17 700
16 955
20 959
19 839
11 428
14 955
23 839
16 948
23 943
5 430
16 351
22 832
25 597
13 763
3 965
21 827
14 243
3 810
17 658
21 393
16 277
21 476
15 905
27 878
27 611
18 897
6 665
18 327
11 456
15 440
9 880
12 829
3 754
10 341
6 839
2 242
0 578
27 640
18 309
13 311
22 578
3 370
11 478
28 987
18 847
21 491
28 821
16 397
19 531
24 338
28 598
22 709
27 871
16 893
9 788
15 405
8 422
24 879
21 606
17 880
16 927
18 465
11 449
12 676
13 922
28 988
1 879
10 719
11 499
12 425
15 244
22 475
4 387
28 620
24 939
24 349
14 571
20 446
19 642
10 690
13 925
9 433
5 985
8 427
9 966
29 957
0 574
16 665
23 819
6 459
11 240
13 491
18 203
13 223
22 705
13 957
27 446
26 922
18 930
24 910
25 869
12 673
14 322
14 239
6 228
1 903
19 872
2 238
28 985
10 801
28 736
25 881
29 990
3 449
27 934
28 468
4 853
6 371
26 984
6 496
19 776
8 766
26 958
13 776
2 909
5 647
15 317
28 493
20 345
3 309
19 327
23 917
5 365
21 460
14 910
21 958
8 847
26 808
11 703
16 913
17 497
24 615
6 317
18 499
24 745
20 677
13 228
12 884
20 568
7 345
2 278
19 701
15 247
27 793
26 817
11 839
18 407
12 274
0 618
18 463
20 577
7 902
22 425
21 857
7 407
21 768
5 771
17 282
15 810
7 718
10 780
0 509
25 675
8 615
3 424
3 622
25 780
1 486
13 655
11 298
28 424
24 563
26 554
2 525
12 945
27 970
28 610
6 249
26 316
6 238
28 662
8 681
7 538
25 958
3 705
17 234
11 975
25 689
16 598
8 811
5 810
11 251
21 807
15 332
24 679
21 228
12 804
16 263
20 723
23 432
7 957
11 221
29 745
27 931
6 890
0 492
19 986
9 501
24 787
2 991
19 551
13 622
4 843
9 966
2 342
3 820
10 861
9 201
0 464
22 251
26 377
1 677
18 666
17 299
17 720
24 935
6 468
20 338
1 386
2 495
28 514
10 706
7 262
12 233
14 438
8 440
11 895
10 484
15 532
8 765
0 534
3 971
27 687
26 219
1 359
27 865
20 863
4 239
9 846
4 244
25 974
29 532
17 665
20 381
15 873
21 320
29 429
7 929
12 883
18 865
17 957
28 227
15 980
9 262
19 207
16 585
10 505
8 342
8 756
23 782
25 973
20 615
1 316
5 315
16 927
5 588
14 280
27 781
25 310
29 696
25 789
9 335
4 487
27 390
4 673
26 561
10 730
13 369
19 797
9 442
20 488
13 506
23 859
22 446
6 419
22 640
12 932
24 763
2 310
