2000
26 864
13 719
6 398
9 735
25 686
7 802
25 738
29 768
1 746
16 813
5 412
14 677
8 977
27 693
7 495
4 686
17 918
5 425
11 210
21 925
5 279
21 653
17 657
22 926
1 352
0 206
22 332
25 375
14 814
18 421
3 860
23 520
0 870
0 672
29 377
25 269
25 757
14 549
4 690
17 215
20 963
17 901
17 823
12 299
5 621
7 843
7 492
16 685
12 420
27 372
11 398
10 676
0 994
29 520
24 746
1 525
24 547
26 944
29 643
5 987
25 723
6 295
24 978
20 585
2 948
10 916
11 401
11 631
19 484
18 659
12 285
6 603
14 715
24 756
27 982
29 621
16 322
1 260
14 411
5 799
10 918
15 663
24 854
6 972
20 784
20 599
28 568
1 465
9 737
25 328
27 699
17 581
23 267
6 931
4 429
0 860
0 881
8 431
15 228
21 423
1 676
12 509
0 932
21 501
11 913
16 394
29 249
1 385
2 967
16 278
24 647
11 202
26 706
9 828
4 487
19 238
25 918
11 992
1 495
20 424
24 373
20 491
10 309
7 261
16 284
21 490
19 775
5 276
2 931
13 422
17 351
6 530
17 681
22 527
27 887
29 376
29 946
13 318
14 581
26 708
11 433
15 233
5 632
16 836
7 969
25 271
9 397
26 559
22 726
1 624
21 764
23 202
19 975
19 674
24 671
0 912
17 417
25 894
23 356
10 248
24 615
16 362
7 922
13 517
4 856
0 482
28 411
17 940
28 680
28 648
17 761
12 225
14 949
19 214
29 918
18 272
19 474
11 634
1 283
1 874
13 295
8 404
6 854
9 592
22 317
18 723
25 881
18 488
13 898
26 547
10 366
25 218
10 291
23 592
4 654
11 348
23 898
5 514
12 650
21 930
28 697
22 784
7 299
6 352
6 900
14 863
7 271
17 845
18 752
8 434
17 797
7 728
20 908
10 825
12 863
16 641
26 470
8 769
1 219
2 720
7 240
2 409
23 278
2 460
2 639
25 805
16 547
4 881
19 382
28 460
8 417
24 271
26 955
6 843
20 279
25 584
12 661
16 267
1 472
24 400
8 976
11 401
9 584
0 852
15 995
7 480
8 556
28 972
19 255
29 268
22 278
7 554
25 767
3 774
8 350
11 449
26 319
25 877
10 483
29 567
24 295
18 435
14 209
26 771
21 917
25 550
24 349
19 991
11 913
4 224
15 498
22 843
7 761
1 787
28 665
12 952
7 554
11 455
17 342
3 787
28 300
22 586
19 201
26 760
9 538
8 850
23 209
29 310
26 940
9 779
22 874
14 876
12 442
1 234
8 612
18 486
21 286
6 947
15 412
25 978
6 414
15 385
21 469
16 997
23 597
3 510
12 691
21 296
13 556
24 645
15 520
18 975
13 469
23 444
10 666
19 644
5 311
28 841
21 889
10 932
9 986
6 611
7 817
21 204
19 919
21 864
6 429
24 477
21 999
9 323
12 818
26 325
15 286
7 530
25 925
13 242
24 658
5 588
20 867
13 884
28 835
13 373
21 278
17 420
4 609
3 429
7 354
18 506
16 558
23 949
26 371
12 252
17 858
12 329
17 402
24 230
10 334
11 970
25 494
27 209
5 688
14 575
2 840
4 972
4 408
28 302
4 788
6 431
14 537
20 200
11 242
28 929
0 293
17 435
12 489
4 278
11 898
29 597
29 861
1 708
18 508
0 227
6 739
24 370
3 454
2 553
3 451
5 437
8 579
17 734
28 668
3 552
16 720
23 238
29 352
2 765
26 336
4 313
4 932
2 662
27 262
15 309
22 454
11 534
19 789
19 849
13 585
15 958
19 364
18 900
15 653
21 265
15 679
29 792
25 987
4 927
2 364
16 844
12 544
0 778
2 292
6 570
20 787
7 461
29 532
25 668
9 515
26 996
19 933
26 389
5 545
6 574
9 724
15 581
24 962
28 695
10 727
16 761
12 416
28 952
21 1000
4 349
24 823
9 259
23 578
15 761
25 524
18 785
18 420
14 246
27 958
18 605
2 253
28 487
24 508
15 252
24 251
8 903
28 365
29 345
5 823
24 271
16 401
10 698
18 580
13 997
24 465
18 257
5 518
29 618
21 709
6 630
15 919
7 311
25 520
24 397
24 810
26 417
14 792
7 777
22 962
12 631
7 533
29 921
14 539
4 540
6 507
22 626
4 355
22 651
17 857
18 377
9 446
10 763
11 454
7 836
12 807
12 868
18 280
4 445
24 664
5 254
7 217
10 789
9 711
6 454
20 262
20 635
21 860
22 538
18 348
16 658
14 885
11 649
26 903
14 630
25 919
27 493
21 619
7 515
3 658
10 954
12 859
24 310
24 615
16 620
2 882
2 801
21 934
12 838
0 250
17 645
17 913
11 930
8 332
27 402
26 465
5 850
0 954
6 987
16 897
13 601
21 382
14 386
24 462
29 208
14 702
4 609
23 507
20 271
5 292
26 775
22 325
13 267
16 520
27 317
10 237
26 908
14 716
2 741
29 467
0 643
9 824
10 853
23 712
2 884
2 302
1 395
7 290
0 681
2 527
17 220
28 976
10 904
26 676
16 413
23 724
16 561
20 585
26 526
25 885
4 810
22 382
22 818
5 719
13 392
19 569
16 233
16 882
13 736
1 826
24 950
2 891
13 281
1 316
3 775
28 426
24 534
16 653
5 636
18 694
13 697
17 898
0 999
8 482
16 749
20 886
9 393
29 889
15 425
17 707
13 374
9 831
4 273
29 830
24 378
5 691
5 264
9 218
14 759
22 535
27 372
7 263
11 502
28 616
12 816
24 525
27 427
15 533
26 968
14 506
26 286
12 931
7 281
16 787
5 345
3 298
6 830
28 410
19 998
26 782
29 913
10 518
18 995
17 840
16 586
14 280
22 785
7 765
3 960
0 254
8 562
9 496
4 832
8 797
6 708
18 815
23 203
4 265
13 767
25 941
19 829
10 511
8 338
24 455
26 959
23 470
1 327
3 493
29 833
25 407
18 881
27 961
2 750
24 357
3 536
1 224
21 235
9 618
12 550
24 493
29 542
4 992
19 250
16 710
13 462
21 829
27 612
26 284
26 798
10 589
16 570
24 471
6 397
8 684
15 874
15 813
22 428
28 815
8 653
26 202
22 531
7 309
20 568
3 651
4 597
27 647
26 749
20 519
5 905
10 351
23 948
16 402
0 924
10 679
13 734
12 564
9 408
8 631
27 678
28 803
21 656
18 669
13 257
18 747
13 679
13 677
6 526
8 320
17 939
14 547
25 839
20 394
1 209
27 401
11 711
23 694
15 816
2 547
20 904
12 958
25 511
5 861
18 614
3 615
25 710
14 745
10 548
18 783
21 822
20 206
5 701
16 672
2 900
7 613
15 796
21 274
8 420
2 777
29 209
25 216
21 593
23 362
23 493
3 515
22 502
15 304
4 768
4 794
11 479
10 694
2 612
0 385
14 936
14 361
18 834
16 589
15 904
8 865
7 750
9 640
6 599
0 569
2 986
10 324
1 513
27 733
17 586
2 382
12 381
25 465
24 561
23 518
22 214
28 858
2 722
2 902
27 745
12 270
6 224
9 626
4 898
21 411
9 347
3 316
15 709
11 858
21 422
14 966
21 515
12 575
21 639
19 735
16 581
24 592
24 653
17 225
28 917
24 656
0 720
18 715
27 867
9 863
26 454
25 705
11 706
12 204
10 959
21 214
19 385
24 376
23 260
13 782
12 373
20 879
1 615
29 403
28 215
10 556
0 583
10 912
9 646
4 485
15 272
27 982
23 412
4 883
16 741
0 424
27 902
11 962
21 925
1 819
25 889
12 737
19 648
27 718
28 419
6 492
23 219
13 200
28 803
17 361
0 745
1 914
20 950
4 717
13 989
11 446
27 667
16 348
27 875
28 382
8 376
20 276
29 964
1 340
12 923
29 301
26 339
27 737
17 717
22 660
25 778
0 590
12 763
0 747
28 733
22 975
2 952
5 583
7 957
4 415
7 554
5 928
13 799
14 378
13 709
2 340
4 819
4 237
16 533
17 559
14 391
3 536
15 609
18 967
2 704
2 328
10 229
5 399
17 323
14 917
19 465
18 880
5 608
6 606
28 814
12 210
12 813
16 542
15 736
19 235
11 784
20 826
7 711
18 285
16 829
7 973
19 362
9 599
4 461
5 222
19 962
20 215
21 915
14 602
15 768
15 852
8 995
18 930
15 857
27 807
10 595
19 953
28 935
22 257
8 622
3 998
3 993
14 529
24 315
3 757
3 303
18 479
11 359
26 410
18 567
9 302
27 416
6 577
5 819
4 796
4 313
18 972
5 224
5 698
4 390
18 961
9 515
7 919
25 985
14 791
28 396
29 565
28 241
2 211
24 985
11 937
9 653
23 549
20 892
9 206
17 884
19 868
14 423
11 521
24 775
17 996
26 207
17 441
27 411
15 991
16 516
20 395
3 706
15 385
29 988
18 622
12 236
15 358
16 374
3 778
26 401
29 820
12 710
22 259
6 904
4 500
11 329
15 932
20 998
25 903
28 217
18 440
23 539
18 825
4 409
23 655
1 279
5 884
8 351
0 833
15 685
13 927
12 949
20 603
7 525
11 756
1 667
3 883
9 582
12 906
2 221
12 750
4 268
19 847
22 587
13 418
12 828
3 486
16 414
16 661
10 926
0 395
4 605
9 281
4 540
9 914
21 333
18 886
4 335
6 406
18 902
27 913
2 920
29 635
10 283
22 484
2 790
11 873
11 386
26 812
9 968
29 513
11 257
10 656
2 550
24 226
11 519
15 543
26 564
4 864
28 229
24 297
15 381
7 623
25 661
3 346
16 918
21 979
14 696
26 305
0 654
18 512
2 898
5 904
18 967
6 651
0 601
27 664
16 231
9 646
22 651
29 518
0 824
8 335
5 726
28 227
24 514
28 551
1 996
25 893
26 249
19 799
16 402
0 981
14 411
9 782
1 379
29 250
29 274
13 917
29 936
2 523
5 311
2 202
19 321
12 446
25 523
17 728
13 890
25 314
5 821
6 233
8 294
27 543
27 768
9 731
22 691
24 206
14 548
6 352
20 804
4 301
27 207
6 886
29 648
29 294
6 668
5 582
24 666
28 459
10 872
20 806
4 344
9 934
10 293
1 566
4 959
25 524
28 310
17 564
23 215
1 222
18 249
0 812
8 710
26 317
28 968
13 474
11 709
4 747
8 417
20 838
15 215
24 809
21 837
22 571
10 790
29 507
29 755
6 956
11 986
27 313
13 949
15 497
26 580
22 743
8 393
17 858
4 639
17 771
29 458
28 932
7 765
14 451
25 771
25 911
28 902
17 635
14 591
24 524
1 347
13 666
3 903
9 614
15 632
25 812
8 412
2 308
1 301
6 787
7 997
24 874
25 848
7 814
18 708
12 602
16 577
14 436
16 468
1 843
20 472
0 817
2 784
10 776
29 701
1 900
24 383
16 932
17 810
6 914
25 479
19 698
8 397
11 665
24 321
27 449
23 467
4 819
27 363
29 727
10 941
2 831
10 203
5 487
22 612
17 730
5 298
17 493
11 537
12 584
6 231
0 712
9 428
19 457
8 263
4 699
14 585
7 553
0 533
10 932
7 947
16 833
17 889
18 650
11 881
0 441
21 594
1 973
20 640
24 432
29 293
29 416
7 405
14 765
14 768
8 973
28 587
28 711
15 230
26 831
10 897
16 656
5 495
5 519
26 446
28 402
9 776
28 871
19 621
4 348
7 880
16 392
29 462
9 436
20 807
22 948
28 804
19 546
28 492
1 403
12 400
12 739
2 378
7 706
25 786
16 711
24 379
10 563
5 293
7 246
5 568
27 883
4 827
18 202
26 466
25 750
10 339
29 740
12 338
10 751
6 565
7 596
16 865
17 280
26 503
27 806
6 541
17 697
20 591
2 789
3 917
25 415
1 506
21 251
12 346
15 645
9 791
0 512
28 595
16 246
26 650
21 217
14 355
14 460
3 242
5 412
13 290
14 468
20 840
21 759
13 758
3 412
28 443
2 960
23 810
0 547
27 557
2 457
23 752
27 740
9 749
23 320
22 772
9 796
15 664
25 431
7 878
1 945
4 646
7 283
14 837
29 799
1 355
4 207
11 529
17 808
22 797
22 791
8 451
7 766
7 958
8 472
15 795
0 727
11 473
0 611
27 473
13 245
4 269
29 877
12 919
29 950
18 959
3 347
10 202
9 727
13 407
11 996
28 723
20 280
20 919
5 321
26 640
2 406
20 493
17 846
12 555
26 414
23 311
12 938
13 305
12 468
17 771
0 532
25 894
2 345
18 215
11 591
3 644
17 922
11 986
26 853
4 759
13 892
15 706
17 357
25 751
27 555
9 687
6 854
18 456
1 341
1 352
22 624
16 813
2 397
10 461
28 246
11 426
16 742
1 718
12 232
4 218
27 221
27 568
26 533
26 853
22 258
23 331
8 830
3 392
10 909
22 868
3 944
7 758
26 550
13 671
6 830
6 210
3 249
9 879
16 927
5 872
4 723
10 401
18 888
29 212
16 859
24 857
28 793
20 392
22 535
1 223
11 434
18 854
19 493
28 566
22 238
9 820
27 560
9 553
21 508
6 958
5 950
24 932
12 351
23 776
6 973
9 464
14 759
10 300
20 768
10 846
9 594
4 508
14 268
2 912
0 206
3 661
17 753
27 461
22 633
10 865
8 971
8 741
0 732
20 734
13 219
9 798
18 799
1 644
8 845
21 248
0 564
21 738
24 438
17 870
11 536
21 225
27 425
29 616
22 333
14 289
28 786
20 986
11 309
25 290
19 762
4 411
8 663
21 526
4 469
26 205
8 482
5 916
3 314
6 454
29 349
8 517
21 865
22 598
21 856
14 979
1 834
17 788
24 579
4 688
17 843
20 377
26 828
29 571
9 301
7 644
24 575
13 635
24 617
14 202
1 994
28 641
5 409
1 684
22 868
24 717
5 862
9 710
9 721
8 692
10 959
23 689
6 860
16 998
1 843
10 864
5 435
10 468
2 292
16 294
19 391
2 215
28 481
1 906
1 734
6 713
7 452
23 514
9 911
6 290
10 906
5 683
15 629
1 545
8 659
19 461
22 427
19 667
19 556
16 334
20 869
27 673
2 617
17 950
20 366
21 986
16 448
0 797
3 402
12 894
5 875
18 262
16 476
21 867
10 955
5 301
7 992
10 463
22 648
18 925
19 799
26 485
29 433
4 568
10 557
22 626
20 780
25 376
28 924
28 829
4 243
10 207
25 545
18 865
20 839
5 616
15 708
28 516
25 871
5 318
0 358
25 339
28 584
2 609
28 283
21 925
2 392
26 784
8 247
27 719
17 861
4 303
17 422
22 741
24 343
19 310
18 852
1 695
13 568
4 304
5 267
10 691
22 516
12 433
14 557
1 377
18 463
4 491
15 572
12 510
22 772
27 908
29 599
17 1000
27 840
4 895
29 624
18 559
0 557
10 831
24 423
5 999
19 243
4 711
21 648
11 475
18 304
19 254
10 875
6 424
18 800
1 940
9 584
18 903
25 300
16 896
20 759
0 826
6 474
1 608
14 883
11 916
22 354
1 337
12 566
4 887
16 592
6 371
13 856
21 241
8 431
18 641
21 889
7 982
19 659
2 736
29 220
3 953
5 789
23 452
17 811
10 735
2 684
14 938
25 493
15 619
15 949
23 727
12 573
23 957
15 876
26 209
3 313
14 573
20 658
22 438
0 968
1 983
13 328
26 619
11 645
20 477
5 782
9 718
18 622
3 207
7 278
0 645
4 334
20 698
2 855
13 332
21 290
2 622
7 935
15 464
28 705
16 560
2 302
10 222
29 747
8 532
19 730
16 341
23 435
24 895
10 723
24 652
21 588
18 945
14 428
9 824
5 834
9 735
3 903
17 689
0 349
23 626
26 867
21 899
29 659
9 781
17 316
24 790
0 907
2 396
5 958
26 599
23 994
15 970
20 624
28 992
29 974
16 374
8 608
13 327
2 734
26 373
0 891
17 541
28 660
14 849
27 768
14 301
26 847
24 202
29 216
10 670
0 400
4 659
14 644
3 689
20 290
26 897
3 231
16 832
13 976
20 430
0 461
9 842
2 626
14 496
12 859
4 328
7 997
29 371
29 462
23 981
6 602
5 977
15 978
21 506
23 684
23 506
21 403
18 365
13 457
12 457
2 437
3 689
1 780
15 852
0 450
0 230
14 371
17 844
14 853
24 325
8 455
15 544
25 769
4 638
29 563
1 546
17 450
19 392
9 747
2 742
16 930
25 319
27 366
20 811
13 370
13 990
3 871
23 930
7 358
7 404
26 782
19 597
27 432
25 691
7 518
25 922
24 472
25 784
25 351
6 887
14 486
28 697
14 600
23 328
5 233
6 512
16 872
15 919
5 425
19 641
22 942
5 794
7 301
25 209
23 761
29 246
8 986
1 443
10 588
17 579
27 580
4 875
17 273
16 443
19 497
28 807
13 649
17 537
11 925
24 674
15 335
0 799
24 468
19 535
18 846
17 356
25 722
8 781
15 717
6 583
23 444
13 512
10 326
27 973
5 286
15 953
12 327
17 316
27 360
3 725
13 497
21 610
15 878
22 600
6 439
9 215
8 999
4 519
18 389
14 978
3 868
23 940
28 753
7 607
13 205
22 304
16 384
10 661
7 830
3 412
12 675
22 243
18 598
21 594
19 828
5 585
6 357
9 207
6 534
0 247
6 382
5 514
3 953
17 669
29 565
28 325
12 211
14 932
24 416
29 587
5 807
6 653
18 566
10 803
3 582
1 307
25 423
1 910
3 533
21 320
28 783
24 615
5 946
3 388
9 806
18 370
25 406
28 534
6 541
24 384
23 789
14 340
4 588
16 799
25 823
3 491
15 380
27 834
17 601
4 742
26 641
23 985
21 556
25 832
12 444
9 775
19 371
1 279
14 397
27 552
21 208
3 966
