2000
1 570
18 850
29 449
15 694
28 881
22 445
22 866
16 270
9 417
0 644
20 405
18 208
27 684
18 401
29 697
18 599
24 877
16 557
11 463
0 868
22 657
5 523
24 500
13 643
6 302
3 943
14 941
19 753
15 212
5 505
8 251
1 347
15 973
24 745
18 426
12 489
27 814
1 968
9 521
27 799
24 639
17 906
9 620
8 805
15 472
16 630
13 929
10 425
5 318
22 327
17 442
18 701
10 905
29 550
19 850
28 233
16 592
3 527
29 930
18 600
15 468
25 232
8 526
7 734
26 826
1 228
1 858
19 862
4 202
29 298
26 684
4 441
5 712
0 475
12 995
29 672
1 752
14 707
1 795
22 562
3 476
28 334
6 872
17 817
11 653
4 904
18 811
22 487
0 802
14 897
22 394
19 690
4 689
13 619
19 971
18 426
28 776
17 883
11 299
22 910
5 461
28 729
25 751
1 202
10 502
18 296
2 472
19 254
4 257
8 811
9 847
27 310
11 597
5 998
3 564
7 591
4 412
5 713
5 680
17 448
9 695
13 963
16 950
0 322
29 581
17 718
9 988
4 586
17 205
20 417
3 991
29 788
8 700
8 398
5 719
23 438
1 938
25 498
16 536
20 931
9 501
7 954
17 248
23 566
0 733
21 696
4 289
23 217
9 700
27 213
14 267
26 516
17 567
19 843
1 658
7 326
8 670
10 687
8 827
6 251
3 426
13 358
22 501
26 401
5 453
5 510
29 713
11 578
2 955
25 518
26 415
18 949
14 762
12 884
25 965
29 907
17 523
24 265
5 479
26 876
22 712
16 968
6 485
12 532
14 227
8 536
9 976
26 520
9 923
22 669
0 778
29 916
3 551
29 332
27 237
10 360
7 600
14 700
24 369
0 338
4 445
19 462
24 764
0 297
1 965
4 887
22 254
27 750
2 953
27 790
26 492
9 466
29 576
17 841
1 578
2 455
25 517
9 314
6 459
14 601
23 508
5 442
4 541
20 268
16 278
5 297
29 513
12 785
23 974
15 582
3 772
12 694
9 798
7 543
6 445
7 971
0 244
21 798
8 499
12 267
14 245
0 899
16 523
19 921
8 749
15 865
8 745
25 437
20 774
13 425
12 387
29 632
26 510
20 835
27 343
17 214
7 353
23 972
24 504
21 564
28 838
16 774
25 609
1 366
16 545
1 468
24 367
3 672
11 731
23 783
7 967
5 444
19 502
12 254
15 269
12 766
10 618
16 921
1 530
5 386
14 275
12 355
16 580
29 368
16 475
13 737
7 682
11 873
28 393
10 828
4 272
20 482
21 448
22 828
22 932
3 982
2 583
25 972
0 744
17 646
16 438
5 958
5 474
18 390
21 394
0 819
7 487
5 314
10 345
6 259
9 813
27 702
9 728
11 642
25 892
7 738
1 947
20 881
2 773
28 924
8 953
21 695
14 719
14 986
7 981
17 213
22 707
8 216
17 214
10 832
12 288
28 275
13 648
12 615
10 949
29 970
21 255
5 653
14 239
26 232
16 677
12 529
14 655
23 517
6 830
27 257
10 254
2 946
26 514
1 944
6 337
24 397
24 963
18 422
1 966
9 241
5 289
12 566
1 815
0 399
6 552
21 823
4 635
19 373
8 402
11 982
0 548
17 239
26 728
9 550
16 749
3 802
24 683
18 399
7 457
1 352
4 994
25 906
15 810
24 573
3 699
1 578
15 736
4 905
22 320
25 332
27 985
17 952
6 737
15 238
25 327
11 505
3 275
26 471
13 894
28 744
21 826
6 362
5 488
16 916
10 731
17 980
6 975
26 926
22 397
5 844
23 450
2 821
26 883
7 754
11 254
18 729
4 325
9 628
5 629
24 817
26 915
9 261
21 328
4 834
17 226
11 441
5 694
5 810
24 612
13 805
17 874
21 650
13 708
11 279
17 720
13 322
27 667
28 207
26 533
11 376
5 608
3 766
16 434
14 506
10 978
15 479
5 893
5 328
24 265
15 495
6 224
7 728
14 724
25 501
13 917
23 396
18 967
14 855
24 876
19 907
6 697
23 962
26 640
0 400
14 985
7 259
7 325
11 504
16 304
0 911
24 338
10 939
14 720
19 907
13 520
16 345
22 833
22 559
9 608
13 830
18 902
20 289
5 451
24 839
28 208
14 517
21 415
1 327
18 634
10 990
10 647
16 526
12 811
10 929
22 772
23 383
27 531
16 944
20 641
22 846
6 479
4 427
20 819
13 618
8 922
18 990
9 434
12 249
3 580
8 744
5 945
15 757
24 547
16 378
5 332
24 569
3 917
18 784
0 904
26 322
28 754
13 527
15 442
3 539
25 390
27 849
8 838
29 256
11 497
3 932
29 735
2 212
14 826
14 966
23 798
24 953
19 659
26 605
3 419
7 377
29 548
27 516
28 912
24 645
12 434
22 248
28 504
5 775
20 609
9 541
23 959
19 663
3 757
22 414
16 244
26 756
21 581
10 237
23 395
1 542
12 279
29 276
5 990
18 659
9 588
23 248
1 395
28 503
12 739
2 989
14 500
25 368
19 503
12 442
16 715
4 505
16 859
24 683
26 712
19 661
14 808
22 856
25 312
21 848
16 345
5 229
14 979
4 701
19 377
25 335
10 607
24 829
25 939
7 312
5 271
8 406
11 322
4 969
16 596
16 257
24 261
8 562
28 295
9 622
8 750
27 604
24 218
27 935
23 493
4 246
12 866
25 828
20 454
22 414
25 269
0 917
21 388
19 546
13 264
29 487
15 233
22 385
1 470
2 488
14 674
9 542
19 687
21 675
24 798
9 868
27 734
7 362
4 872
9 546
6 400
10 513
1 219
14 281
18 882
12 355
18 253
14 575
6 837
27 844
28 875
8 784
3 962
23 461
22 364
9 909
27 999
13 878
1 436
7 398
14 799
16 503
9 800
25 587
15 751
20 892
19 556
29 275
2 453
9 575
20 816
11 401
14 282
25 450
21 953
14 435
3 735
14 209
15 854
11 832
22 805
18 922
17 877
11 414
12 728
27 539
12 973
10 676
14 911
15 311
22 877
0 200
21 845
25 539
13 932
5 311
7 711
6 591
28 866
19 953
8 426
12 713
7 919
20 717
1 875
10 729
20 227
1 645
5 908
26 200
12 907
23 550
26 226
9 980
1 929
27 967
22 275
3 428
29 386
20 964
26 247
0 384
3 306
20 824
24 396
1 538
17 392
1 595
27 638
0 913
22 717
27 658
18 712
27 841
12 916
18 764
26 887
29 838
13 363
29 735
1 271
4 916
9 747
21 881
9 788
1 459
7 814
24 495
22 926
24 314
20 579
7 548
4 327
4 519
14 345
21 904
18 756
26 443
20 226
28 669
15 311
29 459
25 568
15 501
7 253
14 614
22 851
5 747
1 490
18 612
12 775
7 213
7 854
20 421
13 398
14 330
28 236
24 262
2 469
23 632
2 341
1 736
27 897
0 348
27 210
12 212
6 916
15 568
17 972
20 311
19 764
21 664
25 771
21 265
26 538
29 857
28 894
29 292
5 286
23 332
18 499
24 514
2 322
1 366
14 414
29 375
16 349
19 634
28 310
29 615
9 835
13 876
27 479
1 934
27 219
26 697
15 871
29 941
5 835
21 715
4 276
27 401
6 342
7 250
1 228
20 396
16 578
18 505
4 917
25 826
2 397
11 337
16 910
14 979
6 446
14 679
12 692
3 980
11 715
13 897
18 951
7 429
24 507
13 712
20 805
22 356
16 750
24 739
5 613
2 759
13 515
10 734
16 568
28 455
1 571
17 913
2 693
25 445
20 402
9 909
13 280
15 931
22 719
26 852
15 442
5 250
9 976
28 453
28 656
5 663
10 707
22 926
0 344
2 399
3 614
25 339
21 428
24 577
26 407
2 532
2 342
14 304
1 739
19 894
24 967
6 735
21 581
3 464
24 456
22 698
15 236
4 856
21 632
7 266
1 359
22 807
11 820
11 442
21 317
11 206
14 554
11 448
11 495
21 324
28 566
8 962
21 955
13 657
12 463
24 839
7 766
24 209
9 395
12 822
14 911
22 352
24 502
0 420
27 387
4 940
3 323
3 642
8 292
8 940
5 990
11 944
25 994
8 550
16 606
8 589
21 640
19 435
18 708
2 567
27 709
24 973
10 811
22 266
7 821
17 820
5 648
9 261
27 358
28 956
6 565
12 468
22 347
21 404
0 785
25 456
11 468
12 881
21 709
19 445
11 203
6 377
21 734
22 421
8 750
25 586
26 579
3 781
10 810
14 336
2 354
13 728
2 870
9 923
8 961
8 824
4 965
12 898
13 508
2 269
17 314
24 262
14 651
18 975
9 244
28 470
26 537
9 675
7 804
23 858
12 641
16 310
6 327
15 922
6 396
29 264
5 661
1 399
18 678
17 822
10 719
6 398
12 965
0 501
17 549
0 672
26 446
10 251
29 796
7 265
23 598
22 517
9 246
14 810
28 305
12 532
25 304
25 474
16 771
28 662
17 332
2 615
5 891
1 337
10 701
24 435
18 351
20 987
12 224
20 517
13 575
16 685
20 602
28 544
6 456
4 658
20 404
26 588
3 854
12 694
2 635
24 778
9 950
24 561
24 646
17 287
26 279
14 503
17 797
26 692
3 679
0 957
22 390
6 938
14 749
20 819
20 735
27 772
19 756
11 931
3 621
27 661
18 628
19 491
4 982
18 695
19 427
21 685
26 588
1 735
24 847
9 480
6 883
28 207
13 897
8 348
17 584
1 670
24 563
12 525
0 525
3 792
20 720
7 963
2 478
17 418
27 896
1 266
23 493
26 546
27 221
14 974
0 728
11 596
25 598
2 311
20 530
11 451
0 507
25 566
7 443
29 737
18 730
2 454
5 936
1 471
3 943
12 974
4 366
27 699
4 464
9 274
8 608
15 217
16 857
18 445
9 795
5 804
20 580
22 769
27 446
23 636
18 857
19 991
18 308
6 855
29 945
8 425
19 908
5 623
9 325
6 569
13 980
2 508
17 421
16 318
24 275
18 756
24 388
3 281
18 204
21 969
2 751
23 360
29 994
24 868
20 976
15 698
20 979
1 766
17 952
7 216
14 529
27 974
2 486
28 958
27 277
13 575
5 827
21 619
15 921
25 284
8 630
22 908
21 712
12 208
10 898
10 351
26 761
10 653
14 898
27 573
29 888
1 622
10 688
5 793
8 415
4 356
24 554
9 719
5 698
6 764
27 628
28 468
19 838
9 891
22 966
29 719
0 618
26 294
22 731
11 960
23 492
13 974
20 560
14 301
19 823
14 531
21 454
5 977
13 990
0 409
9 240
26 279
19 672
3 316
12 646
21 566
19 385
18 349
29 706
6 852
3 260
18 536
9 560
18 725
10 462
3 289
15 428
15 818
26 662
22 683
13 375
0 405
7 966
25 538
15 990
2 556
3 371
28 466
7 641
17 793
13 597
24 601
15 348
14 561
16 883
19 873
19 731
27 942
10 600
25 207
26 341
5 773
9 346
28 971
5 655
28 670
5 680
17 633
25 780
16 517
2 634
29 385
24 468
1 555
0 721
15 884
26 295
22 203
1 707
22 416
2 494
13 523
23 703
1 975
28 865
12 888
7 561
17 516
22 772
15 266
1 429
1 790
23 920
3 521
29 545
14 239
22 588
15 498
1 896
20 896
11 771
19 222
17 943
3 490
26 686
3 702
20 750
20 501
28 806
28 279
27 594
2 238
6 799
22 723
2 265
26 472
28 719
4 503
22 484
11 819
18 485
21 283
29 929
14 301
26 785
24 660
16 493
7 582
1 650
7 826
25 872
26 367
10 743
10 837
2 536
20 234
12 474
5 951
11 373
22 726
19 709
26 343
13 649
18 386
16 467
5 713
13 761
14 785
7 537
15 501
7 221
11 979
17 527
12 715
28 471
14 803
0 815
28 559
3 678
6 751
14 731
0 250
28 796
2 333
0 919
7 264
13 903
28 423
27 797
20 495
12 694
5 941
0 231
29 327
6 413
3 340
18 388
26 747
0 664
10 399
14 568
20 822
27 453
19 567
17 787
9 704
6 785
18 788
7 527
2 311
1 250
23 598
3 644
25 308
15 791
2 619
24 337
16 850
17 682
21 253
14 842
17 858
28 634
8 774
16 353
21 988
8 573
3 485
4 525
22 600
20 947
5 663
21 521
22 372
8 978
1 809
3 309
27 581
3 418
1 536
19 449
27 923
2 551
1 811
7 363
19 334
26 219
11 857
21 761
6 636
24 311
23 317
20 355
8 311
13 348
3 362
5 300
12 627
4 771
20 526
26 778
14 895
28 630
11 746
2 914
2 956
12 472
29 612
15 885
11 809
29 312
24 470
5 559
23 985
27 786
15 834
12 369
16 687
4 783
2 634
22 869
25 749
13 386
27 527
29 354
23 713
2 996
2 459
9 757
20 233
12 693
10 993
3 934
7 607
29 434
22 385
18 270
9 792
16 790
13 512
19 663
23 961
5 599
29 934
1 679
22 904
29 506
22 257
22 999
1 204
21 499
15 992
14 254
5 206
3 871
5 420
0 225
5 201
14 819
5 573
2 682
23 672
16 515
1 668
28 648
16 419
24 720
19 810
14 953
10 604
21 932
20 598
12 473
28 880
24 661
7 768
10 700
15 757
27 406
9 919
19 576
21 401
28 326
4 884
10 820
18 917
25 653
10 454
19 709
18 249
25 358
17 919
22 410
6 985
28 206
28 801
6 724
23 987
8 582
3 785
23 750
26 415
28 556
11 890
14 604
4 958
7 319
19 630
14 414
22 696
8 932
11 838
1 951
21 465
19 210
14 907
18 886
22 709
11 353
22 719
15 486
19 357
10 391
3 912
1 588
12 851
16 555
14 584
28 850
9 836
0 808
15 622
0 414
2 753
8 580
15 216
17 462
23 574
12 294
23 341
22 855
10 669
24 410
27 413
2 423
25 396
13 943
28 324
18 591
14 239
28 653
3 520
2 492
24 779
10 561
23 549
28 267
26 696
29 804
18 246
15 282
24 857
0 866
16 520
20 382
3 591
13 822
8 272
15 749
11 376
4 857
15 557
1 832
1 929
3 369
7 915
22 860
24 516
5 845
28 792
0 633
14 493
0 619
2 733
17 226
4 985
1 583
8 530
27 527
20 513
28 333
5 232
14 552
29 910
6 837
1 551
25 819
28 796
16 666
3 589
4 438
12 262
24 972
2 385
24 851
27 983
4 422
10 764
19 254
1 418
3 523
18 806
19 911
5 839
3 971
3 416
24 871
13 528
25 390
28 318
22 606
0 369
2 446
1 497
12 550
13 447
24 887
6 382
10 441
2 633
22 329
2 498
12 204
3 770
9 403
20 441
11 586
11 899
24 566
29 377
11 285
13 622
25 685
7 260
14 625
15 314
22 537
4 355
12 725
29 770
13 610
18 704
22 553
8 628
25 262
1 926
1 309
12 762
28 558
14 399
26 632
28 506
20 943
12 724
23 550
11 893
6 443
20 367
21 932
20 896
16 211
23 380
23 754
10 488
24 831
8 459
2 884
4 752
8 759
28 810
24 534
14 456
6 712
23 641
23 269
10 375
14 947
28 834
1 997
13 379
18 505
9 378
20 413
27 258
18 302
15 713
25 255
3 886
10 723
10 620
1 836
21 211
20 935
1 209
19 425
17 724
27 816
14 225
28 517
3 642
23 698
19 465
8 703
27 420
11 639
1 994
19 285
29 760
5 993
17 609
2 288
9 901
18 811
14 782
15 313
5 742
24 222
28 739
15 253
19 724
17 639
27 425
14 262
0 818
17 510
17 898
17 431
6 926
23 603
27 551
14 514
16 353
11 847
28 637
13 385
0 705
24 910
19 930
18 494
27 299
15 299
22 529
27 572
10 957
6 720
7 491
22 688
9 259
18 634
26 671
16 658
14 905
16 593
9 743
19 367
17 508
18 422
19 593
20 351
13 294
13 896
27 493
19 608
11 828
20 842
23 308
21 652
18 808
15 957
16 898
1 854
4 508
28 573
19 765
29 933
24 482
20 670
17 684
8 548
29 837
16 820
24 353
4 596
16 878
26 831
18 708
14 578
25 948
10 858
21 256
12 862
11 380
15 772
25 636
18 332
29 278
15 243
12 938
3 397
1 544
13 457
24 720
7 384
14 706
8 636
0 227
1 562
1 972
22 911
24 893
10 342
20 433
16 856
22 875
7 544
12 639
20 611
9 297
26 357
10 403
22 346
5 237
26 688
15 262
22 229
9 988
19 799
26 319
21 707
28 382
24 203
26 914
16 486
2 833
4 433
12 671
23 343
18 215
9 586
12 206
19 634
18 753
1 563
1 543
22 642
18 471
5 869
11 915
2 557
25 969
12 648
25 633
7 675
14 523
29 983
10 732
8 333
24 816
25 733
26 557
9 937
13 506
16 532
1 517
3 258
14 512
11 822
9 573
2 759
5 582
6 582
22 973
12 403
5 933
13 643
17 508
5 843
10 633
10 224
12 558
26 537
27 939
14 744
24 664
12 722
18 877
5 435
27 230
7 590
16 680
21 904
11 595
7 386
26 416
8 875
2 522
0 370
26 618
26 946
11 353
22 825
19 483
24 854
27 407
17 215
4 691
21 273
26 582
11 423
10 949
16 214
22 687
25 470
23 210
0 661
16 405
23 355
20 634
3 879
6 340
25 571
24 955
24 700
9 703
21 768
23 943
0 708
5 669
27 871
2 483
10 486
3 645
10 996
6 673
6 455
2 926
2 335
1 498
14 492
20 781
25 239
29 603
4 656
3 761
7 975
28 675
25 448
23 305
27 855
9 888
16 258
1 617
5 740
13 843
9 493
1 355
16 546
7 838
11 636
6 698
26 929
18 949
25 680
18 806
6 985
29 839
28 709
12 697
16 584
10 407
17 738
20 981
20 599
5 723
24 577
27 595
24 228
18 604
3 979
23 589
1 429
9 437
7 403
4 764
