2000
9 656
9 727
19 274
9 944
28 734
26 981
0 954
10 327
9 754
2 475
3 382
13 906
11 499
15 373
0 273
29 480
26 550
17 900
10 749
27 536
25 485
27 819
7 700
18 668
25 373
7 273
6 435
18 227
23 822
10 747
23 663
0 387
23 630
6 957
2 350
5 505
24 689
25 555
8 355
15 595
26 706
19 418
21 807
3 642
12 669
10 848
5 392
19 622
14 793
23 662
0 569
19 844
27 561
17 246
19 329
2 584
14 622
29 470
29 873
28 345
19 344
27 383
5 628
26 475
24 886
7 890
15 967
3 299
29 509
16 559
15 282
14 380
8 514
4 263
11 953
11 617
24 385
11 458
18 596
13 301
29 212
1 920
25 904
14 316
23 513
11 304
0 515
4 784
7 218
27 956
16 263
9 867
21 376
6 850
12 728
1 500
1 657
20 569
19 886
26 754
14 218
16 515
0 731
24 747
15 981
6 396
9 484
7 269
5 834
13 588
4 417
22 744
1 517
11 690
26 832
24 514
28 479
13 583
15 548
26 257
0 206
7 880
8 337
9 331
18 651
10 966
16 811
15 494
20 565
9 654
9 489
29 413
26 798
6 267
26 914
7 902
14 348
13 405
25 230
24 556
23 363
7 783
10 402
22 468
4 441
29 669
10 313
5 278
19 996
19 563
22 325
13 340
28 812
16 369
5 259
10 821
21 712
4 471
16 918
16 559
5 799
23 819
26 447
28 725
14 812
28 632
14 637
13 353
21 215
20 239
3 760
11 867
8 946
16 793
11 351
28 458
13 475
14 940
18 402
26 453
5 346
14 840
6 544
2 650
2 523
19 647
13 556
28 711
20 916
1 485
26 342
21 928
14 931
21 606
15 511
28 321
22 674
0 500
17 933
12 734
8 398
21 401
11 850
8 622
8 285
24 677
27 293
19 253
12 505
19 277
12 829
5 973
27 976
0 968
4 513
9 266
6 739
7 250
20 553
15 805
0 691
23 875
28 396
1 473
26 658
25 205
7 250
0 462
4 726
17 249
23 275
10 361
12 228
20 866
15 877
18 830
12 370
1 478
5 440
7 938
16 583
29 321
9 411
4 388
7 860
18 419
18 573
27 395
9 942
7 755
7 917
22 630
2 200
24 898
9 326
26 344
8 599
13 626
20 474
25 753
4 611
28 435
2 311
26 408
16 243
4 251
9 790
13 477
9 450
14 334
20 470
24 494
17 992
1 655
9 347
17 634
21 816
29 653
29 302
6 344
13 289
7 970
25 770
27 740
10 925
28 479
24 949
2 328
27 771
21 217
24 493
9 207
2 969
21 332
5 759
23 944
16 233
18 641
12 810
6 437
24 720
28 879
27 613
12 532
24 357
13 841
11 454
4 268
6 575
7 399
12 545
4 286
5 224
27 767
19 738
29 907
18 244
24 304
8 731
8 238
2 926
12 482
23 359
8 754
24 759
25 397
4 669
28 994
14 302
28 585
18 490
0 267
14 641
10 662
16 413
7 823
17 441
13 632
17 412
18 702
23 758
21 882
16 362
0 307
18 457
0 581
24 904
8 411
18 374
23 292
14 609
25 712
25 848
12 603
23 603
5 648
17 259
1 335
0 721
17 519
14 668
3 864
2 362
17 249
7 492
3 867
29 709
25 914
21 502
16 215
11 861
28 738
17 250
9 235
6 519
5 456
11 261
16 603
26 432
9 820
15 473
27 583
3 378
6 900
5 600
11 921
8 639
8 722
10 978
17 421
4 337
2 779
28 218
7 501
21 609
13 577
28 795
17 416
16 375
24 531
15 533
29 590
11 585
4 412
8 703
17 893
5 541
19 287
22 421
13 444
10 423
17 476
23 202
15 357
11 587
20 834
19 534
25 560
3 708
21 765
12 558
8 691
15 562
19 720
0 829
19 631
15 399
4 772
8 976
20 309
24 925
4 534
21 371
10 910
19 262
1 261
16 367
22 609
8 534
23 324
5 489
16 428
6 908
29 467
25 261
14 976
25 588
6 934
8 819
17 883
14 246
24 529
23 627
28 753
8 912
11 513
13 654
14 284
22 896
3 877
13 817
21 960
26 954
17 625
13 999
6 242
18 906
7 667
16 300
28 596
9 449
22 854
5 511
8 790
26 603
21 913
14 266
10 310
24 647
25 209
7 229
14 492
5 429
22 966
23 442
9 812
20 889
5 732
19 652
4 559
18 657
5 202
10 495
16 745
14 203
26 600
2 950
26 953
27 652
18 365
25 671
27 844
10 494
27 848
7 630
17 383
25 710
11 566
28 231
28 466
8 450
20 903
17 210
9 601
10 878
15 272
7 261
14 344
13 561
11 992
2 423
18 425
18 379
12 378
20 784
0 395
28 549
27 644
6 563
18 439
13 447
12 378
24 341
25 412
6 523
20 832
22 383
1 885
18 565
4 700
13 675
26 591
29 964
1 815
20 722
19 970
12 408
19 840
20 671
6 898
27 970
14 894
2 527
6 887
2 403
29 806
26 303
29 398
16 208
7 767
8 935
27 935
25 636
19 684
3 688
7 879
28 891
12 584
21 510
14 280
28 481
10 561
11 279
0 360
7 532
18 765
15 497
19 359
16 982
7 569
6 460
25 514
16 936
16 318
16 354
27 526
15 959
11 623
28 904
4 406
19 651
9 202
25 678
20 461
4 574
11 309
17 615
27 854
6 834
15 825
11 366
21 947
14 353
24 874
21 374
8 331
0 502
2 545
9 252
2 593
15 802
16 301
19 683
15 757
26 371
12 341
15 903
19 771
5 764
2 291
15 316
2 898
28 800
26 941
5 912
14 933
27 487
17 654
3 611
16 216
20 904
4 481
17 491
7 562
11 414
0 251
29 525
6 423
0 655
25 505
13 700
2 668
29 692
24 359
26 832
13 880
20 666
0 848
6 781
4 708
1 327
7 357
5 428
2 379
2 799
0 237
18 216
13 502
1 533
17 336
6 320
19 696
25 1000
29 889
21 859
3 460
28 411
6 210
9 877
12 925
26 813
5 446
20 432
20 685
20 753
11 503
7 335
8 840
6 359
13 486
6 403
25 923
10 249
23 546
28 849
6 386
27 358
9 541
6 221
1 333
12 611
1 399
8 285
20 962
15 536
21 859
15 834
12 790
22 558
14 879
6 950
6 581
16 217
4 684
15 527
9 882
14 562
9 337
26 387
18 956
1 857
8 278
25 914
1 317
26 418
18 738
4 449
5 309
9 442
2 253
20 831
20 968
4 512
9 759
10 583
17 879
29 611
28 456
29 961
24 842
17 893
5 908
13 917
28 625
25 675
18 896
21 933
25 513
1 334
16 887
5 494
13 968
26 676
9 486
3 884
3 466
17 824
24 887
14 721
10 281
1 891
7 431
24 502
18 357
7 482
0 248
8 628
8 519
9 224
17 928
7 913
25 588
10 271
19 371
8 445
2 912
14 373
27 599
26 657
23 992
13 534
4 277
7 690
23 932
9 506
3 800
1 684
28 627
10 907
2 418
15 482
18 580
3 448
17 287
23 838
0 608
9 261
25 389
2 943
8 238
0 606
5 684
5 422
19 228
9 348
0 637
24 799
17 376
9 588
26 708
27 873
24 307
13 350
16 451
4 228
21 593
11 552
19 301
13 767
1 325
10 760
4 687
12 882
13 707
11 352
9 661
15 972
6 843
13 829
23 590
22 678
17 616
27 807
29 472
17 306
16 850
13 705
8 225
6 656
8 640
2 711
15 685
13 788
5 221
17 420
3 884
27 520
9 727
12 231
26 473
22 263
15 923
23 458
2 452
15 830
16 975
10 724
27 620
2 871
19 834
19 504
27 761
14 628
17 585
12 259
4 451
28 807
0 493
19 441
7 650
4 828
0 933
16 644
7 700
13 786
4 632
18 507
6 656
13 572
4 380
21 233
9 577
5 405
8 972
1 890
17 204
16 487
0 985
12 903
22 835
5 702
23 579
12 796
11 674
5 365
21 747
8 682
3 269
22 377
25 422
24 485
27 909
1 524
10 423
12 221
28 346
25 950
27 603
4 892
11 886
25 328
8 435
20 460
27 206
22 902
13 299
0 351
29 247
0 973
13 600
18 654
11 620
23 533
12 386
23 616
29 967
20 823
27 890
4 223
10 612
16 563
11 464
29 586
16 795
4 905
24 538
10 520
28 577
13 379
21 872
2 572
12 584
1 681
26 240
10 408
3 434
1 228
29 269
20 707
29 703
22 498
26 760
9 430
0 201
29 678
2 823
7 420
10 934
4 915
2 774
11 479
19 418
28 819
28 735
18 438
23 289
18 989
5 219
21 732
28 589
8 500
14 214
26 954
25 325
4 610
14 314
12 987
25 624
16 444
3 369
6 856
5 976
23 799
25 913
14 567
23 847
22 720
22 305
24 703
6 311
18 874
8 667
7 681
24 985
0 941
15 434
26 888
11 967
19 925
7 434
13 502
4 219
27 266
3 714
13 307
3 505
1 962
1 753
3 721
10 266
2 789
1 976
18 735
26 868
12 805
11 263
15 246
2 536
15 973
19 420
3 373
29 979
11 737
4 362
17 221
19 684
12 788
2 877
9 612
6 254
0 993
3 1000
25 915
10 842
1 465
13 631
12 613
29 477
20 501
11 587
6 251
6 515
3 802
8 854
6 473
21 981
13 437
1 682
28 323
18 969
11 340
11 209
17 692
25 834
7 278
23 783
10 561
14 421
7 963
6 747
4 482
0 436
12 636
4 981
16 962
18 622
22 920
29 215
11 314
28 989
20 565
11 821
22 927
2 352
18 866
24 911
2 687
19 707
6 938
4 595
22 920
7 650
27 527
23 662
1 659
9 991
18 682
7 431
10 288
23 640
28 998
27 842
15 854
11 858
8 910
3 282
10 943
13 229
6 578
11 789
4 559
5 602
6 888
26 321
24 416
2 633
14 453
25 921
18 322
1 205
13 1000
18 733
10 226
8 264
20 351
26 282
23 910
11 572
19 947
23 345
15 446
19 319
14 808
27 670
11 728
6 205
13 303
1 732
9 626
0 385
24 674
26 827
20 929
15 726
18 293
15 791
1 536
12 583
6 875
7 723
22 727
15 684
12 921
28 535
8 669
15 807
20 877
8 638
26 527
10 691
22 986
7 783
0 414
2 941
20 208
18 266
22 976
16 573
5 863
1 955
3 887
15 470
11 549
7 344
14 690
2 554
18 574
2 676
22 952
14 287
8 327
5 624
13 877
20 927
19 422
7 676
12 442
14 818
28 266
21 762
12 554
15 927
21 875
2 440
1 946
25 906
8 549
25 856
15 345
2 931
22 568
18 458
5 353
8 810
9 227
18 549
11 552
22 952
27 619
29 889
7 919
7 205
3 982
27 370
17 616
2 471
10 721
25 453
2 601
17 847
24 783
23 222
24 932
12 718
19 734
29 220
5 996
18 694
24 582
0 604
21 216
14 873
22 964
3 619
0 749
7 850
0 301
18 672
2 802
26 705
7 574
22 389
0 316
8 594
20 670
2 826
17 536
10 644
15 478
24 973
7 990
20 662
12 260
9 648
17 413
11 528
1 224
0 902
7 459
13 220
22 395
3 340
16 699
3 850
25 831
18 775
8 812
26 709
25 366
19 258
13 513
9 756
13 851
12 878
8 760
10 357
6 210
1 804
21 533
24 867
23 483
2 636
1 494
17 435
2 376
22 898
29 249
6 578
22 723
0 723
21 246
3 273
20 901
10 689
5 562
21 200
18 894
19 523
15 392
2 375
20 590
28 428
1 331
15 223
29 735
28 438
21 992
4 930
23 767
22 426
1 809
24 637
6 723
16 753
23 826
22 674
6 200
22 804
17 523
10 643
4 427
10 458
14 655
26 770
0 624
27 418
29 504
29 406
1 709
8 472
27 434
13 741
23 828
20 409
9 628
8 792
11 955
26 885
12 808
25 375
1 464
24 470
16 753
20 918
5 513
24 296
17 316
4 730
2 648
5 677
1 870
7 770
0 726
1 387
0 771
23 894
21 508
19 251
0 934
5 955
24 997
2 617
13 503
25 990
19 776
9 609
6 232
15 732
18 893
16 474
6 881
10 568
17 492
23 538
24 516
25 804
1 771
14 216
17 368
9 425
1 739
19 328
22 524
18 338
14 200
26 453
4 598
23 604
1 333
10 752
0 660
8 458
28 538
13 306
6 704
1 879
6 216
16 482
4 938
17 912
1 416
24 280
1 940
8 261
13 670
8 747
0 967
14 996
17 865
8 943
26 958
22 306
22 771
23 885
10 664
23 522
2 529
8 796
25 1000
7 755
13 332
26 996
23 408
17 879
22 762
8 453
2 938
23 996
28 776
3 846
2 827
16 326
0 833
26 214
12 371
26 347
3 916
17 656
18 419
14 204
2 290
20 735
9 275
11 803
7 477
3 698
11 989
17 267
13 722
2 854
14 817
1 475
26 961
8 569
25 557
7 495
18 811
0 363
7 837
1 407
14 979
5 648
15 208
25 331
19 304
6 801
20 351
6 239
6 943
4 319
19 505
13 434
1 626
8 694
29 302
17 474
5 760
24 564
29 891
1 318
16 251
8 412
11 733
22 996
20 877
25 343
22 238
19 383
7 702
22 745
8 499
24 200
17 718
21 347
3 722
15 286
21 396
22 782
15 222
23 533
8 869
0 982
7 429
22 470
4 741
17 946
11 511
0 788
5 670
15 307
9 733
6 891
23 317
27 759
24 248
24 722
28 301
21 672
24 706
7 284
22 288
12 622
27 982
10 220
18 928
19 365
11 468
28 939
18 606
27 851
4 949
7 438
9 647
7 550
19 454
5 870
13 832
16 218
10 413
27 718
9 439
23 709
26 904
25 794
22 660
0 885
0 568
27 366
12 331
26 822
13 340
16 898
14 623
2 940
2 605
21 216
26 526
6 807
20 223
8 795
15 356
29 358
12 625
24 521
25 592
5 703
6 221
3 389
29 572
15 867
24 923
19 707
17 301
4 933
7 263
16 751
24 232
1 235
15 465
3 408
14 434
27 772
12 461
21 205
2 844
2 392
26 322
22 387
3 508
17 457
6 304
24 672
13 679
9 921
16 309
6 263
2 735
20 656
29 416
14 932
17 839
1 806
19 836
19 681
2 505
18 653
20 485
17 644
29 361
1 277
28 276
5 965
7 838
26 380
13 956
27 646
1 436
14 865
28 308
17 245
29 782
16 715
23 390
19 461
21 607
19 329
24 337
21 512
17 495
7 225
8 411
11 387
2 415
15 202
2 644
24 941
28 839
22 320
7 255
20 342
26 811
10 384
25 653
23 646
9 589
27 382
4 934
28 674
29 751
10 778
4 218
18 840
1 223
10 929
23 693
12 489
17 904
6 491
28 293
8 819
0 716
22 377
7 744
15 472
20 890
9 307
24 411
11 979
20 409
23 325
17 625
19 838
17 475
10 224
3 374
17 977
23 235
23 401
21 686
10 319
11 668
19 782
9 714
14 732
7 527
28 453
26 765
12 901
29 454
8 823
14 808
18 870
12 702
13 575
6 916
16 891
23 999
28 569
1 378
27 985
5 204
29 591
25 736
17 247
8 733
16 284
14 281
13 681
14 500
16 929
13 815
2 973
15 205
13 557
0 559
25 885
7 414
19 473
22 956
5 936
15 756
29 293
28 398
20 493
1 323
20 946
24 872
2 704
17 317
20 449
24 351
4 796
9 993
25 976
16 467
15 611
29 224
26 603
14 885
22 779
16 527
26 312
4 371
20 422
18 593
1 239
7 735
12 546
14 744
8 677
15 482
24 880
29 264
6 942
10 654
7 784
7 391
4 654
23 490
8 360
6 825
12 447
2 613
26 904
21 602
29 482
13 343
27 264
20 362
4 251
3 527
15 522
16 524
26 448
15 336
9 366
16 874
13 363
26 770
28 830
28 772
5 318
15 580
25 580
20 452
27 829
14 620
16 951
18 339
7 985
22 292
9 330
1 579
17 807
2 933
28 342
21 556
21 399
25 273
16 523
13 731
10 246
13 332
27 615
22 883
22 645
28 285
6 994
14 713
20 450
17 466
9 847
28 912
9 675
28 680
24 649
2 963
29 684
7 570
21 284
19 554
15 780
13 883
29 636
17 574
6 539
6 352
12 246
18 891
6 480
26 387
28 707
4 402
24 327
2 856
6 388
5 432
24 986
16 585
3 294
19 730
12 780
4 605
13 740
28 274
11 533
8 841
9 419
15 295
26 214
6 430
26 763
18 287
4 411
17 593
6 680
8 250
28 221
25 366
27 902
17 508
28 619
7 210
14 346
14 790
28 871
15 869
13 443
17 881
12 689
27 467
20 812
7 265
10 296
22 562
8 350
14 548
10 695
1 248
22 808
15 706
21 617
9 801
2 331
10 983
22 838
0 639
15 908
19 366
6 761
27 987
18 452
8 498
20 585
29 909
27 753
10 550
27 663
6 216
22 428
11 385
29 696
21 238
1 595
7 488
26 793
15 518
18 422
9 802
24 592
9 531
13 623
29 700
15 309
24 984
4 419
11 674
23 477
10 906
13 904
22 373
18 577
0 845
20 548
25 684
17 242
20 595
11 321
19 996
12 741
17 329
24 788
25 780
14 405
23 531
18 273
5 606
2 695
29 882
16 978
27 403
3 395
29 707
7 426
17 998
26 596
26 924
8 433
25 908
6 746
3 994
23 361
22 409
19 647
4 966
20 266
13 377
14 995
20 810
3 997
29 968
18 383
24 392
19 765
1 568
2 654
10 576
14 434
5 633
0 338
12 789
24 827
23 840
27 328
2 731
4 402
21 364
19 441
10 385
22 663
13 243
28 473
0 520
2 878
15 329
23 619
20 534
4 865
16 910
26 936
27 965
8 676
10 688
2 265
24 954
12 788
28 215
21 305
3 684
5 907
19 794
12 977
23 416
20 771
26 533
9 206
9 918
24 703
21 503
2 668
28 549
10 338
24 997
19 721
2 789
26 851
27 818
21 240
0 322
27 218
