2000
7 340
11 758
25 744
21 747
15 929
0 724
10 389
18 659
24 862
12 563
24 282
5 671
18 251
8 249
4 797
28 990
7 298
0 393
5 882
29 917
23 915
17 267
0 232
25 296
22 409
2 661
4 853
7 336
15 437
21 478
1 318
26 409
9 945
20 509
19 563
20 455
26 437
21 675
17 938
2 271
20 229
18 709
19 612
24 706
10 835
18 223
27 636
6 240
9 403
1 564
27 836
26 643
16 209
22 726
27 764
3 511
15 579
23 542
13 857
17 494
23 736
21 569
29 554
12 442
20 918
19 675
1 645
17 320
16 352
5 700
17 668
23 835
20 885
25 685
17 384
2 796
15 955
10 306
28 285
20 692
27 599
25 945
29 682
1 565
13 471
3 492
28 838
22 465
24 917
17 582
12 655
25 475
0 511
2 656
6 266
16 879
1 722
6 406
29 736
23 472
16 763
9 805
12 711
26 846
13 427
26 550
3 508
20 603
22 815
6 812
16 729
13 550
13 398
16 455
9 553
29 575
16 920
15 251
20 766
27 595
1 527
12 348
6 468
0 791
19 418
27 695
24 899
5 450
1 866
0 857
18 401
25 409
3 751
3 796
23 728
13 863
25 232
5 381
7 817
14 650
8 319
13 827
26 647
0 362
23 820
26 866
20 790
25 367
15 934
10 323
19 826
20 745
3 993
6 856
6 875
19 657
2 585
16 587
21 851
8 264
4 411
12 208
15 935
21 351
1 368
7 311
14 494
7 886
15 344
18 584
10 372
22 537
18 590
18 748
4 409
9 603
11 442
14 649
28 628
9 987
12 407
28 776
25 613
7 739
21 807
17 813
24 771
9 549
22 461
22 637
15 557
24 604
13 733
18 624
18 917
9 654
18 516
28 465
3 896
27 935
29 535
27 801
18 613
29 754
5 387
8 978
5 874
22 927
24 885
3 725
5 913
2 489
28 735
12 608
27 261
24 945
12 740
29 490
3 666
21 549
10 724
26 918
11 601
2 251
9 599
6 222
23 838
8 682
15 740
25 815
22 281
0 644
21 753
9 687
1 623
0 851
2 984
6 652
8 555
24 747
18 435
29 752
6 448
8 252
23 504
12 641
0 781
13 237
9 523
26 807
19 975
14 347
19 992
2 750
20 475
29 722
14 559
14 602
6 424
20 915
27 657
24 966
12 678
25 267
2 910
9 672
13 476
10 730
26 860
9 248
14 730
13 281
10 592
6 891
5 619
9 983
8 355
7 476
1 297
0 743
20 787
16 691
10 888
13 796
6 772
20 239
23 284
27 617
4 249
9 694
17 603
11 646
0 493
25 868
1 684
4 463
20 918
14 925
13 285
18 420
21 989
17 944
25 821
16 254
2 836
1 490
10 790
23 459
10 667
13 919
27 988
5 956
6 476
24 866
7 914
21 283
27 575
9 488
26 497
5 820
13 427
26 543
12 992
1 686
22 895
16 666
7 225
20 452
23 407
6 709
17 440
23 470
2 520
24 258
13 985
11 797
26 850
0 612
1 535
15 497
21 605
13 771
23 894
12 439
22 889
10 630
2 806
27 985
23 393
4 544
15 908
0 511
1 671
25 307
4 285
10 452
24 846
6 816
9 559
13 758
10 874
29 941
25 303
6 875
0 466
13 838
13 336
6 669
18 666
11 768
22 541
13 968
19 585
17 553
26 776
25 797
24 582
20 541
11 461
18 615
19 561
1 448
8 978
6 598
5 813
18 300
21 402
26 834
4 609
19 644
10 584
22 560
7 299
27 376
14 781
23 405
25 318
9 745
6 454
3 764
23 472
16 605
13 297
21 891
11 767
20 552
15 569
29 994
13 294
5 788
17 533
28 424
24 209
5 503
1 287
23 406
28 888
14 695
1 616
14 250
13 621
12 929
10 411
7 604
27 231
17 906
14 598
23 366
29 234
21 367
17 264
29 215
17 873
5 729
28 606
23 347
11 495
3 514
1 294
25 444
17 406
11 691
26 779
23 900
6 445
17 549
20 966
16 803
17 248
20 873
18 281
15 298
27 303
16 304
13 855
4 363
12 487
15 643
25 807
24 567
0 894
17 691
24 420
25 639
11 543
0 211
29 243
29 907
21 538
12 992
24 738
1 819
14 723
10 428
25 818
22 691
15 378
27 239
27 555
10 840
5 355
3 540
19 646
1 283
25 650
1 428
21 789
7 200
10 485
11 328
9 642
24 926
23 564
18 875
1 638
2 627
24 664
26 592
28 263
29 842
5 720
17 946
28 620
3 946
28 457
24 973
27 588
28 621
21 256
26 589
0 478
19 226
3 760
17 791
11 922
25 556
3 716
25 586
14 945
15 550
27 937
6 483
5 971
16 661
25 294
7 349
29 294
4 541
14 434
12 550
3 562
10 632
19 913
20 711
6 984
23 798
27 568
1 318
11 936
29 354
13 519
18 638
27 743
11 263
6 660
8 960
26 707
13 399
22 500
11 215
26 605
2 528
25 422
5 268
18 320
11 596
8 930
29 776
21 453
12 858
14 524
16 887
29 397
10 382
24 673
9 904
11 642
14 933
9 415
17 912
6 543
4 968
13 321
11 265
28 413
21 547
8 226
28 544
24 546
20 632
18 349
7 218
5 560
11 765
1 734
0 931
28 328
6 859
22 619
9 529
22 574
28 550
28 530
23 360
0 333
6 697
17 296
14 893
21 900
28 359
11 432
16 398
8 739
22 404
19 781
24 833
16 460
6 697
1 915
0 951
18 361
10 909
23 685
17 484
27 361
22 316
26 415
11 634
7 768
2 258
22 669
16 777
14 431
4 866
17 439
2 358
6 815
27 760
29 673
1 989
3 706
11 393
7 770
1 504
20 206
12 925
28 720
19 911
26 384
21 531
8 325
19 654
24 501
25 767
15 694
5 373
13 640
24 565
21 245
24 426
23 564
1 732
12 272
11 643
11 964
28 484
10 338
6 441
22 546
6 790
7 419
6 286
10 744
13 399
23 802
21 882
0 547
27 504
24 471
19 403
26 431
19 770
7 429
18 504
2 519
16 574
13 694
5 484
4 669
27 946
5 810
8 212
0 211
4 796
23 965
12 883
2 312
7 503
12 217
24 320
27 766
1 818
1 757
12 565
24 912
6 944
17 325
1 973
22 916
24 580
14 881
17 967
22 377
0 296
23 244
20 418
10 575
16 791
7 555
13 380
3 275
25 669
18 741
7 244
19 478
19 456
26 706
4 332
21 705
1 756
24 787
9 645
22 965
8 300
21 856
14 633
0 748
18 702
21 785
19 835
17 728
28 247
22 261
11 886
24 800
5 622
5 796
22 687
16 927
17 871
25 551
27 428
25 502
12 469
5 371
19 676
14 835
10 678
26 200
11 860
19 548
18 401
29 319
5 614
29 574
6 506
26 735
3 287
3 363
12 426
6 371
12 512
23 546
7 296
6 202
20 798
23 516
13 634
29 393
8 555
13 802
0 341
0 896
22 258
1 221
20 814
9 947
20 979
26 899
3 420
0 856
8 808
3 910
1 518
19 673
29 533
13 246
0 423
1 313
16 361
4 999
29 807
4 488
18 641
19 826
4 917
8 462
22 489
17 230
28 637
17 803
24 410
19 944
24 979
20 518
19 423
26 559
12 588
4 652
19 899
1 479
18 469
3 768
23 308
20 799
16 697
0 656
15 356
20 471
4 274
0 940
1 574
27 776
8 201
22 872
14 622
15 996
14 625
4 358
11 974
8 908
14 569
12 417
15 301
8 888
11 239
3 390
1 787
8 557
0 334
24 755
5 980
8 304
2 322
8 593
18 856
12 200
14 975
25 872
25 398
2 407
4 489
6 919
28 422
28 207
14 259
2 911
27 788
25 567
15 501
14 387
10 251
8 685
5 352
12 739
25 810
19 541
23 332
17 872
18 501
14 522
11 884
27 668
22 512
29 439
9 834
22 720
18 841
24 234
2 638
17 217
15 283
18 501
28 287
19 204
3 315
29 720
11 553
2 311
7 802
2 549
24 450
2 677
13 877
4 787
2 403
1 667
5 439
24 447
20 663
6 863
28 526
26 606
25 786
27 383
29 558
29 915
17 639
2 861
28 575
9 824
22 818
14 370
3 640
10 940
17 585
0 793
8 544
19 606
5 541
11 534
19 855
29 423
14 828
1 873
4 596
13 813
0 629
28 967
21 411
10 978
19 286
3 922
19 937
5 307
24 228
27 868
28 924
27 812
6 597
11 309
3 653
17 761
26 648
19 417
26 521
1 907
28 213
13 319
0 409
14 863
2 722
0 961
27 465
7 353
5 431
5 877
13 684
19 734
20 231
25 982
18 313
25 538
6 838
22 224
25 774
15 984
28 335
9 467
28 808
9 377
7 365
17 391
0 748
18 267
4 759
7 545
15 303
11 523
19 577
19 790
15 804
20 226
13 702
24 209
18 978
13 219
2 504
16 911
16 442
20 666
5 229
8 795
26 623
8 959
20 383
10 316
11 315
11 698
21 637
12 633
3 710
24 204
19 333
19 638
7 935
14 590
29 962
6 986
28 519
14 935
27 466
15 571
9 963
27 285
6 469
18 248
27 786
18 620
24 855
3 754
18 257
3 891
15 202
27 510
15 876
7 460
29 876
4 812
10 812
15 770
27 370
15 607
9 348
24 695
6 936
6 320
29 774
3 583
19 722
21 876
22 673
18 871
7 663
12 290
14 512
22 341
28 813
0 761
8 558
22 249
14 927
0 830
23 259
18 797
7 281
17 656
26 634
24 638
13 788
23 599
4 867
19 736
1 755
7 244
25 576
29 279
13 801
12 250
5 696
28 854
8 246
3 240
28 986
11 633
0 564
23 949
20 503
27 242
16 798
21 278
21 811
5 978
19 327
15 797
25 578
29 568
23 686
20 691
29 906
27 668
25 820
5 953
1 620
19 681
17 679
9 557
6 974
14 683
28 566
28 535
2 417
19 316
17 529
4 989
27 712
5 557
18 642
17 369
23 225
22 829
5 279
14 936
25 961
9 866
15 491
17 833
10 752
23 725
17 945
8 681
0 912
27 549
27 616
4 454
28 748
17 639
12 971
24 405
12 655
4 761
5 399
0 797
17 600
6 965
10 560
5 544
18 348
26 711
22 395
2 812
18 831
0 288
18 739
6 591
0 218
24 630
29 858
26 806
18 434
0 991
8 945
25 241
12 521
14 388
11 441
10 900
19 964
13 816
29 812
0 665
23 703
18 224
23 692
9 410
14 544
17 913
22 348
23 212
4 545
4 359
7 472
8 686
25 759
24 205
11 759
6 795
16 597
10 605
9 696
10 971
4 832
20 300
10 810
13 715
7 670
3 916
1 915
16 606
20 812
27 1000
1 573
17 414
10 460
20 343
21 837
2 923
1 944
4 487
27 247
5 312
26 505
4 235
0 514
7 660
12 693
14 773
3 763
16 475
22 704
9 803
27 580
16 644
25 817
4 677
21 339
1 216
17 633
21 334
28 441
0 434
24 257
26 208
5 276
21 373
15 257
20 592
23 539
10 339
1 900
28 655
0 877
14 674
26 534
15 390
6 866
26 957
22 651
10 892
5 913
28 758
18 765
7 970
18 288
12 963
10 700
27 604
25 299
4 737
5 860
26 769
22 762
0 349
20 227
5 845
19 552
21 357
4 316
12 529
4 725
17 432
6 770
7 462
14 756
12 211
17 428
28 737
9 900
23 990
12 528
17 393
29 971
8 390
17 329
26 696
11 516
0 229
3 989
4 990
0 525
21 709
25 431
17 986
18 672
7 333
4 663
9 894
9 421
6 283
13 364
3 784
22 520
1 232
4 586
13 399
16 368
29 284
24 348
0 459
21 638
17 406
20 517
4 227
24 457
2 561
18 458
16 855
22 803
12 946
17 790
13 471
5 349
3 845
4 606
26 557
5 584
2 785
10 627
12 581
22 495
20 468
26 950
7 527
18 580
19 508
25 347
27 630
9 696
23 250
7 504
28 562
29 931
19 818
13 671
4 428
17 464
9 840
24 862
22 611
19 249
2 944
14 398
5 636
24 921
17 207
22 828
2 841
2 612
5 384
1 968
27 224
23 694
4 656
23 618
1 897
2 447
27 614
27 621
19 910
1 656
17 853
1 307
9 758
18 791
5 414
8 802
16 293
20 366
4 967
19 592
19 244
16 510
4 469
29 814
23 748
13 827
24 596
24 324
18 299
12 755
28 247
26 657
11 362
10 632
29 466
11 540
18 326
2 413
4 721
13 662
19 240
4 924
26 626
6 493
5 823
0 803
13 666
28 295
21 332
8 266
24 399
2 360
25 943
0 667
20 1000
5 569
0 464
8 830
12 544
24 429
15 750
27 369
22 601
4 644
1 910
11 493
14 492
23 989
17 813
22 528
19 710
22 589
29 553
1 246
22 481
24 514
7 560
1 473
22 996
18 685
22 619
25 819
10 394
2 343
17 579
17 507
6 231
18 222
12 798
26 396
6 323
20 613
4 851
3 777
21 844
8 704
8 569
25 249
25 357
8 420
26 989
20 410
18 228
26 299
22 525
9 536
27 312
4 914
19 245
28 641
5 926
29 683
24 755
11 456
10 214
29 769
19 593
9 514
0 821
26 823
21 301
12 208
28 548
14 349
14 844
19 305
21 382
18 713
18 686
6 955
3 511
28 210
2 790
24 212
0 829
28 673
26 910
9 301
13 389
17 651
27 206
23 516
28 618
28 448
12 254
25 514
2 452
6 748
7 410
20 562
25 520
1 742
9 495
5 515
21 293
21 944
1 803
21 846
15 427
14 531
27 338
22 408
16 257
22 251
11 773
8 445
11 555
15 916
25 791
5 598
29 375
10 915
21 298
8 446
0 474
18 890
11 923
10 479
14 465
25 912
26 485
15 306
12 577
21 475
13 397
26 411
11 293
18 616
2 942
1 945
24 304
9 851
0 436
9 725
21 596
16 960
27 609
20 976
24 386
2 240
28 674
10 425
0 896
15 750
2 304
20 982
3 446
21 339
19 420
13 230
16 587
22 580
12 635
29 647
14 290
18 806
6 238
27 975
1 306
13 303
21 493
1 363
0 297
23 847
22 375
8 676
11 990
10 636
6 720
13 840
6 558
16 276
21 804
19 474
13 608
11 878
6 416
14 488
21 568
6 764
10 440
2 581
22 671
9 708
0 866
14 690
10 576
27 682
21 658
21 551
6 633
22 576
5 902
16 890
0 621
22 574
10 801
4 719
13 757
27 312
2 788
9 426
21 966
7 512
10 974
4 534
13 241
25 436
2 557
4 826
15 498
18 717
12 281
10 367
19 681
14 420
5 201
27 945
20 722
15 255
5 409
9 654
7 632
7 892
10 949
4 780
18 399
20 661
21 858
8 420
17 707
19 730
5 392
27 856
13 988
24 568
8 577
11 315
8 304
6 740
3 845
9 204
16 208
11 667
13 279
26 360
26 233
3 979
10 534
5 297
9 834
13 335
5 692
27 671
8 987
21 416
7 884
9 829
3 851
0 229
18 991
0 207
17 624
20 974
9 802
26 508
25 546
16 847
10 768
8 852
9 864
8 238
28 432
5 794
2 658
8 830
29 247
6 648
28 341
26 724
8 575
29 359
20 309
26 258
28 242
26 800
0 992
21 721
14 508
25 408
2 213
5 901
6 710
1 281
25 918
21 664
9 478
17 544
24 413
22 855
17 564
5 261
29 860
22 484
11 783
12 896
14 951
18 287
27 609
21 429
23 380
26 875
11 539
0 264
29 673
3 616
20 755
16 617
27 773
29 520
18 306
14 614
9 694
1 791
2 256
1 995
9 772
12 490
18 287
6 221
26 372
10 883
11 296
16 322
2 926
9 995
20 663
14 808
12 844
11 974
13 770
27 694
27 322
16 319
5 797
5 702
23 696
12 244
26 855
14 432
13 630
9 852
8 409
0 819
26 884
10 588
2 804
29 343
25 392
13 231
11 462
11 815
9 792
3 764
27 358
5 228
10 627
11 480
14 325
16 644
21 518
27 817
19 789
16 752
3 782
5 518
29 378
11 935
7 384
15 974
19 445
14 406
8 957
14 664
29 419
22 686
13 844
9 349
28 381
15 954
7 998
27 955
17 302
11 315
6 435
13 387
23 904
6 599
4 594
17 776
12 749
23 877
27 380
3 962
7 938
0 788
12 941
11 563
17 315
26 961
4 927
14 422
12 769
27 872
23 709
26 597
23 843
25 296
9 643
14 341
29 952
18 792
8 476
0 669
9 822
10 542
0 386
0 308
6 528
16 740
22 902
9 619
28 396
8 721
24 633
0 685
2 937
13 633
4 491
18 754
11 588
10 645
13 535
9 546
21 767
7 647
8 368
17 510
11 854
18 526
23 649
28 816
16 669
24 992
25 797
9 874
27 494
17 351
17 534
25 398
21 277
27 365
27 519
19 917
24 767
28 943
9 839
17 439
4 842
7 487
2 720
2 832
17 509
27 967
7 795
0 759
27 676
17 596
5 878
7 967
17 809
5 756
9 894
9 558
6 980
29 473
27 232
19 451
5 204
20 281
6 540
6 268
1 889
26 894
0 938
18 555
29 922
22 824
15 755
4 870
27 911
9 461
11 546
19 693
19 487
21 744
6 671
18 907
7 725
6 704
17 692
23 227
16 820
11 503
1 602
5 710
1 929
12 540
23 215
0 455
22 572
25 343
23 793
22 884
0 537
19 764
18 648
12 480
15 631
0 948
28 401
16 456
1 267
23 704
1 966
22 474
29 711
13 264
4 859
24 876
1 725
22 346
10 353
27 486
4 371
9 741
7 761
21 775
4 942
23 708
14 928
8 337
27 623
19 326
26 209
21 780
12 533
15 237
6 814
21 743
26 463
5 688
5 517
8 449
9 933
18 414
29 510
23 202
15 650
17 914
11 584
4 613
13 430
27 695
28 442
1 947
22 947
0 219
18 663
9 602
14 258
21 335
12 793
14 409
28 854
6 228
0 689
25 529
24 826
13 524
