2000
20 656
9 523
2 360
5 307
15 632
16 948
25 552
15 440
29 457
26 630
25 850
17 413
5 850
7 548
17 412
6 541
1 231
2 269
26 219
8 445
23 355
19 222
23 945
9 307
9 439
8 614
29 848
12 957
16 230
21 322
29 466
3 697
29 757
19 477
22 747
6 783
22 265
1 616
4 533
0 938
26 931
20 710
25 926
22 493
15 690
8 783
4 770
9 402
9 814
1 549
21 725
13 928
13 541
25 761
16 894
18 442
25 871
16 253
19 500
5 743
19 629
15 876
14 584
10 468
15 740
8 608
11 417
1 562
12 493
17 403
8 303
16 747
9 361
23 582
16 452
10 753
27 859
8 908
9 327
28 238
6 526
2 662
3 662
18 553
6 780
14 339
29 508
22 517
14 998
5 994
9 958
22 220
25 941
11 997
5 354
20 602
20 661
23 351
27 660
15 668
1 878
25 930
23 403
14 306
13 413
5 878
20 303
28 273
22 584
18 320
9 358
14 328
9 958
8 379
29 983
15 522
28 633
21 711
27 750
23 917
1 979
2 798
14 864
2 246
4 310
2 720
22 634
19 256
28 604
29 398
18 444
9 447
6 634
19 400
6 697
23 327
25 855
26 512
10 645
2 289
23 307
17 791
2 257
22 317
4 753
28 350
21 942
4 884
22 1000
7 993
6 744
19 393
5 221
1 518
3 791
27 707
17 550
17 525
2 593
24 777
11 902
10 358
2 864
9 433
9 429
18 308
11 609
13 259
26 724
28 675
27 873
9 970
20 843
0 872
1 554
28 837
20 837
18 779
3 992
13 702
21 659
13 938
5 848
29 918
18 810
20 715
3 699
19 825
12 945
29 954
28 365
15 914
13 769
0 433
24 869
10 229
3 958
14 778
15 679
4 592
26 893
11 218
14 852
14 626
13 399
20 447
9 497
24 205
8 749
28 546
12 828
8 500
9 952
13 853
10 659
12 784
28 771
3 876
23 240
7 740
21 722
4 344
19 561
17 910
28 733
28 248
4 872
18 710
18 475
5 895
17 779
18 437
9 210
13 760
22 407
14 228
9 531
24 444
1 458
3 251
10 827
22 406
5 433
27 914
7 935
27 915
8 573
28 305
26 881
27 365
8 850
13 663
5 344
12 700
7 365
7 935
8 781
11 872
10 593
24 503
12 962
28 463
12 708
12 912
14 476
3 484
12 257
17 437
12 508
7 689
0 347
20 273
8 545
3 871
26 615
1 999
7 761
22 840
3 369
17 662
8 715
28 479
20 368
9 333
16 671
14 479
21 410
2 614
21 914
13 524
26 830
14 536
6 794
1 379
28 336
13 725
15 846
7 800
3 275
27 288
1 331
5 352
4 293
25 835
9 561
1 532
1 548
29 293
24 389
7 976
6 932
28 316
4 210
15 902
2 337
7 950
23 209
11 264
8 235
8 928
19 867
27 691
28 846
7 276
6 395
0 974
25 687
15 574
8 392
8 672
11 364
3 803
2 381
26 270
14 257
5 355
20 698
29 241
12 876
10 828
17 399
13 369
5 682
14 330
12 270
1 542
11 901
20 915
26 667
21 720
8 543
12 533
8 915
11 560
20 445
14 737
28 807
3 752
29 594
6 493
3 673
19 489
19 401
23 563
15 660
23 247
8 776
4 724
4 293
9 967
20 795
4 457
26 302
26 314
25 938
23 668
22 387
7 416
13 383
12 257
29 534
10 792
7 649
7 544
11 834
4 362
17 330
25 905
12 428
26 959
22 370
16 872
27 840
4 869
21 669
9 545
3 433
25 241
11 776
17 702
16 481
17 845
13 938
4 948
8 604
27 466
10 370
15 555
3 216
18 303
0 505
12 770
20 757
0 846
26 243
9 952
29 861
13 341
1 719
3 257
18 387
1 797
9 965
29 932
26 748
19 591
1 552
24 688
8 491
24 314
23 381
8 291
29 993
1 741
12 901
24 950
19 324
21 272
13 423
28 937
11 962
14 263
12 429
6 531
2 400
28 917
18 693
7 805
4 228
22 418
22 442
25 437
14 636
5 944
7 539
4 993
13 306
2 702
21 629
2 721
28 721
27 518
23 596
13 719
0 415
8 725
24 445
25 768
13 356
10 998
16 606
10 779
26 661
21 510
19 465
11 940
6 969
28 337
19 268
26 805
25 372
28 851
4 547
15 933
1 751
19 449
15 268
5 931
21 667
23 229
24 649
16 387
7 923
25 284
11 434
12 380
7 474
10 460
27 423
8 718
23 544
12 703
1 539
18 508
20 893
15 729
5 429
7 236
29 312
11 949
13 338
3 387
13 981
17 469
19 962
3 296
14 348
3 478
29 643
28 310
27 506
9 870
17 612
7 417
8 323
25 908
18 974
29 349
26 735
28 730
18 850
6 768
29 394
19 594
5 488
14 428
19 286
26 910
27 497
12 687
24 523
2 668
17 539
29 671
20 630
13 842
13 801
2 454
11 380
21 213
23 237
4 408
20 610
23 998
3 540
19 874
24 425
19 675
11 824
3 351
15 402
15 820
7 605
19 723
19 818
22 924
3 483
19 956
18 797
22 517
29 371
21 989
3 218
29 991
15 279
28 800
24 990
26 841
27 360
8 354
11 420
26 232
27 224
7 830
7 442
25 483
16 277
4 302
29 541
2 732
27 697
14 601
24 721
9 272
25 283
2 441
9 951
9 978
11 771
17 842
6 929
11 297
16 934
2 604
9 737
8 761
16 531
24 658
16 377
10 669
5 413
22 580
13 603
2 822
0 550
12 956
19 234
25 433
0 794
2 894
10 674
17 518
14 468
10 849
2 758
12 482
10 752
28 749
5 652
19 361
1 896
23 880
6 610
20 681
26 692
21 245
10 595
14 601
28 487
9 863
23 352
26 894
22 686
0 990
23 890
16 385
7 626
13 926
20 298
7 616
26 985
20 819
9 477
14 489
19 838
10 875
19 477
12 555
8 398
14 588
19 698
29 751
14 335
17 891
18 893
7 864
12 402
28 247
4 369
1 412
14 616
14 529
16 723
7 644
18 257
7 991
19 428
26 796
22 759
6 772
23 520
0 491
23 353
16 549
21 986
17 371
9 420
2 694
11 252
28 593
13 989
17 998
0 485
22 263
2 279
28 952
8 641
20 941
1 331
21 689
9 270
27 238
28 977
16 277
25 402
24 466
6 861
25 941
2 326
23 325
21 825
29 246
22 901
23 821
9 225
25 515
18 456
26 568
20 610
22 422
23 258
18 482
20 946
9 268
14 976
2 890
0 976
10 761
13 783
15 393
6 821
3 452
4 567
4 385
6 362
4 820
15 621
21 696
23 896
10 312
25 869
19 695
17 470
26 915
13 651
25 833
11 753
25 851
1 477
21 822
11 220
20 388
28 979
1 272
0 936
13 588
15 271
17 470
21 354
2 790
16 465
18 696
26 248
18 620
11 318
26 557
21 256
10 611
1 507
18 390
25 948
12 973
28 957
23 664
20 566
11 254
21 276
15 380
0 591
28 939
13 710
6 450
19 666
24 919
23 431
5 297
28 686
9 842
20 701
26 780
14 391
12 741
5 489
0 579
16 792
26 582
17 316
26 491
26 732
18 416
11 986
1 269
10 933
27 800
12 360
0 953
17 595
8 779
10 929
25 321
7 310
1 565
27 641
24 841
24 597
17 699
26 310
2 475
19 984
10 790
29 243
13 692
2 557
5 642
22 543
6 351
23 486
15 840
29 963
15 260
21 341
29 281
16 398
8 511
5 412
7 621
1 680
21 269
22 311
28 488
1 353
21 639
17 856
22 522
5 604
9 737
10 578
8 518
17 571
23 404
24 200
19 597
13 273
3 636
27 586
14 856
9 498
14 812
13 898
12 262
23 387
10 974
17 433
5 472
28 316
26 684
23 547
11 778
16 506
9 866
5 964
25 919
17 884
1 563
1 608
26 851
14 420
4 528
27 789
8 698
8 647
21 312
2 492
20 732
26 787
2 248
5 897
13 331
23 457
18 347
13 638
19 952
3 952
0 595
19 566
26 458
8 805
22 987
21 854
28 650
21 924
23 362
1 566
19 697
23 413
2 950
16 612
9 248
20 893
12 900
8 330
16 738
26 669
24 964
15 399
17 790
10 278
19 909
28 981
1 498
12 529
1 395
24 572
13 618
5 281
14 969
27 735
8 752
29 255
16 470
23 452
12 633
29 959
3 767
25 256
26 689
7 212
23 538
7 683
18 304
6 329
14 915
3 788
3 477
29 646
27 329
10 498
1 458
7 603
23 438
29 792
28 255
13 886
7 576
2 995
2 626
12 528
22 731
20 850
13 882
18 554
9 744
8 783
16 299
22 962
5 763
14 329
22 907
21 336
24 599
12 962
15 433
2 244
29 559
16 620
1 848
14 649
12 807
17 409
28 923
5 994
8 321
19 952
23 361
2 202
3 509
15 872
22 658
6 420
14 364
29 349
8 856
8 498
21 624
19 942
7 393
18 667
15 669
9 686
12 225
27 680
3 279
1 856
11 855
3 564
4 309
3 382
18 246
25 895
8 311
4 443
8 938
4 227
7 433
3 349
17 964
24 684
6 927
11 561
26 397
12 815
9 496
13 954
1 365
14 901
23 634
5 381
12 965
29 966
3 964
12 872
23 967
4 879
3 257
14 681
24 227
18 770
14 311
8 472
27 996
20 823
28 710
21 833
15 379
0 490
25 723
7 679
13 483
27 314
12 754
6 647
25 557
1 551
22 839
2 537
5 540
17 718
3 781
27 432
29 840
22 986
1 589
6 607
2 826
16 793
20 657
23 600
10 402
17 376
29 821
22 458
3 723
9 920
9 805
14 505
4 847
22 694
21 828
12 450
10 246
15 593
8 909
19 591
23 839
23 788
26 536
2 670
0 741
10 915
25 448
28 310
10 222
27 321
14 694
24 454
28 614
20 853
3 496
21 478
5 823
23 641
0 740
1 810
23 973
27 719
28 828
21 395
4 414
27 632
11 708
0 666
13 547
18 488
17 376
18 931
11 970
18 911
27 208
15 872
14 241
28 781
6 291
27 698
27 670
7 453
8 437
20 707
17 227
26 480
6 980
23 318
9 665
10 533
26 470
11 599
17 784
2 499
22 396
6 823
21 970
26 930
3 945
12 986
13 370
12 534
10 479
8 874
7 526
7 988
8 698
9 630
28 554
25 653
24 276
7 898
11 295
3 339
15 614
10 579
9 338
21 822
16 615
4 322
24 410
27 208
20 986
29 261
7 536
8 292
22 573
0 741
3 284
11 933
7 607
18 647
17 406
6 870
15 967
26 359
26 714
25 664
11 502
16 549
0 392
13 905
15 728
5 832
25 439
23 310
29 518
18 455
7 233
18 675
2 429
14 508
10 832
24 298
20 340
27 669
21 295
18 215
18 813
25 446
28 329
8 838
19 942
25 915
10 634
11 932
27 204
8 229
27 405
1 844
26 546
8 323
4 763
25 655
14 572
16 660
7 987
20 272
12 756
14 570
16 770
29 847
28 603
19 596
22 613
23 487
25 906
24 981
12 621
0 458
2 230
24 930
19 901
15 428
25 429
6 829
26 847
19 937
18 292
0 854
3 567
20 236
24 328
23 868
12 378
7 876
25 780
21 274
6 562
25 557
22 937
29 354
4 509
19 365
19 808
10 667
29 582
28 736
17 322
4 260
5 824
4 981
22 869
3 903
16 625
23 535
4 308
7 400
21 813
7 779
19 217
14 798
14 273
19 212
3 938
27 706
29 705
16 638
9 672
19 577
23 480
7 881
3 458
3 981
10 311
7 788
2 485
8 309
1 476
4 635
0 848
9 985
1 803
2 917
1 909
4 731
23 981
25 333
6 247
29 970
27 266
29 372
26 650
14 919
10 264
25 334
28 946
19 728
7 878
22 608
0 951
14 522
14 558
13 314
8 963
8 901
13 787
5 296
2 449
14 864
8 246
18 316
3 982
18 665
1 445
8 518
15 834
13 686
29 650
14 473
14 727
17 265
13 498
17 349
19 908
18 618
21 578
21 710
18 459
6 982
8 905
28 312
21 224
28 969
7 784
15 792
13 956
4 543
21 531
27 894
20 922
21 724
20 251
3 987
14 871
22 810
20 855
14 619
22 631
28 699
19 255
1 892
10 592
19 221
19 912
23 223
18 965
28 223
17 232
7 946
2 902
18 363
10 422
27 222
23 606
28 437
27 416
11 495
26 202
18 216
22 619
14 865
6 443
10 833
22 315
19 318
5 911
9 637
0 958
15 632
8 422
15 622
27 678
26 691
15 892
26 495
9 928
9 963
18 640
26 441
12 697
27 656
1 463
20 856
20 898
17 863
10 971
3 429
24 863
1 975
29 738
29 558
28 385
27 559
0 333
15 242
28 990
15 672
21 919
15 798
16 643
28 736
5 462
14 629
19 610
13 717
16 515
15 400
11 467
4 848
9 937
3 702
0 952
10 687
5 376
18 375
6 477
4 352
3 935
26 917
9 366
4 393
20 895
4 299
18 286
27 753
26 937
12 318
22 450
23 671
19 433
11 906
4 382
5 676
23 677
11 439
25 755
8 940
21 455
26 366
3 654
25 644
17 426
2 291
26 974
0 965
20 807
21 475
24 221
17 540
3 565
5 635
13 794
14 705
8 818
24 810
2 700
17 625
17 423
12 225
7 559
18 862
9 513
26 406
18 291
7 441
15 554
7 589
13 207
26 586
22 900
10 621
22 241
22 662
14 269
19 511
16 604
11 237
5 275
28 671
18 688
2 532
19 733
15 668
29 893
13 320
19 414
12 247
12 758
24 270
29 721
4 857
10 925
21 883
2 752
26 917
8 753
6 283
7 803
21 662
1 219
22 774
5 499
7 891
13 442
10 587
28 670
8 901
28 357
19 604
1 695
12 784
5 231
17 995
13 968
12 496
18 747
7 947
9 575
6 694
12 783
28 897
2 344
18 797
29 393
23 668
15 570
24 991
22 591
23 533
23 354
2 580
6 835
22 854
9 702
20 691
18 294
12 347
23 775
14 492
17 991
17 960
28 460
21 299
12 566
12 944
8 982
18 624
25 973
8 342
19 423
10 725
25 350
28 792
13 496
16 577
23 645
2 977
24 254
10 791
8 414
11 537
15 485
16 881
24 904
24 918
22 749
5 923
16 458
27 839
11 521
4 612
13 719
9 850
26 350
12 286
11 899
7 752
1 319
11 702
0 767
2 367
22 701
7 855
27 695
11 891
8 382
9 714
26 399
14 447
21 885
27 564
2 915
10 427
1 578
22 948
5 668
3 491
1 360
2 995
3 490
22 852
4 297
5 481
3 319
19 918
15 248
12 385
6 894
16 703
6 531
20 523
28 872
6 256
18 985
21 517
2 785
8 940
10 264
26 593
9 855
1 677
19 348
4 358
29 450
28 928
1 273
8 947
18 456
7 281
14 432
26 458
26 674
14 862
16 340
26 466
17 778
0 670
19 744
24 686
5 354
10 967
5 650
9 520
6 577
0 783
27 411
8 653
20 889
1 764
3 828
7 299
24 292
5 599
19 705
23 481
22 439
5 293
25 636
19 380
13 637
3 601
25 843
19 673
18 726
3 489
18 859
4 510
28 429
16 811
0 247
8 538
21 302
7 674
8 479
10 587
7 563
28 410
27 709
22 497
0 931
7 808
17 753
27 605
3 943
12 393
8 365
1 823
21 292
6 697
22 482
16 693
0 347
4 912
25 500
11 251
7 442
14 645
7 962
1 766
21 242
9 454
12 970
28 227
3 277
8 679
20 209
4 423
9 390
3 423
20 258
23 987
5 808
1 348
12 204
15 910
27 358
6 605
24 379
18 550
8 302
2 931
14 276
1 676
8 892
19 834
8 253
10 756
25 212
28 252
24 357
12 874
23 822
1 511
9 787
27 462
2 380
25 790
1 940
1 224
1 769
9 319
6 253
17 879
8 659
0 570
22 797
16 516
15 660
17 294
18 339
13 543
26 238
19 952
19 781
24 545
13 904
14 918
5 733
13 999
8 545
10 839
11 493
25 251
14 490
4 575
24 975
22 652
6 641
6 456
6 616
4 985
13 905
6 921
11 201
27 756
6 539
29 387
10 873
25 959
11 807
14 981
15 452
0 994
23 818
15 900
14 530
19 299
28 666
8 285
14 781
8 702
12 281
21 842
15 949
15 884
12 656
10 257
17 712
23 647
15 876
28 937
5 959
8 834
13 288
16 468
20 688
10 943
4 382
24 437
6 882
23 319
23 855
19 724
0 611
14 801
26 656
16 680
22 359
6 798
4 729
12 750
10 439
16 535
4 532
3 291
21 823
0 722
23 511
15 441
10 814
24 779
24 873
4 426
6 650
25 707
1 703
9 893
22 581
24 437
27 308
25 663
13 675
7 749
10 932
18 703
7 857
29 264
23 301
8 475
22 353
22 779
8 269
25 671
6 771
19 435
20 299
13 568
29 411
29 326
6 265
11 723
3 858
23 562
26 576
13 486
27 769
4 373
21 393
17 580
12 933
13 742
20 908
23 699
27 498
10 232
2 928
21 951
17 522
25 960
20 696
28 620
22 649
25 432
13 688
9 440
27 824
10 865
27 573
20 434
25 978
3 379
25 908
0 273
2 222
14 738
9 896
1 526
20 916
28 697
23 724
3 444
6 420
3 564
23 909
17 370
0 581
26 592
16 879
24 695
16 739
6 726
26 931
15 749
9 348
12 580
19 344
15 715
6 947
17 550
15 619
17 582
20 349
20 320
29 851
7 904
17 757
7 873
10 407
14 459
23 954
16 880
13 648
23 200
20 574
14 244
24 259
18 519
4 774
22 615
22 263
1 398
21 605
21 388
7 445
6 909
23 633
1 621
17 452
3 230
10 604
10 638
20 371
18 693
11 556
12 588
11 935
23 778
19 257
0 607
2 795
21 412
12 903
25 729
17 431
20 796
23 620
29 878
27 528
12 245
18 702
0 921
6 926
14 410
4 798
13 292
26 433
