2000
9 995
14 391
12 284
29 674
26 607
5 824
19 316
15 886
26 284
19 278
1 243
16 615
9 632
9 663
18 456
16 463
17 741
1 270
27 751
25 320
17 974
7 509
9 548
25 541
29 580
24 447
6 547
7 762
10 954
26 278
14 837
10 398
11 691
14 209
15 738
5 652
15 486
18 891
19 792
11 568
7 439
24 331
11 277
24 896
13 815
23 373
3 723
2 214
10 618
12 980
14 438
13 689
17 658
1 743
2 294
11 820
12 656
28 957
8 223
12 472
19 810
26 649
8 394
7 317
28 615
5 976
29 422
24 946
13 461
2 211
16 471
11 345
15 892
22 434
9 365
24 233
5 639
5 992
10 642
0 273
10 465
20 620
4 614
15 220
16 832
4 238
26 606
18 542
26 709
15 533
2 508
21 883
6 425
20 881
1 937
2 783
3 491
28 743
3 537
29 450
12 476
27 452
8 806
29 714
11 703
27 933
9 568
20 637
18 262
7 533
5 879
7 859
10 843
1 588
21 452
6 505
22 956
26 753
5 971
23 449
28 544
3 422
20 277
1 829
29 650
0 501
26 876
29 638
7 332
18 751
8 833
8 508
3 238
10 753
4 385
9 711
19 726
2 960
7 937
24 645
25 821
22 804
9 310
29 845
10 348
28 873
28 883
26 941
18 490
5 901
3 630
26 249
2 694
1 724
23 292
16 510
1 608
2 821
7 293
0 935
3 467
20 253
28 460
16 421
26 869
21 216
11 709
25 613
5 573
29 468
7 917
22 736
19 657
2 876
6 308
8 768
25 747
10 590
5 396
7 751
15 497
28 318
27 805
1 974
12 477
24 750
14 666
29 789
24 604
4 622
14 747
26 646
26 251
15 501
15 786
15 387
18 861
20 557
29 961
18 781
19 461
9 797
1 341
4 548
14 459
8 604
0 366
19 602
10 232
2 818
21 334
29 625
25 333
9 291
20 541
18 827
10 983
10 945
24 502
4 419
16 849
10 565
19 355
22 610
0 977
20 412
9 551
22 917
14 480
9 414
3 780
21 888
13 267
29 419
8 645
25 604
0 781
2 741
16 603
7 614
22 782
21 487
14 681
2 464
1 435
18 912
4 814
16 467
26 383
4 519
27 578
16 553
27 533
13 573
3 912
20 748
17 510
26 530
3 832
3 565
18 358
28 331
8 553
15 240
0 882
0 803
23 958
29 477
5 685
5 295
27 482
5 404
7 861
4 282
20 464
4 545
19 534
6 890
16 516
24 942
25 492
7 234
15 454
1 792
14 688
6 540
4 576
27 612
1 312
17 444
21 399
28 231
9 896
19 994
14 821
28 592
19 699
29 483
10 236
24 461
2 461
4 828
7 371
1 248
15 636
15 664
7 790
26 286
16 343
9 707
10 623
13 250
7 558
18 247
12 209
3 945
4 964
2 519
3 295
27 698
22 487
18 444
22 412
6 744
22 477
9 514
13 901
15 418
4 316
20 728
29 389
8 403
7 220
1 933
13 524
16 724
14 560
19 315
6 253
3 209
7 703
22 669
11 807
7 965
5 981
6 362
5 268
0 449
12 340
26 724
1 681
24 501
29 200
16 371
10 299
24 837
13 476
22 507
2 581
10 970
0 897
6 897
25 731
7 941
26 619
28 801
0 944
23 798
5 867
16 608
12 366
9 205
15 812
15 703
11 296
13 677
26 623
10 755
29 828
4 356
0 372
10 249
13 243
14 900
6 427
13 768
13 753
0 208
29 778
21 401
12 655
10 558
4 401
1 841
1 946
10 588
16 994
1 851
11 361
26 755
24 209
0 499
23 612
15 524
4 470
15 442
17 589
18 819
17 762
11 309
26 438
8 524
3 488
21 565
12 426
12 423
9 347
21 895
13 660
11 820
6 241
3 341
10 708
8 885
24 887
9 980
9 899
10 925
26 674
16 795
17 764
11 708
0 605
20 590
3 792
28 483
28 812
0 349
26 243
27 718
7 259
6 401
5 498
18 902
6 747
5 759
16 447
6 756
6 419
29 894
27 464
13 942
18 467
28 430
14 390
7 223
3 639
24 952
2 424
26 969
25 627
14 670
4 352
26 810
15 320
7 622
29 896
16 227
22 236
13 878
0 836
2 359
12 340
25 369
19 903
22 873
27 959
7 703
5 973
19 794
13 269
28 379
10 665
16 537
21 848
18 473
15 415
12 512
2 495
19 886
2 968
6 644
16 925
11 336
21 608
18 901
10 254
6 645
27 797
28 946
20 427
18 870
21 810
17 478
7 900
10 376
18 508
26 600
17 327
0 859
21 755
8 419
17 401
22 821
17 699
18 729
2 506
8 846
17 250
11 465
5 673
24 843
23 974
16 767
16 883
25 794
21 962
28 528
29 739
29 560
16 502
7 642
29 330
7 387
8 444
21 987
4 306
10 674
11 993
8 445
21 233
29 357
5 529
6 842
20 980
2 916
14 722
6 273
8 832
2 637
17 716
12 569
3 239
13 848
10 757
12 730
24 681
29 604
3 639
0 929
20 471
4 238
23 631
20 606
17 552
1 801
5 809
27 978
5 257
13 649
14 612
13 524
22 246
11 655
13 342
7 417
3 301
14 591
5 940
13 856
19 796
0 968
26 960
8 679
29 971
13 611
13 414
19 571
27 540
11 799
21 619
11 784
1 797
23 833
23 488
8 793
23 487
10 803
18 984
8 325
22 776
10 251
0 804
7 536
18 209
19 634
4 817
4 636
9 708
24 256
29 918
0 663
3 362
19 256
21 804
29 263
26 340
16 288
8 618
9 204
22 235
17 245
12 417
25 752
14 907
13 782
22 232
17 912
29 313
24 800
3 251
18 679
11 213
9 636
29 390
2 660
18 585
11 790
29 280
15 424
1 260
20 419
20 419
22 787
7 269
26 557
5 865
12 224
21 830
21 416
14 747
10 321
25 500
21 259
26 220
10 687
0 739
1 718
5 420
19 217
23 378
11 547
7 291
28 542
15 576
4 624
16 387
15 777
10 571
9 473
13 529
2 548
11 948
27 530
29 544
7 400
8 767
2 249
27 821
3 443
28 838
27 219
16 641
29 205
21 652
20 746
26 466
24 339
2 344
18 831
9 372
6 433
1 742
9 934
18 884
24 410
27 800
17 985
14 694
3 744
22 708
29 233
29 714
29 740
24 276
25 901
29 403
28 275
22 484
14 589
12 814
16 584
20 850
5 482
2 607
23 505
5 999
9 486
10 335
0 875
12 797
9 506
16 724
23 950
16 849
29 533
12 678
9 920
26 861
28 731
26 774
17 219
27 953
21 736
17 866
29 852
24 396
9 857
28 391
1 262
3 232
9 341
13 909
22 930
19 276
17 555
18 400
7 641
21 493
26 304
0 483
7 619
14 634
0 379
28 231
23 424
25 661
23 689
0 479
8 514
11 782
27 486
9 716
27 733
0 386
9 941
4 655
7 945
2 335
0 620
26 320
17 944
14 739
3 686
13 810
26 824
7 951
16 806
27 423
7 875
1 632
19 748
5 313
9 392
29 755
20 899
13 607
18 763
6 444
1 747
13 476
0 783
15 265
5 386
6 678
16 735
11 219
2 723
15 447
16 811
29 310
21 876
28 248
15 725
8 215
16 552
4 412
10 417
18 387
10 977
21 773
8 495
13 952
24 590
24 765
11 732
11 503
14 432
21 380
23 929
3 311
3 621
4 778
29 740
10 453
11 664
12 832
21 595
17 609
13 540
5 383
1 661
17 739
10 825
9 898
11 522
19 420
17 215
17 653
21 343
23 862
18 554
28 412
27 640
13 804
28 844
11 504
22 743
7 522
10 851
17 821
3 223
6 340
10 432
10 657
9 262
21 383
13 887
19 704
21 209
29 813
9 766
11 451
13 545
15 235
13 742
9 706
18 839
21 833
6 990
9 556
29 476
22 864
16 671
10 530
29 588
3 800
28 208
7 826
7 506
21 902
2 739
29 481
24 662
20 423
10 823
19 512
12 850
14 542
21 884
21 766
14 291
29 540
26 863
24 407
8 361
24 348
8 906
26 712
6 763
5 1000
2 522
5 329
18 629
8 718
15 540
23 615
12 405
16 640
13 781
28 533
0 769
4 891
28 907
5 772
3 498
4 946
18 904
16 995
25 430
14 401
2 412
8 471
6 588
19 986
12 994
10 933
25 410
11 767
15 947
13 645
27 604
27 400
27 349
12 934
19 217
13 256
12 270
21 264
24 968
5 726
14 812
21 269
20 202
14 712
17 791
20 502
11 461
18 896
20 712
2 785
23 494
14 291
27 451
9 784
17 341
20 671
25 927
17 326
11 943
29 999
9 845
6 646
1 320
22 609
26 663
12 851
1 682
21 517
3 810
25 812
3 205
12 718
13 568
10 662
27 796
20 938
19 253
21 805
1 376
25 301
14 541
0 390
12 348
7 696
23 471
2 941
9 721
28 926
0 694
21 993
5 571
3 804
5 684
24 883
27 378
26 371
18 500
29 459
15 624
4 857
29 503
14 853
14 817
7 605
14 640
19 944
17 685
24 228
4 589
28 763
28 232
29 667
12 968
4 394
28 712
3 602
12 817
1 829
0 904
23 280
11 762
26 348
16 506
13 326
26 559
25 956
14 908
27 673
23 209
14 656
4 718
18 551
25 242
6 508
7 732
22 873
22 480
8 922
20 397
9 617
21 658
29 223
25 909
19 582
4 343
25 228
8 364
11 497
7 315
14 349
20 310
12 725
12 288
21 481
10 873
14 470
9 965
18 616
5 838
28 893
14 230
10 211
14 678
13 315
10 847
4 957
15 632
2 485
24 417
23 390
2 617
29 886
11 692
1 285
12 806
5 737
22 843
5 268
27 239
15 765
22 467
21 987
5 233
9 832
25 959
22 908
10 405
24 466
4 315
11 584
27 738
28 882
18 329
29 941
22 415
13 731
20 883
28 345
13 204
24 271
1 802
28 566
23 769
2 455
20 535
13 893
0 770
20 509
17 910
20 885
25 280
20 331
12 859
24 981
29 947
19 796
8 992
6 655
28 513
3 843
4 565
11 326
9 981
3 233
16 389
7 537
17 638
25 242
28 771
11 457
17 680
23 852
9 680
0 246
8 640
4 626
8 941
11 278
6 519
26 560
18 445
5 338
15 417
20 543
11 429
12 779
7 419
18 432
28 440
14 680
8 729
6 845
21 294
22 352
15 400
6 895
1 288
28 421
0 390
26 203
15 459
1 363
15 804
6 333
23 922
15 421
29 879
1 839
1 905
24 647
10 787
20 528
24 890
25 716
0 245
12 753
28 949
13 215
22 296
4 740
0 788
10 953
3 840
2 513
3 462
13 519
4 638
6 304
29 603
13 905
4 393
22 220
29 678
0 396
16 205
17 918
13 268
3 316
16 562
16 631
23 780
4 282
1 514
18 997
5 687
7 827
19 294
15 849
12 636
24 329
26 362
19 551
16 744
14 701
26 578
3 517
23 372
3 654
18 998
15 417
5 583
18 980
6 275
29 513
24 439
6 620
25 455
13 494
15 673
22 377
23 378
21 276
1 385
17 234
14 534
4 571
9 711
22 416
24 940
25 672
13 265
16 945
25 274
7 292
0 356
4 394
20 503
26 615
24 684
3 399
7 817
6 910
3 818
7 777
5 908
12 853
12 537
29 599
12 319
13 789
18 536
29 363
10 759
7 433
24 315
23 225
6 804
2 817
12 913
28 330
4 960
4 704
16 734
2 308
8 309
5 893
9 864
28 635
3 505
0 531
17 277
3 553
20 863
26 549
6 796
23 634
14 282
1 567
11 533
6 499
15 585
29 681
15 602
18 944
23 862
9 238
9 783
7 794
9 808
20 464
6 552
23 668
1 581
12 452
7 818
1 293
23 590
15 691
24 289
11 320
27 345
9 210
0 908
13 390
27 866
1 485
11 571
3 480
10 460
14 923
11 800
14 425
18 847
9 668
25 256
24 829
28 769
29 321
24 782
14 997
7 924
10 320
5 978
15 976
27 305
25 660
21 940
1 972
19 818
18 364
19 202
15 334
2 612
24 368
20 579
21 439
20 243
21 790
27 290
25 427
21 874
7 286
13 875
0 453
16 274
22 951
20 814
9 847
3 694
28 654
5 370
13 481
5 260
24 733
6 392
24 867
2 268
22 655
3 608
0 526
29 514
10 666
6 533
20 935
7 284
26 564
23 743
23 632
10 676
24 621
5 661
23 362
24 517
1 935
8 790
14 517
9 244
23 562
4 860
16 404
12 751
10 460
28 495
19 394
21 499
18 570
6 642
28 222
16 339
8 993
20 782
22 229
9 836
10 349
4 756
3 581
5 717
5 300
21 457
18 971
7 213
9 542
1 944
14 755
4 887
11 553
10 343
6 581
26 781
2 308
13 215
1 932
29 722
17 322
22 797
29 985
21 216
25 354
29 916
20 744
9 725
6 782
29 694
16 699
2 466
28 459
21 782
27 891
23 393
26 556
18 537
21 663
3 431
17 408
14 679
19 245
3 802
24 783
19 274
26 562
18 796
20 592
3 467
12 487
1 939
22 706
24 983
22 488
26 266
7 604
16 863
0 950
25 739
3 719
22 500
12 400
6 272
12 230
24 698
8 754
16 803
10 902
10 805
15 738
15 549
29 796
10 857
19 508
0 356
2 271
22 678
6 860
10 315
5 285
27 645
13 766
22 343
9 400
0 262
16 812
12 907
14 649
12 950
28 672
11 954
3 787
13 953
15 370
24 638
3 663
8 421
25 314
28 369
29 799
16 513
1 471
10 769
12 224
26 738
8 640
21 920
6 652
24 530
20 642
22 562
25 396
1 856
24 612
20 529
8 666
4 450
0 383
13 810
20 288
9 438
5 708
4 233
27 819
6 619
7 618
24 342
15 320
21 781
7 956
25 990
9 745
24 221
17 808
14 762
22 615
8 945
28 641
28 291
26 356
15 690
1 214
1 649
4 744
1 906
24 495
1 958
11 395
18 442
2 577
16 771
25 319
13 366
29 569
14 830
14 433
11 607
10 607
24 485
3 796
13 297
8 325
18 441
22 758
4 829
13 429
11 711
15 516
16 503
0 939
4 325
17 673
0 646
16 989
20 609
4 603
12 618
3 922
0 374
23 235
17 858
0 275
12 842
1 219
7 627
24 924
14 248
8 520
23 540
2 866
6 422
26 857
21 920
9 368
13 752
4 710
6 797
22 583
15 405
3 636
4 235
21 354
18 761
24 273
13 612
20 285
27 989
25 347
28 990
26 971
29 477
4 450
14 913
29 652
20 298
11 429
26 426
3 220
14 906
8 268
8 664
9 970
4 772
2 682
21 928
11 977
6 935
8 248
4 316
6 253
9 820
8 946
8 974
5 881
20 282
5 851
9 645
29 208
24 601
29 248
12 808
0 248
27 370
11 453
3 221
5 411
23 498
24 560
12 330
18 980
22 900
21 945
9 890
22 824
28 727
13 945
5 648
14 224
6 728
27 958
7 893
9 602
17 956
29 437
12 637
6 759
28 292
2 260
0 340
14 958
19 255
9 497
28 952
13 749
26 858
13 641
21 444
24 469
18 809
8 634
15 576
3 888
14 514
22 311
6 871
2 915
28 251
17 991
0 751
3 686
5 523
14 484
8 606
22 566
0 517
8 384
3 897
22 405
20 228
4 360
0 934
15 336
21 864
15 283
26 965
1 864
14 569
27 302
9 890
0 207
0 594
25 315
13 965
27 569
20 985
20 531
13 942
0 916
8 943
10 326
26 489
18 499
22 969
13 964
0 208
18 669
7 704
0 553
18 269
23 470
10 924
1 775
4 972
4 277
23 496
14 362
24 681
7 628
29 440
24 495
28 245
10 994
15 694
5 447
29 620
26 688
10 291
6 510
22 736
18 286
13 425
22 639
11 267
27 689
25 382
28 521
15 475
12 272
14 465
22 475
4 205
13 789
15 993
28 716
8 833
19 819
24 838
22 209
11 672
18 303
17 579
22 976
14 999
29 307
18 202
23 801
1 419
22 873
11 658
26 322
18 575
9 260
17 524
8 693
28 455
8 377
6 865
13 523
13 260
26 520
22 784
0 783
6 335
15 433
0 342
24 718
22 337
14 555
1 552
8 900
8 949
11 668
17 773
27 391
20 540
6 740
22 430
25 901
23 889
15 895
10 301
29 949
28 466
29 543
5 947
26 470
13 267
27 675
28 540
17 659
19 382
19 746
7 985
9 287
9 760
14 519
0 937
29 287
26 629
19 577
6 1000
14 547
2 908
25 700
15 216
8 575
13 201
15 845
8 268
8 493
9 353
24 632
2 415
29 955
19 900
11 660
3 447
6 889
4 310
15 939
2 249
11 484
25 351
28 993
8 396
1 505
15 313
15 660
13 240
3 782
8 424
16 686
5 941
24 405
22 372
8 413
21 611
9 441
22 567
2 862
23 245
18 283
26 783
13 287
15 342
7 788
0 676
20 743
14 200
0 772
3 228
29 767
21 391
24 303
27 495
0 898
23 415
26 972
13 608
7 859
24 340
21 510
22 642
9 536
8 993
12 965
11 724
5 619
2 664
27 282
19 791
5 275
19 926
15 691
13 790
26 914
21 237
20 576
13 712
1 355
27 485
26 861
23 842
11 466
2 333
21 378
27 835
24 994
20 208
11 706
22 310
17 938
16 678
16 871
3 363
5 841
9 488
20 334
5 906
19 277
19 990
12 736
20 443
12 309
22 222
29 743
12 252
16 310
16 429
13 345
2 461
26 399
12 489
23 577
25 782
0 922
8 593
19 621
9 461
0 856
6 691
23 866
15 939
0 568
28 813
9 275
20 967
6 337
10 914
4 378
10 919
15 437
21 419
16 522
1 551
7 913
9 979
6 558
24 922
15 254
0 207
14 636
25 246
21 865
7 542
29 811
20 751
22 650
29 901
27 285
18 501
21 891
7 353
3 612
1 596
1 474
7 642
12 884
7 279
3 765
29 248
2 732
28 583
11 624
16 868
