2000
6 431
14 868
28 876
10 708
8 555
9 861
19 665
0 899
3 748
2 855
21 210
23 838
4 638
18 611
9 661
24 641
17 520
3 936
17 319
23 255
23 484
13 504
0 338
8 488
11 499
5 721
5 446
3 991
29 884
7 661
4 480
8 451
10 728
15 608
15 987
4 691
25 899
10 425
1 464
20 557
0 601
29 380
21 388
18 562
4 882
21 927
18 924
13 638
28 738
23 963
9 507
8 514
17 324
24 937
14 644
29 606
13 756
17 560
16 879
14 319
24 558
1 568
12 298
6 524
26 846
1 679
14 767
22 724
20 299
15 470
16 237
2 755
22 300
24 877
23 721
27 610
25 715
28 844
24 500
27 296
19 207
3 607
10 275
23 728
3 619
4 259
1 901
23 713
5 207
4 495
29 906
3 647
18 722
27 449
3 262
6 232
21 944
29 623
8 855
5 725
16 531
18 487
8 829
18 441
7 986
22 889
16 480
25 620
29 449
25 316
7 593
12 821
0 583
18 821
18 707
14 296
8 890
29 532
7 846
5 579
23 603
1 424
11 290
1 252
8 884
7 258
12 709
21 532
26 270
21 426
21 453
8 473
29 996
5 602
5 786
24 845
2 483
15 709
4 444
23 489
27 788
25 618
18 612
25 297
3 934
17 782
13 771
17 385
7 296
5 645
17 339
8 825
23 926
28 984
12 893
21 390
4 297
22 950
18 857
12 411
12 291
16 520
23 682
23 884
7 782
0 353
8 710
24 549
6 739
20 929
13 907
22 469
27 656
14 668
15 619
22 464
14 449
11 853
25 664
24 722
2 349
24 383
10 366
9 244
8 590
27 336
8 892
2 494
8 442
19 865
26 864
0 948
12 639
4 691
13 638
1 840
22 232
15 684
18 908
1 939
26 758
22 506
27 373
5 503
28 734
28 715
5 409
12 296
9 588
14 370
2 664
11 836
25 390
27 705
15 670
7 882
29 321
22 664
3 208
21 899
23 883
27 955
20 311
14 601
6 972
26 987
1 585
9 363
4 212
10 804
1 485
2 591
9 751
1 497
29 802
12 623
27 881
12 468
15 477
16 427
19 335
23 756
27 535
8 399
8 359
9 930
20 605
20 694
11 812
13 985
19 584
25 668
27 518
11 611
17 707
1 223
20 877
17 805
9 538
11 574
1 712
21 331
6 751
25 715
13 380
25 709
20 895
21 326
23 501
8 951
22 562
2 895
13 809
2 554
20 956
16 523
17 228
26 550
25 622
20 964
22 432
26 887
14 357
26 639
19 703
16 340
5 861
13 451
10 888
12 926
2 909
12 830
23 471
4 831
22 529
18 739
14 541
21 776
13 969
18 905
27 297
24 593
12 937
3 461
5 370
15 658
23 886
9 322
16 226
3 987
3 568
6 418
0 362
25 805
1 243
13 414
1 677
22 946
14 986
4 777
29 577
13 226
24 517
5 342
27 336
23 917
8 231
10 658
17 796
28 488
28 872
14 974
15 680
6 631
0 495
24 279
13 866
14 959
28 674
7 335
2 635
27 216
8 790
24 201
13 221
27 878
6 604
2 746
25 295
8 794
6 733
5 383
7 394
20 713
17 727
27 709
15 328
20 565
5 720
15 982
18 329
13 520
7 883
25 359
26 535
6 781
28 748
20 506
2 682
18 833
2 273
28 648
5 664
7 962
22 549
27 728
29 832
5 516
19 584
19 998
11 991
2 670
15 495
11 620
27 215
1 567
1 339
14 858
19 769
7 876
15 328
16 933
17 795
14 324
15 208
11 761
4 236
18 370
3 235
11 755
0 545
19 738
16 353
15 226
29 262
15 489
0 725
12 323
23 283
4 969
18 703
0 806
11 512
29 201
19 383
11 532
28 352
23 931
16 431
25 294
20 885
25 916
9 612
27 574
4 972
3 327
5 252
20 730
24 404
22 925
25 389
26 378
14 257
0 995
21 842
28 294
14 823
12 358
17 910
25 268
17 607
22 673
22 389
12 604
20 929
22 924
26 550
19 307
17 583
29 207
10 764
4 412
14 726
8 957
10 693
15 204
7 706
13 698
15 359
22 509
7 259
14 278
1 960
7 935
2 219
1 343
8 500
17 269
16 477
7 787
29 575
10 693
13 688
14 769
9 309
11 311
12 938
14 551
27 982
0 837
7 275
22 251
2 958
27 288
0 597
3 373
8 515
6 586
6 947
26 325
6 978
4 367
13 367
21 651
1 751
0 654
14 702
3 354
8 282
23 973
24 988
25 780
23 508
29 665
8 798
4 928
0 807
17 624
25 788
5 844
10 683
6 477
2 615
15 489
11 592
18 295
26 748
28 656
3 831
13 294
5 335
21 337
5 753
5 779
28 451
17 782
6 251
10 958
0 537
15 838
17 358
9 883
3 891
16 781
29 832
26 966
9 452
27 755
25 537
4 836
8 886
5 435
26 839
21 706
8 959
20 970
20 875
6 333
3 504
3 664
25 469
12 788
1 366
20 665
1 352
0 525
28 905
22 860
3 811
4 976
20 635
23 388
23 723
29 813
24 496
10 678
29 968
12 660
27 604
10 444
12 640
22 226
21 928
12 980
16 252
0 528
9 211
23 321
29 866
21 665
21 828
15 766
13 221
16 335
22 605
15 995
15 664
17 460
8 952
25 987
7 852
5 952
9 345
0 459
28 944
12 204
22 312
23 395
5 559
16 916
28 592
7 759
0 785
23 904
1 777
19 249
24 879
17 525
18 688
5 562
3 840
21 387
7 752
26 763
4 404
4 362
3 236
18 574
2 270
2 866
6 475
10 729
12 717
3 670
9 491
0 871
28 517
2 440
13 698
28 410
18 328
4 980
26 677
8 816
6 468
2 986
20 716
7 656
15 527
16 989
26 546
29 963
23 395
10 622
18 898
17 598
12 795
22 954
5 238
25 527
25 359
28 337
10 428
22 383
21 962
1 452
1 201
12 831
4 822
9 342
14 854
23 767
12 428
1 283
2 578
23 259
23 315
10 472
28 854
22 440
28 890
24 233
0 851
24 598
19 538
19 208
0 494
11 322
2 751
16 200
19 614
18 747
23 691
20 676
15 447
16 742
27 749
22 837
22 496
20 564
12 843
2 346
15 955
0 301
1 571
11 273
3 893
29 237
27 387
24 994
24 524
15 902
3 740
18 411
21 657
2 914
9 481
14 735
22 330
16 783
4 971
28 947
17 264
28 749
1 705
1 648
18 928
6 997
23 822
17 797
18 297
29 982
11 735
24 398
28 741
25 851
15 570
21 838
8 934
1 809
0 993
2 639
20 367
6 333
21 344
3 316
23 643
3 462
23 725
17 942
19 324
21 509
7 476
25 449
25 496
2 411
16 386
15 861
25 402
12 623
22 768
9 765
6 661
26 587
29 452
23 533
20 391
20 818
23 423
0 474
2 810
8 792
19 842
18 758
24 921
13 492
10 201
11 493
13 512
27 608
6 797
28 675
13 881
6 585
29 481
27 734
21 860
6 245
18 285
11 470
1 349
27 776
6 721
4 737
17 792
7 273
25 476
1 807
27 809
25 769
3 251
4 895
6 792
1 440
13 588
2 748
24 808
20 470
14 534
3 665
10 696
6 395
24 333
6 725
24 732
21 680
5 794
1 983
28 705
1 440
26 904
9 832
11 750
22 641
9 769
20 207
29 999
11 864
19 210
4 663
27 385
4 662
25 607
21 843
9 750
23 454
25 426
1 579
4 202
2 530
28 456
25 605
10 350
3 624
8 211
1 902
3 203
1 827
6 515
12 549
13 738
27 649
23 893
25 736
23 306
13 968
23 854
12 465
11 545
23 747
22 485
19 707
12 706
28 971
12 517
8 346
21 504
0 542
3 961
21 481
12 578
27 869
12 485
11 647
11 979
4 304
26 736
19 827
17 238
28 338
1 431
19 666
26 215
27 924
27 450
11 510
1 719
6 300
5 868
14 636
9 431
4 931
10 919
18 422
3 717
12 757
14 659
27 554
5 385
19 845
15 657
21 714
4 354
20 271
19 500
15 346
2 767
25 647
0 364
25 733
1 401
26 381
16 399
15 588
3 639
24 725
1 782
19 840
21 956
4 793
10 291
12 726
8 595
16 550
10 735
15 401
11 362
0 526
27 283
25 397
29 354
0 659
29 853
9 913
9 472
14 367
9 774
27 228
3 637
0 863
29 880
27 445
15 387
22 682
10 487
29 268
12 690
0 696
11 327
15 434
0 639
29 818
14 341
28 799
10 601
4 420
12 957
11 849
18 819
13 741
17 765
16 775
11 586
22 295
14 765
23 367
4 504
19 285
14 462
29 872
8 454
17 618
11 775
15 735
6 581
11 347
29 299
5 285
4 817
6 738
0 729
4 747
7 821
22 790
8 653
13 428
28 558
10 752
3 580
1 201
29 656
22 319
20 245
4 571
14 556
6 581
17 205
9 698
17 897
11 981
29 250
9 331
23 855
1 553
27 384
1 931
20 530
16 423
23 808
19 658
23 261
2 756
21 368
2 708
3 720
3 742
21 315
21 694
9 508
6 297
6 908
8 696
26 706
28 315
13 523
19 603
11 870
15 413
23 918
24 979
8 673
24 731
14 861
24 285
9 213
22 224
2 262
2 326
1 471
2 394
8 926
0 514
6 620
20 795
20 864
29 821
25 226
16 209
17 453
11 768
25 821
12 644
27 980
7 458
4 492
19 924
17 993
12 704
4 246
20 413
5 473
29 293
28 603
18 411
2 546
25 315
9 530
13 956
3 535
1 260
9 753
15 617
12 296
20 909
14 442
29 723
18 931
29 384
20 839
19 506
12 540
21 746
14 817
29 297
5 838
8 708
19 792
11 432
20 553
25 455
27 392
14 487
13 372
9 350
4 858
26 234
14 367
23 396
17 360
29 460
10 288
8 555
11 740
27 599
25 538
21 811
12 947
10 951
20 742
27 693
28 685
25 932
9 737
8 353
3 701
2 678
5 625
12 269
10 708
20 249
16 261
17 641
24 489
1 732
6 590
27 351
19 343
26 494
11 890
9 634
19 289
12 923
22 995
22 768
2 242
9 410
21 731
17 437
2 590
27 439
18 877
23 453
1 218
6 248
18 210
29 492
9 605
15 534
24 471
12 860
14 278
0 660
24 510
23 975
5 271
7 849
17 920
18 719
17 761
8 989
13 444
12 303
9 908
8 775
22 522
3 266
26 779
26 242
20 947
1 572
16 889
6 692
25 802
7 386
20 474
26 262
4 427
18 794
6 608
19 486
15 554
19 710
23 347
6 507
19 701
18 300
5 970
13 798
15 791
14 511
26 554
16 809
5 797
20 476
8 905
22 703
3 352
2 720
18 494
13 447
2 377
20 428
8 905
7 677
11 820
28 267
8 390
26 674
3 215
18 445
22 230
5 516
25 949
8 773
4 806
5 895
24 575
23 461
12 512
12 843
17 306
22 233
0 880
28 727
29 689
24 345
25 937
8 305
18 373
7 438
10 604
26 367
0 370
8 378
21 564
17 479
2 683
21 647
16 567
21 662
10 201
15 722
15 865
23 582
12 828
24 915
22 951
29 324
21 898
18 639
6 847
0 717
13 879
24 756
6 296
22 477
14 981
11 790
5 596
11 256
10 776
12 908
18 717
18 339
7 655
25 850
20 792
3 264
10 849
15 469
13 658
2 226
5 838
21 833
4 555
15 211
3 805
11 646
28 711
23 714
4 795
11 807
11 926
20 823
11 238
25 560
6 314
29 926
9 279
13 738
27 234
23 874
11 835
23 580
19 654
7 318
5 642
26 444
24 894
24 209
23 955
29 283
10 542
17 375
19 872
22 880
5 945
11 921
19 265
5 934
20 221
1 588
13 490
9 916
14 813
16 955
10 676
20 975
25 558
29 475
15 404
3 370
26 625
5 898
27 711
18 428
9 866
16 906
9 407
27 992
14 324
20 270
23 361
1 867
0 289
3 981
7 820
1 504
0 687
24 859
5 273
8 249
26 661
18 951
5 400
3 989
25 718
14 812
1 581
11 220
11 368
19 395
1 373
6 293
27 719
21 490
29 247
16 502
5 505
22 643
17 493
26 310
17 271
17 892
19 899
26 430
12 933
20 885
27 667
7 967
11 414
7 741
24 310
20 806
29 879
18 590
28 876
17 683
13 451
19 354
16 800
23 306
28 761
24 565
16 809
6 757
14 793
16 419
18 523
21 429
13 253
29 819
6 715
7 545
27 700
22 465
2 293
2 912
5 802
26 368
28 633
21 971
14 597
22 706
12 592
17 469
15 743
24 813
29 987
13 448
9 398
28 598
25 224
13 530
11 435
4 964
23 200
13 929
19 514
25 795
0 223
25 200
11 916
23 999
24 914
12 445
1 350
11 363
28 585
25 401
14 856
22 636
29 520
27 988
19 905
20 547
11 215
29 472
3 799
0 985
27 479
12 427
16 867
20 476
1 441
7 546
28 496
22 580
14 961
19 875
12 974
3 897
19 943
15 906
27 615
8 978
28 655
28 832
0 328
4 717
15 827
14 613
19 700
10 549
23 964
25 719
16 655
23 243
21 296
10 374
28 385
15 537
11 291
28 883
19 637
9 827
10 983
17 439
4 855
22 797
17 202
3 890
18 686
15 658
17 911
21 629
29 715
26 633
6 317
7 532
18 807
26 876
13 634
29 253
4 208
19 967
19 377
26 290
28 910
3 484
1 482
18 920
27 850
16 928
20 451
27 782
18 621
12 281
25 236
4 808
6 783
5 634
28 500
19 312
1 730
18 313
2 969
0 872
25 860
1 305
17 596
5 409
29 560
15 412
4 389
19 563
0 603
22 277
21 895
25 360
0 744
5 225
8 558
8 965
29 410
7 917
26 826
17 540
8 545
7 599
28 769
12 889
25 436
4 713
17 940
21 866
17 581
2 521
0 237
16 663
18 637
27 416
16 987
23 371
8 540
5 636
15 813
18 383
2 543
18 980
16 287
19 805
4 368
17 986
21 908
23 324
4 794
0 326
24 478
24 380
5 986
13 557
27 447
15 213
29 489
15 865
19 354
12 813
22 640
14 805
29 506
19 268
2 420
25 958
4 613
27 861
10 366
2 729
1 503
4 989
23 563
13 386
6 216
23 636
19 478
19 912
20 270
29 544
16 588
29 732
11 291
17 311
17 798
24 238
3 816
14 414
12 837
3 924
20 508
11 757
12 592
4 739
16 212
12 695
27 503
5 248
17 540
29 932
9 880
16 300
24 259
23 424
8 574
17 533
5 425
26 460
28 685
4 613
27 628
3 340
15 866
11 409
0 328
15 806
27 514
29 281
5 275
23 728
3 619
12 831
16 613
4 705
2 911
6 281
16 580
9 291
12 451
24 410
7 585
9 458
6 828
24 651
14 201
15 575
10 997
17 907
1 728
27 685
13 870
5 956
17 839
5 612
22 259
15 558
23 522
21 845
0 269
19 531
14 889
21 618
3 709
13 500
15 611
20 940
23 379
22 548
18 556
11 557
19 849
3 856
4 874
13 998
16 346
1 391
15 714
11 618
20 692
0 439
1 520
26 502
29 690
10 745
5 440
26 532
8 793
21 654
29 755
11 359
7 928
25 350
4 535
23 210
8 746
20 613
19 675
6 560
25 934
3 900
22 718
12 910
21 578
7 661
4 284
19 795
13 829
23 453
29 913
22 612
29 768
23 483
26 755
4 826
15 365
11 824
9 989
1 313
19 281
18 606
4 462
8 700
18 364
22 778
26 409
5 561
28 604
7 852
7 643
29 367
10 231
12 962
24 449
23 589
26 222
25 373
29 791
28 454
11 935
11 383
21 665
0 371
27 524
1 987
26 934
6 409
20 758
28 980
1 772
21 621
26 499
26 918
23 265
12 532
4 976
15 842
14 908
29 581
25 771
8 811
18 710
19 904
23 314
10 489
13 580
21 439
15 959
1 343
3 492
27 723
22 827
27 231
29 207
24 602
27 885
25 419
21 828
0 292
12 464
29 422
13 848
25 236
5 912
20 770
16 770
26 787
26 478
24 803
14 600
29 718
4 232
6 563
22 686
0 544
29 983
19 657
11 819
12 520
18 802
14 975
9 269
27 340
13 760
11 978
6 402
21 689
11 429
10 304
25 832
11 992
23 973
28 678
23 393
6 765
8 479
23 415
13 336
9 267
9 702
19 677
18 719
18 931
3 1000
20 846
22 810
24 870
12 373
15 466
12 309
24 622
10 608
6 478
11 264
28 436
2 882
25 597
19 662
11 429
5 572
1 213
4 841
9 699
29 478
20 833
15 535
22 899
3 585
19 749
18 527
14 573
25 891
1 373
5 661
16 772
6 818
1 348
25 635
29 833
10 687
19 576
17 523
5 573
14 862
23 622
9 295
26 229
5 412
16 778
29 788
10 720
19 979
22 239
9 996
15 513
20 701
4 767
11 841
24 794
4 658
3 358
10 544
0 569
4 627
17 982
23 651
18 979
19 803
7 716
3 988
12 233
1 664
25 293
17 642
21 584
11 866
19 466
28 263
20 372
13 567
3 321
3 551
21 733
29 995
13 405
25 390
24 491
24 274
6 521
11 566
6 426
9 220
14 490
2 410
23 962
12 570
21 656
23 574
3 299
17 397
23 747
22 731
29 509
24 787
0 317
7 800
2 875
22 683
17 292
20 526
15 934
29 995
20 579
28 909
7 686
15 764
7 902
12 250
18 926
12 702
0 777
8 347
5 498
25 905
8 796
1 833
26 280
9 766
4 414
13 892
29 924
24 831
1 957
24 488
14 839
20 271
27 380
6 775
22 633
27 552
14 414
13 996
22 530
23 223
14 515
5 647
10 614
22 601
21 224
14 914
17 763
1 940
12 988
24 357
28 759
21 829
7 597
2 469
14 821
24 667
22 775
6 561
7 220
4 278
2 793
19 748
3 533
5 356
28 608
4 637
20 386
4 433
0 623
6 596
14 501
2 957
23 257
10 763
6 352
6 902
15 690
14 288
7 460
