2000
29 544
6 387
10 600
14 822
17 571
14 629
13 656
8 318
18 950
15 430
12 834
5 916
28 491
19 859
27 953
1 824
4 905
0 554
9 527
8 404
1 766
0 332
11 964
7 728
12 733
25 888
21 297
23 980
23 844
8 446
24 587
8 228
29 630
28 882
18 539
24 255
20 376
20 840
28 593
8 236
16 596
20 784
18 268
16 605
27 232
10 755
11 369
5 440
21 941
0 558
19 595
16 762
1 995
7 565
8 746
15 403
28 548
21 601
29 557
17 941
20 468
11 826
2 787
9 362
26 963
6 582
15 413
8 533
11 268
15 427
8 791
9 529
3 694
20 800
2 340
22 716
20 300
16 989
4 557
18 809
18 719
26 927
27 467
19 288
2 334
8 974
13 980
14 300
10 202
21 709
20 454
13 560
16 354
22 542
3 281
22 983
13 897
18 688
2 670
12 457
1 449
18 304
13 428
27 457
25 989
23 796
26 526
21 493
29 772
0 862
16 917
19 465
9 356
17 206
15 267
11 473
20 912
20 681
15 909
5 573
4 859
17 339
21 840
15 795
24 992
17 661
25 788
8 318
21 447
9 357
15 836
26 727
9 861
16 354
21 411
2 300
7 360
29 584
26 779
10 473
19 665
2 437
26 629
25 861
7 855
0 436
18 680
8 600
20 420
25 311
29 259
17 730
8 662
14 914
0 423
6 857
4 619
23 400
18 323
27 269
6 419
23 240
28 451
5 754
19 470
3 211
5 233
15 625
18 962
6 724
7 743
21 969
16 231
6 468
16 218
13 661
22 398
9 908
9 947
6 400
17 504
0 400
27 993
24 517
24 813
19 404
9 709
24 971
23 305
10 615
27 444
26 261
24 610
0 638
24 844
25 995
7 967
7 688
28 287
5 363
1 941
9 659
22 820
0 831
9 815
25 227
11 225
12 912
14 619
21 525
1 244
18 411
9 266
20 444
1 579
23 209
15 743
19 253
16 616
23 934
22 706
25 881
21 313
25 843
6 481
6 283
23 745
10 466
3 272
6 951
21 267
11 961
3 750
1 750
25 550
4 563
2 375
11 746
26 580
21 667
4 672
28 377
2 495
2 810
17 775
4 892
20 792
9 809
29 822
5 294
8 233
29 741
12 301
29 703
10 1000
27 645
29 285
26 709
5 749
5 587
13 988
15 938
24 819
8 795
7 201
22 434
23 971
27 358
19 414
19 983
28 675
17 639
18 216
0 504
8 627
10 640
12 648
5 337
7 750
28 489
25 646
29 253
22 785
18 636
6 564
27 937
17 248
23 246
2 769
17 941
8 406
16 307
6 712
22 407
26 586
28 271
29 436
12 407
9 512
13 450
19 523
28 465
24 857
18 204
23 475
23 889
11 650
22 918
17 514
21 750
9 231
1 848
0 687
0 783
2 687
27 298
19 944
1 324
11 217
27 845
27 656
9 720
12 814
24 437
29 836
15 933
1 576
28 872
0 764
5 781
21 382
14 282
13 515
19 717
21 214
7 685
22 635
13 268
9 827
1 746
8 643
24 273
14 673
18 828
8 673
29 239
21 398
18 487
6 380
25 423
6 780
11 246
1 446
24 957
7 613
8 610
25 299
29 471
10 622
3 942
24 394
13 395
4 579
20 624
16 714
22 430
25 920
17 892
20 828
18 770
25 481
2 232
29 688
4 959
5 516
12 878
10 758
21 688
29 570
18 314
3 782
10 369
24 222
12 387
9 552
7 527
1 350
25 297
26 219
13 802
2 996
28 357
25 353
1 936
21 510
29 770
13 798
2 598
12 242
1 639
13 264
21 671
24 598
11 731
8 973
6 395
28 582
1 505
5 703
24 538
2 657
7 794
5 306
6 267
6 323
22 859
14 892
7 987
7 206
27 208
13 626
16 437
20 274
24 994
12 623
8 589
13 595
23 375
5 584
24 874
24 625
8 986
8 273
23 343
15 725
19 482
9 477
17 737
13 930
22 565
12 244
19 278
17 642
19 926
21 402
17 724
28 805
17 492
5 607
21 767
12 755
19 890
12 555
5 694
4 455
19 846
29 740
24 501
1 633
29 450
3 909
6 568
5 559
7 279
21 295
24 812
28 528
3 812
25 483
20 774
26 561
16 558
29 563
1 216
2 214
16 634
18 902
21 303
8 895
14 472
24 881
19 990
25 687
27 541
23 695
20 600
25 751
19 892
24 249
24 321
8 266
10 524
10 419
21 861
0 502
1 748
7 659
18 310
14 667
7 942
23 750
9 321
14 696
10 464
8 700
19 641
6 751
8 472
5 890
20 600
2 381
23 583
5 902
25 654
11 822
10 526
7 995
18 609
11 906
25 803
11 863
5 675
17 296
29 534
12 435
2 417
10 814
12 529
15 955
24 311
12 535
25 888
27 641
16 721
16 950
26 576
1 459
7 704
18 988
16 903
19 278
1 923
11 911
14 419
8 647
23 997
0 662
8 785
19 933
9 478
27 787
13 501
15 927
1 696
9 638
11 530
0 800
1 430
17 300
19 863
12 867
24 213
13 423
29 337
6 407
26 283
13 931
11 820
4 385
16 536
24 599
26 443
13 415
25 874
8 854
15 812
15 200
0 432
24 569
23 959
27 289
7 880
0 924
22 714
14 497
28 964
12 784
25 454
3 978
15 728
20 830
27 208
21 508
10 917
21 526
14 549
29 844
21 217
29 305
21 638
0 512
8 427
18 481
15 707
8 554
17 446
26 217
17 204
19 552
3 364
22 257
7 377
0 671
8 485
12 646
24 554
19 258
3 608
21 483
27 392
1 293
26 904
21 314
20 699
17 911
9 267
28 301
19 240
20 453
26 751
26 795
25 338
7 626
3 764
27 347
8 581
16 687
12 353
18 203
28 762
17 763
27 997
8 692
14 218
25 507
1 404
29 637
20 937
1 941
1 878
20 306
21 301
22 541
15 848
10 303
22 713
7 485
12 668
25 686
29 589
17 439
27 665
25 556
11 409
17 868
20 987
13 534
2 518
12 271
6 714
0 652
16 338
1 312
0 912
23 936
23 866
9 464
0 485
0 925
1 412
1 518
8 582
4 673
6 829
18 726
25 682
5 675
18 398
17 362
26 257
0 569
28 512
23 854
27 402
29 903
24 813
4 291
20 667
12 476
21 770
13 664
19 658
9 495
3 912
15 733
21 585
28 635
1 553
3 242
20 606
1 931
13 580
10 853
10 887
29 561
15 778
19 338
7 649
8 443
13 296
17 541
12 292
22 222
23 232
6 754
19 780
21 254
24 533
27 385
21 903
28 680
29 892
4 612
12 291
12 201
26 398
2 460
26 208
25 425
7 594
27 711
2 955
24 474
13 417
21 247
29 922
24 999
4 745
29 507
25 816
14 821
27 386
14 826
25 448
8 248
15 606
13 423
17 288
10 551
8 777
2 995
3 959
22 384
0 377
11 912
18 486
19 348
14 480
13 590
20 653
18 502
25 904
17 277
1 359
24 573
7 431
24 951
21 829
6 616
25 262
16 744
9 481
25 230
10 763
16 571
25 805
6 364
11 673
20 401
25 500
3 249
8 959
18 333
19 636
13 359
0 767
7 722
22 912
26 548
8 926
0 997
12 765
16 664
26 274
8 866
13 271
29 789
8 840
2 292
12 864
21 898
13 220
16 697
14 916
1 298
14 579
27 291
14 340
13 359
25 988
11 410
28 854
13 321
16 979
29 827
14 817
19 927
25 997
23 496
11 847
17 974
20 386
3 984
0 411
4 633
22 711
28 446
4 929
0 826
5 725
18 463
4 775
0 743
8 312
26 974
22 251
20 875
11 639
19 315
6 340
10 279
25 679
1 992
5 223
18 936
21 682
6 496
19 328
17 926
0 213
18 464
10 538
29 205
2 536
6 729
23 500
17 691
1 781
19 801
27 224
20 785
22 972
25 706
5 521
28 796
4 876
22 944
24 821
2 385
0 678
29 807
14 557
13 970
6 780
22 274
12 713
29 834
13 642
0 304
6 965
10 522
7 323
12 714
16 527
10 852
22 402
26 420
18 433
29 397
17 875
1 381
18 883
11 537
9 873
8 272
3 265
0 282
2 394
20 901
13 282
11 884
28 597
11 969
29 902
14 448
3 422
5 899
16 751
19 508
24 401
22 303
2 651
6 567
29 876
9 658
2 648
16 608
17 613
26 272
9 403
28 964
5 705
25 997
3 789
11 307
27 740
2 445
20 982
9 739
4 355
21 879
10 793
22 236
12 366
16 534
1 741
21 297
25 823
29 372
9 291
1 399
16 353
26 449
1 781
7 651
13 612
0 739
28 601
19 983
13 711
0 570
2 365
0 723
20 873
6 943
28 580
20 260
13 983
7 642
0 785
24 305
9 597
23 817
18 981
25 296
16 605
6 278
24 248
11 913
8 339
4 629
17 733
8 558
6 596
6 585
11 442
3 809
1 206
6 885
15 677
3 961
15 283
21 702
9 489
28 205
12 370
24 444
24 528
24 363
8 592
9 217
14 272
13 520
5 978
2 583
5 992
0 663
1 289
18 692
2 361
2 597
11 491
21 243
6 891
5 708
18 339
17 389
20 456
26 975
28 853
29 352
2 899
16 455
29 735
10 314
18 246
21 675
27 408
18 381
6 588
26 491
13 491
28 813
7 483
1 614
6 253
0 617
16 831
26 339
25 411
23 498
27 647
22 480
8 714
4 214
19 796
21 805
11 596
1 491
0 711
5 940
7 976
22 578
12 687
13 347
5 895
9 623
11 701
22 474
7 419
15 434
24 445
3 468
27 517
3 439
29 398
20 826
26 469
7 273
25 575
20 869
19 245
10 924
29 810
12 254
9 514
18 724
28 581
25 964
21 760
27 644
10 628
22 865
17 220
8 841
1 360
19 965
13 625
29 656
26 206
6 974
4 820
22 869
20 329
12 212
4 635
18 360
14 521
18 832
12 751
17 829
15 688
7 826
22 436
15 548
10 482
2 501
3 993
13 962
21 358
9 763
19 727
19 671
28 549
15 305
15 650
9 426
28 202
27 631
12 603
25 313
21 665
2 829
14 541
17 607
22 332
8 799
9 932
3 250
23 512
14 646
3 739
17 920
28 967
21 608
17 925
21 858
22 644
10 441
8 859
18 261
21 245
16 987
15 621
25 292
5 952
4 262
11 830
12 760
12 660
12 618
9 609
5 359
25 276
16 640
8 782
0 620
20 884
3 588
12 902
15 966
7 949
21 669
29 485
14 418
4 581
22 699
16 286
5 774
10 214
22 323
29 242
17 384
11 838
17 747
16 636
6 596
3 453
18 758
24 991
11 397
0 288
22 268
7 551
16 589
4 807
24 982
1 604
5 750
21 230
6 880
27 435
7 784
12 956
29 595
20 994
9 203
11 976
24 907
29 671
22 411
14 398
2 255
12 205
2 370
15 545
27 428
2 264
5 749
14 788
12 564
12 529
11 782
1 271
18 704
15 208
18 834
14 801
3 327
2 725
26 436
18 327
23 776
18 281
28 299
21 200
16 645
2 764
12 693
7 787
18 879
20 263
7 387
25 868
28 457
1 476
9 887
12 1000
21 445
2 332
8 320
28 223
15 964
22 296
3 958
12 555
24 722
9 468
23 224
18 821
29 544
22 918
18 986
2 810
27 445
0 670
7 711
6 866
28 699
24 215
3 948
5 291
14 876
14 406
11 983
10 401
26 256
15 829
2 279
9 945
3 267
21 793
2 591
14 470
28 506
19 639
18 805
18 662
10 256
6 432
27 787
24 940
2 348
8 923
28 673
16 714
17 372
13 440
29 714
20 320
19 389
20 927
24 396
22 310
4 704
1 754
26 313
27 218
25 633
3 875
2 973
24 519
5 671
3 613
26 581
17 383
20 919
25 752
16 272
0 685
27 229
9 476
2 231
0 352
13 810
10 354
18 383
1 945
2 358
28 750
0 341
10 999
1 476
20 278
18 566
20 787
7 323
15 681
24 474
6 343
26 716
1 323
16 598
29 982
26 637
24 822
3 424
11 576
3 249
10 264
10 892
8 955
11 782
24 211
16 628
6 456
12 876
22 723
19 397
26 777
18 732
8 324
7 411
28 341
21 415
2 423
15 870
11 297
17 602
1 391
11 898
4 677
17 288
28 294
23 397
26 789
4 569
18 708
22 414
16 207
25 398
10 214
6 303
3 963
29 240
6 248
27 401
7 950
25 476
12 658
10 516
1 912
15 362
23 542
12 771
0 676
13 316
14 711
20 660
9 232
2 609
1 733
7 679
5 605
18 694
6 637
19 358
1 600
20 284
27 308
22 888
13 246
21 475
16 328
20 480
0 976
24 247
15 698
11 911
26 881
11 341
16 692
16 661
21 244
5 584
18 359
24 338
21 935
3 356
26 436
5 954
12 314
28 491
2 787
15 574
7 792
28 703
26 970
22 665
13 816
21 959
8 553
20 522
16 399
5 740
26 682
16 238
16 697
9 419
19 239
14 432
29 956
10 817
26 996
12 380
29 991
22 712
14 658
20 386
16 327
4 532
12 681
3 269
6 316
12 541
17 503
8 547
17 687
6 247
8 561
26 627
20 816
1 933
25 711
16 910
12 509
16 981
28 970
0 760
17 808
9 973
0 992
17 504
26 756
15 693
12 506
9 289
18 986
12 936
24 961
8 916
14 938
19 304
1 276
18 871
9 442
5 727
17 971
29 759
5 712
7 911
24 812
18 933
11 479
11 988
14 892
8 424
22 505
3 911
3 944
27 420
27 426
14 722
13 519
15 886
0 637
19 278
23 687
4 846
0 770
29 405
23 229
12 617
2 301
25 933
13 437
17 690
11 798
11 729
5 347
5 393
0 583
10 333
11 441
10 242
3 539
23 379
13 287
17 896
15 687
6 951
15 965
9 420
3 671
22 947
16 427
11 785
28 306
7 848
8 779
11 790
4 908
14 535
12 690
23 764
3 827
14 882
2 300
4 655
20 868
11 379
8 893
17 764
9 241
28 997
18 256
9 340
2 245
20 295
20 281
6 354
5 963
8 448
5 597
18 821
5 809
29 410
25 610
9 921
27 286
15 554
18 693
21 592
20 687
6 344
5 666
7 913
19 289
26 838
26 279
11 335
27 740
27 688
28 251
8 307
3 970
2 681
24 679
7 739
13 458
1 882
6 662
2 587
25 730
14 294
28 876
15 360
11 365
13 408
8 930
21 324
0 512
18 345
25 228
29 212
2 332
0 701
22 869
26 951
14 508
15 213
27 932
16 444
29 256
5 986
20 750
20 754
16 462
27 714
4 239
20 330
8 326
8 701
1 604
27 410
10 876
27 798
5 898
12 238
20 539
2 352
29 365
20 650
25 439
12 300
9 583
9 240
7 631
12 585
3 457
15 972
7 838
5 739
28 465
5 820
7 778
21 393
23 353
10 518
14 257
2 573
8 493
23 257
6 768
19 371
10 743
6 498
12 767
21 961
23 435
18 376
15 798
25 417
8 441
13 432
10 513
4 704
13 462
19 947
11 908
27 667
15 468
28 904
29 350
7 690
1 538
1 653
21 404
8 592
21 511
8 968
14 689
0 679
17 346
2 358
18 939
13 362
28 534
29 605
29 252
20 456
9 901
23 235
12 414
28 377
14 316
8 953
20 623
14 267
13 628
14 986
16 671
27 624
0 332
25 719
26 650
20 573
13 862
7 973
2 802
6 968
29 858
6 681
2 907
1 230
20 791
7 788
28 431
2 214
14 426
22 756
17 765
26 951
24 994
1 844
24 861
2 420
0 985
26 370
13 983
24 406
27 718
13 324
14 278
5 785
10 581
15 776
18 593
29 901
29 381
0 321
15 888
5 307
5 706
27 729
4 790
10 563
14 269
6 841
29 849
14 563
7 345
12 624
3 393
14 255
27 850
25 521
11 621
14 875
27 264
26 614
8 399
6 586
21 663
26 276
6 636
29 671
11 574
9 503
23 396
5 865
8 224
14 744
17 903
27 834
13 205
26 235
28 252
1 904
24 703
24 862
1 506
28 399
17 576
17 225
8 650
21 987
18 464
26 680
28 523
18 491
11 607
1 808
18 561
15 969
2 899
18 544
24 632
21 548
4 398
19 457
28 867
24 962
15 877
29 281
19 953
5 792
22 658
29 225
11 429
11 330
1 386
12 927
5 232
17 686
24 594
14 420
6 419
5 945
1 337
19 264
11 525
16 600
22 881
16 448
27 269
21 785
23 840
18 791
7 697
21 819
4 374
27 348
1 284
28 631
10 1000
5 909
26 683
5 585
19 837
7 598
2 262
23 411
15 925
12 884
28 554
23 844
18 579
21 324
27 204
20 356
24 501
22 548
16 690
18 435
6 684
21 802
8 794
15 757
19 360
2 619
2 924
4 585
19 504
15 362
0 899
27 350
13 680
16 855
27 786
29 599
17 273
10 301
27 514
14 926
1 519
0 441
21 630
19 203
13 601
14 280
24 221
10 348
2 352
17 863
27 520
21 997
24 273
15 464
23 688
29 958
10 440
15 345
26 388
8 409
10 602
23 652
10 766
14 246
15 483
8 358
16 266
9 577
11 904
22 895
16 790
4 343
13 307
16 857
13 465
12 996
29 831
13 847
18 696
4 728
23 516
5 925
0 655
5 278
17 758
12 771
1 813
18 433
17 526
26 339
20 283
23 886
24 972
4 941
5 719
26 343
27 231
23 800
1 599
18 937
3 878
2 587
5 319
21 305
22 400
10 713
20 400
14 734
22 212
21 248
29 207
9 978
12 203
6 260
0 878
6 423
22 600
16 224
15 952
19 337
6 991
9 670
16 811
22 771
5 846
5 726
0 599
22 590
11 320
28 783
20 600
5 282
17 771
20 844
10 737
6 969
15 789
15 992
7 806
17 968
1 540
17 487
14 920
4 743
25 399
26 605
17 329
22 839
26 571
15 934
20 497
7 472
18 509
7 498
10 940
10 273
17 287
1 329
11 353
24 528
4 874
15 497
18 851
18 954
3 336
