2000
9 229
16 247
15 771
4 685
20 811
4 653
29 222
27 609
10 333
5 856
22 461
0 432
3 828
16 206
10 856
16 750
15 303
5 703
25 861
2 626
22 717
16 850
20 673
24 894
27 656
21 597
11 998
19 477
13 959
26 342
3 440
29 599
20 940
13 663
16 636
2 607
9 416
0 402
27 828
18 623
7 556
5 420
16 627
25 578
13 662
12 698
21 497
21 722
14 525
9 506
14 383
19 662
19 853
19 743
11 513
17 761
14 354
16 287
4 529
26 280
24 864
1 631
3 861
17 713
2 742
28 537
18 524
24 375
4 697
28 765
3 931
17 994
7 897
4 312
11 910
17 882
9 964
22 857
6 534
28 700
9 466
2 885
3 361
4 352
29 496
1 669
5 881
22 403
0 495
21 812
16 427
21 842
15 705
11 540
19 725
21 552
4 390
27 512
6 448
0 797
21 478
7 517
8 790
16 248
8 939
8 333
12 920
3 781
8 519
15 382
14 845
7 574
26 551
9 557
19 919
12 864
7 851
10 598
3 936
7 369
8 455
9 776
27 462
24 957
10 469
19 682
7 842
1 685
4 407
2 332
23 882
17 824
21 448
13 377
11 733
3 510
13 693
28 632
15 255
9 760
25 281
7 324
16 940
20 246
2 998
0 440
23 337
3 738
26 884
26 626
14 243
14 995
10 739
21 349
5 987
22 691
20 420
23 935
7 655
12 509
10 693
19 471
29 394
8 345
10 583
25 365
14 249
16 684
4 889
14 882
29 361
28 978
2 850
3 790
23 548
17 438
22 802
8 707
24 626
0 361
6 298
18 245
2 736
22 347
0 284
12 798
16 218
20 639
12 366
19 484
11 670
9 361
22 807
26 925
1 724
7 247
6 935
1 436
8 864
7 775
18 224
11 888
5 538
4 600
23 976
4 845
10 393
21 595
3 597
28 342
0 322
7 227
19 329
28 207
0 882
29 550
24 708
24 693
8 302
15 663
19 717
13 784
7 245
4 669
28 817
19 502
22 438
12 744
11 813
2 252
16 248
15 727
0 415
10 484
10 391
10 309
3 654
26 425
11 240
12 918
17 930
23 588
8 311
16 620
1 426
21 740
9 279
13 597
0 757
4 404
2 758
23 612
20 668
1 671
21 496
3 790
8 249
13 453
29 392
14 579
1 628
19 283
0 677
19 996
26 956
26 232
17 420
3 964
8 610
12 643
2 935
22 520
29 708
26 605
8 276
16 423
5 816
4 834
3 375
18 392
15 750
27 934
25 797
9 647
15 288
12 789
11 354
11 409
9 563
21 345
25 601
4 685
29 250
6 366
0 589
10 835
21 781
16 574
7 774
16 863
27 571
14 851
7 775
17 907
25 727
3 645
4 284
16 822
21 701
1 739
16 540
25 693
1 543
13 288
8 951
28 873
15 825
16 453
2 369
24 267
25 548
28 755
26 673
8 296
7 950
11 586
5 516
7 502
23 968
14 211
14 559
1 464
21 256
12 934
15 260
26 578
5 295
6 574
9 498
14 276
2 606
19 281
2 355
29 696
3 667
9 893
25 563
7 488
5 525
3 617
3 833
28 855
17 595
23 829
27 970
18 304
6 332
15 290
21 492
17 246
1 765
24 848
14 519
10 570
13 365
18 753
15 556
18 267
22 653
25 718
12 796
1 643
3 599
18 309
7 720
3 999
17 226
22 210
4 340
24 602
2 257
5 430
5 589
28 540
5 655
19 323
7 922
7 378
9 880
4 823
12 543
29 994
25 610
15 938
21 426
5 370
18 276
26 835
13 630
4 738
25 979
16 522
15 820
15 758
0 628
12 272
16 598
16 315
5 606
19 772
5 916
0 988
6 221
29 617
11 656
22 256
23 727
22 209
17 771
5 926
12 450
12 772
18 878
25 428
1 986
3 811
6 721
6 425
8 416
11 426
3 348
23 496
24 759
8 350
26 502
27 494
8 678
15 399
22 654
10 596
1 624
16 666
16 449
10 581
10 204
15 949
2 769
0 341
2 907
27 886
20 267
22 933
8 267
20 243
0 463
20 445
20 512
0 862
27 825
16 771
12 554
11 343
5 324
11 599
20 957
0 710
15 354
20 842
21 893
24 619
28 718
24 646
18 778
28 340
14 618
26 573
6 293
16 236
21 931
20 868
27 228
20 643
26 893
24 636
1 758
0 451
28 916
0 670
15 731
22 321
20 662
28 254
21 368
11 399
8 446
6 366
28 593
14 297
14 570
0 559
5 760
16 307
16 311
27 931
11 976
2 648
19 511
19 537
12 583
1 277
23 253
0 768
5 669
23 834
5 566
29 512
27 729
7 675
23 748
14 579
14 899
5 687
18 529
8 412
8 683
21 504
14 441
17 443
27 982
14 604
4 739
11 783
12 366
1 618
18 709
15 775
6 534
15 266
26 890
25 829
11 813
3 298
24 794
12 900
9 666
19 555
27 395
22 571
29 932
10 898
12 509
4 608
24 947
29 823
16 447
17 222
24 943
27 996
26 656
29 772
19 673
12 371
2 561
4 404
11 942
15 537
14 652
16 916
6 391
19 369
4 492
28 409
29 266
16 204
15 875
3 266
6 246
18 638
3 331
8 740
11 818
5 715
15 299
3 705
15 877
26 577
3 507
15 986
11 742
5 916
6 385
9 817
13 331
15 934
22 609
25 289
15 630
1 667
5 293
27 330
27 889
7 819
28 327
26 746
11 228
7 851
6 828
9 396
6 721
2 368
27 709
25 459
27 811
11 761
6 991
28 518
23 273
6 886
2 619
27 427
10 883
10 992
4 871
12 649
2 248
26 311
19 921
26 441
24 568
0 675
5 664
20 935
9 587
27 973
26 813
11 659
29 645
3 711
18 254
21 443
4 507
24 612
13 214
20 752
23 914
6 249
21 250
23 275
22 708
4 917
22 433
24 426
19 740
23 957
6 335
17 525
24 695
22 488
4 806
1 702
19 714
2 337
8 977
27 628
11 856
16 626
18 639
22 577
7 846
23 520
20 599
19 248
21 974
19 458
24 997
23 909
7 455
9 975
29 854
27 951
12 299
18 664
19 838
13 684
27 523
11 870
19 402
21 493
20 865
7 614
12 882
5 507
5 628
13 453
21 906
0 836
16 288
14 538
9 364
24 631
29 720
22 825
20 220
9 630
28 998
10 273
1 686
13 371
27 929
21 446
11 827
6 737
12 826
12 717
8 457
8 928
8 338
2 643
18 610
14 815
9 584
11 357
6 434
23 413
19 216
12 733
22 258
7 838
2 945
28 801
3 323
19 507
3 749
8 591
18 481
13 210
25 671
19 948
22 971
7 240
26 346
2 377
22 282
8 929
9 627
12 328
28 287
13 390
17 543
28 341
22 941
27 471
26 484
24 552
3 806
21 572
13 407
26 621
4 409
13 294
18 814
13 905
4 340
21 963
22 283
10 220
9 502
10 301
20 287
19 534
17 871
8 961
15 993
9 347
21 369
0 482
8 236
5 566
17 991
15 901
11 261
16 298
24 496
4 885
10 505
24 780
2 374
9 429
27 617
24 516
16 578
21 456
6 653
25 443
9 324
22 987
22 239
3 728
18 726
28 874
4 266
9 465
25 759
9 440
0 389
18 970
11 498
13 592
1 442
17 810
29 419
2 496
26 717
13 696
17 625
4 791
17 883
27 629
24 508
11 885
4 804
2 878
21 804
12 487
9 729
11 310
23 639
26 811
17 636
0 375
15 629
24 323
5 861
25 817
17 647
11 346
24 346
19 302
12 217
2 643
19 734
26 347
13 535
3 793
7 744
19 679
20 996
17 406
9 437
23 700
3 610
20 988
20 416
25 662
4 716
16 616
4 204
24 613
1 903
5 529
17 761
27 936
6 783
27 345
0 481
25 473
27 854
21 687
6 924
17 337
1 494
19 848
20 554
4 460
1 309
10 410
0 849
11 349
17 357
3 827
4 440
16 982
14 290
17 662
8 988
15 437
19 701
8 266
12 695
9 251
25 641
17 271
17 256
24 537
3 271
8 559
9 760
14 895
20 460
17 554
13 785
2 222
22 263
16 201
2 387
11 790
27 354
27 407
6 329
5 808
22 233
15 882
9 692
1 898
10 443
16 222
5 786
11 760
18 510
11 806
0 653
8 429
14 308
27 921
20 753
1 826
0 790
0 280
28 654
8 311
8 568
28 745
27 428
16 707
22 665
29 291
10 233
24 236
25 481
12 444
22 436
10 985
13 769
20 429
2 951
25 379
11 845
19 234
3 206
12 299
1 632
12 850
25 901
16 917
17 474
10 811
10 420
0 699
10 961
14 490
8 825
4 386
29 499
13 914
7 709
10 355
4 553
19 266
23 652
27 730
4 229
24 522
12 275
5 985
28 669
10 258
15 662
26 675
18 803
0 684
14 361
4 935
3 615
21 995
11 644
16 882
22 726
6 659
20 919
28 730
17 882
24 803
23 883
1 795
10 972
14 580
13 295
0 975
1 678
16 863
11 999
12 304
23 617
6 359
18 722
4 330
6 899
23 586
8 733
9 343
7 615
6 978
22 741
17 969
14 999
0 481
16 979
3 872
4 826
19 621
9 673
14 368
2 980
1 719
22 953
3 716
5 406
17 313
18 548
29 449
7 517
19 810
25 628
4 668
22 508
2 793
16 541
10 255
19 913
13 681
0 347
2 614
21 451
23 559
15 230
2 260
28 851
23 645
8 203
22 787
13 935
0 216
7 207
22 395
4 290
23 298
21 792
24 416
6 566
4 686
16 464
6 790
7 430
18 942
6 860
6 622
13 476
12 687
5 481
8 736
13 373
19 597
24 327
10 695
19 929
4 294
22 251
15 581
18 892
5 919
27 214
22 847
11 833
13 410
24 829
9 780
10 897
27 625
6 959
6 410
6 891
11 551
25 725
12 771
26 947
10 714
2 890
3 602
7 837
2 517
0 718
26 919
11 702
2 704
27 923
19 863
18 404
16 563
21 986
1 427
13 839
0 797
21 712
23 585
27 738
3 955
18 820
17 647
18 833
8 786
6 617
19 336
18 943
15 906
13 832
23 971
0 871
2 814
10 692
24 406
25 911
29 713
29 932
10 941
23 650
23 375
10 252
7 275
9 437
12 304
6 229
16 680
13 493
4 892
18 782
1 985
0 946
4 972
6 700
3 321
22 784
26 496
9 673
20 544
16 469
14 920
27 626
28 735
24 783
1 473
20 646
11 667
12 309
22 882
26 684
12 382
5 773
3 955
1 222
27 799
3 620
13 275
24 459
10 368
14 474
22 488
23 394
24 733
9 334
13 224
12 555
15 712
16 861
12 375
24 890
16 440
10 957
26 980
6 708
25 807
29 842
27 534
26 499
9 318
4 996
6 584
10 980
14 407
5 297
1 774
24 843
0 858
19 485
19 467
16 240
28 432
16 760
18 523
11 814
14 418
13 983
20 805
8 920
27 575
2 510
15 537
20 398
1 700
8 875
19 289
8 534
16 486
0 242
8 513
26 417
24 966
8 936
12 287
24 300
0 592
0 994
28 456
22 256
29 366
2 659
15 796
22 761
9 554
12 971
1 992
11 517
4 707
7 220
15 866
21 564
25 507
22 703
18 758
16 394
22 351
11 821
15 232
16 399
14 524
29 487
14 279
9 751
23 534
0 234
20 476
11 857
12 687
27 884
8 568
2 301
10 474
14 365
1 446
24 407
13 692
16 558
8 608
18 950
1 828
13 970
11 365
18 742
19 566
5 852
15 403
12 901
11 726
17 768
11 390
2 433
3 276
27 262
10 587
18 971
1 289
11 733
0 511
14 774
21 690
29 231
27 530
9 978
1 683
13 464
22 403
19 368
2 537
7 619
24 273
0 249
10 471
17 538
27 225
26 602
24 890
22 781
7 280
6 422
14 879
3 766
5 468
24 879
11 955
24 951
25 328
0 380
6 589
14 454
11 959
28 821
5 278
6 260
15 496
19 620
13 463
0 343
16 609
2 601
27 985
23 734
2 782
7 699
0 326
7 275
19 729
1 587
6 261
25 810
28 822
6 280
11 295
4 517
4 297
29 704
19 296
8 619
13 292
1 793
15 255
2 831
17 474
28 649
7 821
15 809
23 406
4 914
4 645
15 770
12 966
4 533
17 751
21 825
9 690
27 413
26 238
14 331
3 945
6 819
5 909
25 953
19 232
0 585
2 606
20 602
19 371
11 831
14 781
6 313
5 472
14 841
20 695
17 251
26 973
15 240
19 317
11 980
10 964
14 569
4 705
19 440
18 633
21 226
19 828
23 333
27 691
17 448
7 838
20 809
14 369
11 408
28 231
29 980
20 515
28 444
1 752
17 549
25 559
27 383
22 829
5 775
26 400
1 966
0 886
5 460
4 326
0 747
1 760
21 886
7 845
17 218
18 522
24 584
17 721
1 570
26 422
7 514
3 431
14 323
21 328
0 657
23 229
13 201
3 798
15 203
27 419
22 667
16 339
24 483
26 541
26 573
9 797
4 429
7 875
17 733
15 871
2 598
3 515
28 827
13 527
17 810
21 524
29 347
23 752
14 940
6 956
20 655
23 385
21 806
15 425
26 711
28 293
13 274
21 973
1 851
27 315
25 678
2 473
19 957
15 235
17 755
23 618
1 944
14 889
7 789
29 787
1 262
28 421
9 451
17 561
16 356
12 967
25 333
16 277
1 448
29 348
5 476
12 695
8 568
22 888
26 657
4 967
22 407
19 511
4 615
23 549
14 594
1 240
24 583
8 349
3 424
16 856
12 385
24 808
12 452
21 801
21 840
26 396
1 239
8 322
4 739
11 707
11 904
11 982
12 378
17 772
0 489
12 378
6 978
7 890
3 553
14 595
15 473
16 279
2 903
7 576
5 651
11 407
29 792
4 362
25 240
12 698
4 729
24 205
8 529
28 741
6 412
2 879
19 628
8 964
11 528
15 832
8 613
29 617
26 733
21 230
0 347
14 462
10 574
6 360
9 892
14 840
6 882
5 564
5 765
5 653
8 318
15 837
23 874
15 683
3 488
27 434
22 821
26 506
23 229
20 321
9 631
4 833
29 889
10 324
22 618
8 226
16 321
22 356
21 363
17 809
22 606
7 339
17 349
21 950
16 251
17 572
14 831
24 606
14 614
15 799
5 680
14 278
3 421
2 249
1 500
6 444
13 676
3 986
13 452
26 671
22 386
3 559
19 534
18 893
13 952
18 570
7 383
8 849
24 870
23 923
5 680
21 585
5 556
5 511
7 829
29 744
10 399
25 701
8 830
25 481
10 222
19 571
18 333
0 313
19 567
3 342
15 917
20 890
10 872
22 226
4 928
2 495
26 790
8 464
22 644
20 635
19 394
28 495
22 712
4 986
9 322
21 417
24 892
4 456
17 688
18 368
26 669
0 603
20 260
1 811
16 349
24 979
23 673
26 358
18 468
2 761
11 942
8 402
12 295
13 520
28 427
26 985
25 873
1 768
3 696
19 420
19 461
27 667
8 322
0 607
17 266
24 716
4 652
1 358
11 741
17 540
12 367
16 906
13 799
3 780
9 304
20 338
13 933
19 470
14 378
15 630
17 204
2 448
21 216
16 389
23 409
24 252
3 542
25 849
21 512
21 265
21 959
6 859
8 803
13 503
15 287
13 359
27 957
20 803
18 579
9 997
19 416
21 657
2 477
14 824
8 930
27 868
19 704
13 857
11 732
9 564
17 871
21 670
9 884
17 568
7 868
9 511
1 623
23 390
6 284
12 833
18 494
2 244
26 291
29 928
8 754
13 686
12 442
17 683
5 288
22 720
18 338
26 501
18 878
21 799
25 486
26 396
10 781
18 238
8 583
25 427
28 461
29 647
4 503
9 437
3 452
13 739
21 507
20 312
10 404
10 239
29 360
3 228
15 456
22 226
2 455
18 386
22 907
29 592
0 797
0 868
26 387
29 512
24 614
20 706
17 833
8 337
22 851
29 235
19 909
23 345
20 348
20 841
20 979
28 285
18 876
21 734
9 383
9 411
1 216
26 907
17 999
4 423
20 691
27 602
7 977
9 448
17 203
8 370
23 637
9 299
21 688
11 680
14 249
17 248
11 943
20 749
21 986
1 910
17 792
24 319
7 711
22 256
9 974
22 301
26 946
28 618
12 448
22 329
24 431
23 449
12 886
5 871
5 413
2 912
16 738
20 695
26 578
1 557
4 266
15 737
0 414
3 594
28 820
7 979
25 645
4 448
2 313
23 218
26 204
23 875
11 792
15 896
2 394
24 919
12 620
17 750
11 770
11 788
7 922
6 793
19 888
26 874
24 343
15 939
25 931
25 709
26 815
12 345
12 969
17 219
15 349
15 331
8 915
4 825
11 959
6 501
24 803
24 331
27 387
15 568
29 393
5 785
25 969
2 969
28 858
20 986
23 606
4 562
0 871
19 405
26 781
3 755
2 533
16 245
8 773
8 577
19 668
1 790
14 284
12 416
24 798
12 401
12 756
22 326
16 267
13 863
17 517
21 615
17 378
29 707
7 665
25 692
6 520
29 352
21 694
19 706
9 901
9 756
27 237
12 385
18 291
17 301
1 690
8 968
3 777
0 281
13 916
19 848
26 345
15 807
3 662
19 837
0 297
24 247
1 344
5 402
9 833
25 966
29 581
0 872
15 212
18 783
3 610
21 279
23 622
8 982
6 997
8 281
7 916
7 551
3 885
7 439
23 397
19 320
23 643
21 607
17 518
7 945
7 839
9 664
13 306
25 657
5 554
13 385
21 716
18 621
10 387
20 821
28 231
26 711
8 319
1 853
7 550
10 584
27 567
21 310
25 904
3 649
11 550
0 831
16 220
18 485
11 553
21 500
22 862
5 986
20 704
7 776
6 911
12 484
27 626
29 737
12 950
7 521
4 998
5 215
11 335
11 542
22 544
14 555
17 336
16 597
3 600
29 214
0 814
13 887
14 678
1 918
3 275
1 910
12 485
1 367
2 369
19 417
