2000
22 684
11 687
24 556
26 807
22 348
1 497
5 700
1 592
2 977
25 281
16 346
15 472
17 931
7 258
16 411
15 657
8 833
25 343
16 473
0 320
18 640
16 461
27 494
23 998
29 243
12 701
20 474
27 406
12 207
7 234
28 344
18 613
3 211
13 670
26 478
8 499
12 933
14 917
14 413
29 509
18 475
4 975
2 565
24 445
14 416
23 722
15 389
9 980
17 227
15 484
21 853
1 528
28 707
7 529
17 302
3 440
22 800
26 330
15 767
5 268
1 443
16 392
9 567
20 879
21 848
6 925
6 966
17 739
14 373
29 273
10 410
5 917
19 675
16 461
8 354
29 711
19 723
20 528
13 659
2 905
22 444
15 769
6 834
23 380
13 877
18 584
19 773
9 743
5 506
22 323
13 526
11 809
26 912
6 238
21 492
2 638
7 946
17 567
25 629
24 233
16 736
23 400
13 754
15 903
5 477
5 422
25 313
8 547
26 927
3 847
19 598
13 903
7 256
10 218
7 203
13 622
7 307
24 659
22 994
3 791
14 272
1 541
15 373
9 782
16 550
1 835
25 657
6 417
15 613
11 476
18 922
21 824
14 350
9 930
3 589
29 522
24 942
28 803
4 835
26 350
10 833
12 610
5 393
2 426
10 281
22 861
25 286
3 397
11 577
22 974
17 625
0 897
1 729
29 477
22 468
5 688
18 786
16 524
3 340
6 341
1 479
2 271
11 694
27 252
27 833
1 446
28 538
23 415
13 850
17 453
28 239
3 928
11 367
19 739
9 752
2 678
8 822
13 862
27 989
11 925
24 927
22 929
19 800
4 631
2 277
5 263
6 284
17 962
21 695
29 857
17 519
18 388
12 596
1 844
9 795
29 570
26 798
23 524
10 325
11 502
5 432
25 287
6 610
6 732
2 999
6 383
28 551
0 733
1 429
16 887
20 683
1 862
15 423
22 912
11 410
18 556
8 603
17 758
3 448
12 721
27 255
8 471
6 687
21 332
20 493
1 719
17 722
18 552
15 611
1 264
12 388
3 318
11 480
8 688
17 908
28 466
25 256
25 628
2 537
28 456
2 775
5 530
17 355
1 986
2 430
4 766
26 427
0 365
24 491
6 309
5 440
27 254
4 901
20 589
27 325
25 330
0 480
11 425
16 949
9 961
18 677
22 859
21 785
28 883
0 811
18 429
10 307
0 776
10 482
7 903
12 691
25 240
17 980
0 778
7 598
8 654
8 647
8 321
16 287
18 747
3 628
2 656
22 853
1 831
29 332
7 753
27 497
18 979
26 514
26 919
18 408
3 255
6 596
17 981
17 851
11 262
8 279
16 819
21 840
1 735
11 262
29 922
17 956
2 964
2 333
20 631
11 939
21 937
11 678
1 265
5 939
20 460
7 452
25 908
3 408
8 652
16 875
23 481
18 595
16 453
16 236
5 228
12 960
13 510
20 571
2 361
4 527
2 282
0 493
27 823
17 586
22 315
12 582
4 295
20 371
3 386
5 468
4 317
6 939
1 407
10 940
19 614
4 451
10 910
4 218
2 928
19 379
6 228
26 640
26 846
5 651
4 403
16 261
16 241
24 350
17 293
2 333
21 798
9 703
28 900
26 581
17 399
13 237
23 906
16 724
17 425
7 473
7 588
10 466
27 568
26 909
13 496
8 701
2 880
12 404
4 929
5 942
8 778
17 758
26 654
25 573
28 728
12 562
10 416
11 922
26 318
18 577
8 247
18 661
17 973
16 819
22 218
12 941
5 277
11 415
5 754
25 443
25 939
7 466
14 714
22 637
20 603
2 667
2 900
14 258
29 639
18 823
19 504
4 537
0 453
5 435
10 411
16 539
19 531
4 452
9 485
29 671
27 909
17 477
2 372
19 695
26 301
7 722
8 979
14 775
24 246
20 846
29 676
11 835
25 764
0 613
0 385
6 751
2 341
20 643
14 676
26 621
27 559
26 855
26 955
11 791
20 230
5 551
9 280
23 472
3 275
26 948
14 779
29 325
19 640
9 770
0 657
13 965
11 692
17 852
27 433
2 253
25 463
14 859
29 486
9 608
14 969
17 716
22 748
16 466
13 949
3 684
14 672
12 421
25 359
8 296
10 205
14 756
15 993
29 831
14 524
16 965
29 215
16 472
0 501
28 771
9 528
14 332
22 968
28 670
3 447
20 727
28 456
7 487
25 787
3 305
29 926
22 402
5 415
24 947
23 266
1 404
4 415
22 799
6 378
16 531
28 820
3 795
23 904
27 340
10 596
15 944
22 590
5 659
0 589
26 890
11 250
28 212
24 867
27 726
4 915
4 340
23 473
3 461
14 453
3 895
4 957
12 374
6 705
19 286
26 836
27 512
21 648
27 288
10 393
26 952
1 938
27 382
17 456
21 701
24 360
27 506
24 679
19 745
13 712
25 938
12 319
11 386
9 963
5 895
22 865
13 453
5 897
1 956
12 671
2 741
8 656
29 399
11 949
11 809
23 355
7 824
26 777
13 809
13 470
9 993
0 514
21 520
17 637
14 640
6 299
1 539
14 326
5 267
22 858
18 929
2 290
9 264
21 970
24 711
28 903
12 575
11 588
18 475
13 733
11 605
13 496
12 535
12 428
8 660
28 727
8 890
29 689
13 980
7 853
10 912
3 958
21 369
4 429
10 591
18 673
21 860
17 698
13 796
26 593
5 310
8 707
5 205
25 636
17 357
17 993
26 502
13 462
16 933
8 748
1 720
3 942
8 880
17 328
9 613
20 589
19 823
13 999
28 432
17 513
1 299
28 556
25 756
1 707
29 517
0 352
22 745
23 917
23 846
13 429
0 300
28 941
7 480
3 920
1 915
4 258
14 268
16 661
2 608
9 415
25 483
9 822
24 792
23 341
11 207
1 613
23 249
23 690
29 909
24 801
15 267
12 204
15 401
5 582
22 451
11 795
13 669
19 223
11 215
20 542
28 400
12 996
0 843
29 719
23 1000
18 939
6 659
24 293
4 449
19 696
22 575
16 646
27 861
20 730
6 878
5 767
10 212
25 641
1 893
0 632
22 936
14 249
3 826
17 965
4 202
22 895
16 660
0 865
19 526
4 733
4 851
0 943
6 905
23 391
19 873
14 231
18 321
7 390
27 576
20 381
20 285
29 366
24 807
7 474
12 237
0 957
17 305
6 725
17 337
9 914
6 469
15 462
23 522
19 356
25 505
0 882
10 595
1 386
16 584
3 373
4 844
21 665
23 395
27 800
15 926
26 766
10 437
19 960
7 378
25 261
22 418
29 677
25 235
7 787
6 424
4 465
5 878
29 949
21 705
15 380
23 451
7 997
13 442
16 853
7 706
0 937
4 341
25 801
24 616
9 918
15 911
14 900
29 425
15 457
9 686
15 648
9 503
20 327
3 950
16 257
6 228
4 321
7 388
12 933
1 310
6 265
2 524
15 623
2 363
14 256
1 529
16 999
18 789
0 331
12 391
14 570
26 289
4 229
10 738
19 844
17 279
11 575
19 924
4 616
12 364
24 349
24 701
13 704
4 518
22 257
0 638
10 736
18 1000
23 475
27 932
26 528
24 541
12 209
27 547
15 652
1 875
16 839
20 987
11 840
6 379
9 947
20 516
16 719
9 910
14 275
24 803
10 561
24 413
18 250
13 865
13 809
19 416
24 278
2 911
1 744
20 364
23 854
29 774
7 216
28 636
4 573
13 298
16 744
29 902
2 385
22 219
3 438
9 980
17 803
13 825
9 290
26 535
2 250
17 314
3 890
0 978
8 448
15 479
23 682
2 858
8 469
29 992
6 234
14 550
18 792
26 240
7 680
7 469
5 954
11 665
11 956
9 780
9 957
26 748
8 629
27 455
14 726
27 577
18 964
21 328
25 658
4 739
4 290
5 320
22 304
12 908
29 206
20 815
1 498
26 388
19 311
8 434
25 782
1 398
10 624
12 659
16 497
10 638
10 979
9 694
7 898
24 702
12 589
15 753
18 794
29 711
16 882
21 472
4 212
14 976
6 325
14 968
27 243
3 791
2 323
23 895
29 643
18 749
27 737
11 726
14 299
12 582
14 982
19 341
7 453
24 589
7 690
24 863
8 493
0 608
24 658
21 463
3 256
16 470
18 828
7 703
24 697
27 424
14 259
27 550
26 457
13 473
6 754
7 989
29 686
14 607
28 654
4 340
26 824
5 353
13 491
7 997
28 566
12 574
14 698
19 204
22 744
20 980
16 479
15 690
21 744
24 744
19 435
15 796
6 568
20 277
8 495
14 710
28 350
21 474
20 391
20 237
0 757
29 346
16 998
20 842
26 932
5 675
3 365
4 466
29 562
8 375
11 695
18 769
25 674
0 808
25 794
25 808
19 627
24 958
24 968
23 873
26 557
5 720
20 526
17 750
25 906
25 610
20 644
12 719
5 580
11 229
21 368
3 988
29 944
23 851
29 740
14 741
15 375
14 593
6 604
24 916
25 892
20 716
12 337
8 575
7 418
22 456
25 755
15 326
15 508
5 294
10 282
5 759
26 910
1 207
15 489
12 744
6 690
17 836
22 494
28 594
3 503
24 403
4 391
11 822
23 854
28 238
15 957
13 595
26 761
8 400
13 382
12 698
24 394
11 781
26 550
18 411
6 583
23 354
25 828
2 571
7 956
5 260
14 577
23 471
0 869
17 267
4 206
23 358
7 783
14 213
25 260
0 314
25 956
20 582
13 418
14 824
22 268
27 739
8 937
18 934
25 623
16 683
9 868
16 661
21 475
10 706
18 573
3 978
26 963
17 980
15 272
20 261
12 606
5 380
7 320
8 250
23 475
10 333
19 973
4 307
5 699
12 294
23 848
12 516
24 859
1 410
5 459
15 413
14 948
27 863
17 993
5 952
20 693
9 481
20 936
21 660
11 777
18 224
2 489
22 875
1 339
10 590
21 737
0 872
9 234
15 951
14 402
24 227
25 510
7 515
26 350
1 308
21 794
17 426
20 376
23 647
17 501
9 907
22 240
25 784
29 254
29 565
3 745
20 521
1 508
10 469
18 291
29 438
7 496
15 651
1 665
12 753
9 541
4 242
9 798
3 476
9 358
7 725
14 478
24 321
3 404
9 649
26 723
26 894
12 683
9 211
6 216
19 546
20 842
15 995
12 376
13 658
6 270
29 855
29 382
3 397
27 829
1 413
4 398
18 776
12 313
23 756
8 625
24 608
28 448
21 643
1 638
7 945
3 617
17 214
7 310
24 750
1 396
5 886
0 922
16 680
19 472
8 898
25 336
3 709
25 243
13 889
20 975
7 348
23 281
25 772
0 464
14 904
21 504
6 733
17 212
22 222
2 754
9 297
13 520
28 900
12 837
0 510
7 796
1 702
24 929
3 804
26 888
20 548
5 805
14 344
6 871
19 667
29 806
11 562
11 728
11 695
5 760
9 805
12 537
13 663
5 977
8 679
2 800
11 296
25 240
15 718
5 518
20 292
20 510
27 908
6 803
16 345
28 557
6 975
27 961
17 372
1 762
13 364
14 823
10 592
22 969
8 477
19 381
12 736
12 801
11 298
14 568
23 289
21 955
13 261
21 259
24 528
8 201
13 746
7 769
18 483
4 711
17 959
12 598
13 804
26 851
0 389
11 439
13 312
4 538
9 416
6 493
29 804
22 902
27 707
19 230
4 331
9 994
17 826
25 312
5 398
16 509
6 549
2 422
25 849
13 372
25 846
0 441
0 905
25 227
25 402
26 222
13 644
7 485
24 789
25 819
1 470
7 542
2 522
16 923
2 496
24 858
9 774
2 256
11 832
18 918
27 245
10 740
26 825
18 380
5 966
7 388
16 671
13 292
14 812
1 785
19 953
9 575
29 412
3 690
3 225
27 959
27 278
4 778
21 598
16 260
19 998
7 839
28 712
17 437
16 253
0 334
3 707
15 272
17 891
2 779
27 608
0 714
25 647
22 982
17 342
29 644
20 462
9 401
27 694
28 991
4 649
28 260
19 715
12 974
23 831
9 462
4 737
28 932
3 422
7 671
25 946
24 240
2 897
6 572
21 952
23 478
11 772
10 689
0 856
6 211
23 540
20 515
28 298
2 791
18 420
21 605
17 309
25 973
20 420
16 898
5 696
17 542
13 486
13 791
11 324
8 727
4 603
10 330
18 379
24 954
9 894
19 572
4 808
14 262
19 574
13 378
10 863
3 319
21 962
21 506
23 544
1 665
22 258
27 980
28 651
20 987
13 627
21 425
26 546
7 568
16 943
28 298
17 940
13 261
29 798
3 953
6 775
23 448
7 870
11 256
29 887
3 933
15 335
0 915
19 988
23 287
5 739
1 725
27 690
11 536
4 955
16 943
27 479
1 450
5 621
5 251
16 839
1 910
19 938
3 266
22 585
18 980
23 400
27 442
2 992
26 922
23 321
16 904
0 594
9 425
20 913
25 439
6 789
8 702
19 468
26 352
26 404
21 572
23 966
17 333
29 790
6 309
13 829
8 806
27 409
8 231
6 461
26 700
11 596
10 311
7 660
27 882
15 982
27 371
23 629
11 513
4 905
13 598
3 357
23 554
3 676
25 598
1 371
0 671
20 346
10 290
11 613
18 299
14 453
28 446
28 341
12 377
18 505
1 961
10 395
2 934
2 467
11 863
17 490
1 608
20 856
26 852
25 839
3 730
26 949
26 726
1 853
7 758
26 270
18 823
13 835
5 213
29 851
24 655
13 641
20 219
18 256
26 930
5 502
26 347
22 864
13 487
25 218
12 268
28 360
6 881
24 542
14 468
23 211
1 857
5 600
15 401
25 280
13 653
2 260
9 683
25 833
14 881
19 434
1 590
18 872
24 784
18 598
25 327
23 516
19 867
22 654
20 849
3 815
13 221
21 565
23 511
21 749
9 550
18 549
19 728
6 824
1 440
19 320
15 569
14 498
15 510
2 813
0 314
11 249
22 439
0 945
28 738
13 450
25 704
23 859
27 925
20 314
17 522
11 890
14 478
17 882
8 259
6 537
2 276
24 628
22 994
28 437
11 665
8 346
7 457
14 473
5 419
21 882
12 377
25 233
7 418
9 830
18 291
15 772
1 567
17 490
2 310
1 232
11 369
19 344
23 897
17 783
10 708
3 863
26 570
4 784
26 633
20 521
18 676
13 657
21 753
8 440
28 605
1 876
28 802
2 824
8 404
24 705
20 266
12 217
20 785
22 803
16 634
26 986
6 971
11 228
8 392
22 550
13 286
2 571
13 956
21 824
16 319
25 477
16 399
5 978
6 820
2 635
24 772
8 365
11 760
22 703
23 837
19 362
19 263
14 328
1 273
20 679
24 744
19 689
10 234
27 704
17 727
3 705
9 579
7 548
18 483
24 896
21 767
17 583
9 460
1 763
2 975
26 280
15 243
11 736
10 351
29 379
7 513
14 669
27 754
14 363
21 887
21 463
0 641
19 751
21 979
26 889
6 439
7 429
16 873
5 952
18 242
15 927
19 465
22 746
21 305
12 368
12 943
25 215
0 622
21 521
24 833
9 876
28 880
5 714
15 637
26 332
9 229
25 849
18 261
16 340
20 427
11 795
8 961
7 883
14 758
7 652
11 596
14 469
9 826
15 574
2 611
3 872
19 620
0 475
27 799
11 321
5 888
10 277
25 723
0 723
18 967
10 618
15 744
0 295
20 464
10 823
4 344
24 815
27 276
20 318
3 779
16 355
2 266
27 998
28 276
20 270
1 347
1 943
13 405
13 388
6 843
18 400
23 353
29 577
15 600
21 215
9 515
2 845
22 463
17 565
11 811
0 435
16 344
29 431
27 804
14 710
21 561
10 709
6 298
14 805
6 756
2 704
22 266
10 485
9 258
12 860
7 822
15 456
19 790
2 311
8 299
13 707
8 288
24 312
18 651
6 613
16 649
17 234
3 294
14 909
17 230
10 275
21 436
23 882
2 289
20 224
5 570
7 265
24 552
19 935
18 427
10 240
20 494
3 579
5 360
0 248
12 683
17 695
15 850
16 749
23 484
12 266
26 456
26 424
8 337
27 653
17 970
8 763
26 550
26 772
3 919
12 884
1 558
4 438
4 240
28 999
1 557
19 871
10 685
25 812
26 204
24 358
0 857
8 302
18 760
9 681
24 793
27 589
2 600
13 617
5 223
27 424
0 388
27 976
24 870
29 863
7 697
27 814
4 926
27 624
15 921
1 962
24 254
28 914
2 382
14 462
28 808
25 588
7 260
11 899
27 249
5 692
10 277
23 471
0 906
15 780
9 699
14 711
23 842
14 456
7 783
10 794
14 472
25 586
23 918
0 531
10 694
27 967
4 407
20 940
9 564
17 669
5 968
6 668
10 478
20 772
25 360
8 634
28 975
26 334
8 977
17 299
17 584
21 573
10 870
12 506
1 200
4 298
13 398
5 514
1 778
10 764
2 655
11 866
17 600
2 429
6 591
26 861
11 991
12 469
29 710
16 512
22 241
11 277
11 843
21 766
23 248
11 241
21 871
5 980
23 849
26 982
17 744
29 282
0 298
12 725
6 312
29 986
20 987
3 568
13 680
21 892
20 915
2 335
12 856
9 831
2 629
24 371
17 585
8 511
13 874
5 211
29 278
25 621
21 221
12 702
2 288
2 256
23 233
27 925
6 457
9 448
19 524
6 789
1 624
27 877
15 497
15 885
16 896
29 510
27 225
11 321
26 258
27 776
3 829
4 980
26 972
24 962
20 960
19 631
26 408
4 835
27 280
23 263
24 844
6 832
3 886
19 561
26 507
16 250
12 455
2 401
6 615
14 603
25 530
25 488
11 928
26 747
14 242
12 888
4 910
2 291
14 673
0 771
10 858
12 919
13 607
6 592
6 471
24 818
21 901
3 865
26 900
9 638
20 800
28 635
1 956
11 370
19 233
20 859
17 773
6 800
22 328
12 671
1 241
10 709
1 847
8 483
27 990
24 734
29 453
4 323
6 909
