2000
9 316
4 424
18 307
5 362
29 262
12 741
27 429
1 696
5 996
23 212
26 710
15 930
28 853
27 903
27 850
9 274
15 500
2 880
5 814
27 400
5 477
8 618
9 687
22 253
6 323
3 359
4 539
19 229
20 205
22 678
15 915
20 648
29 726
17 235
13 737
13 911
27 511
24 851
18 588
21 385
25 292
23 249
4 770
1 583
9 946
25 330
25 478
2 733
1 707
26 520
0 270
29 825
22 928
11 310
15 813
7 266
18 905
2 279
16 393
21 552
2 466
23 613
15 251
11 345
21 376
16 981
14 335
11 918
15 864
2 659
6 584
9 753
24 524
27 681
7 828
10 491
12 472
10 817
0 684
21 361
7 407
10 972
19 452
5 427
5 318
15 787
21 271
11 206
23 268
13 612
27 525
10 845
8 277
17 315
15 999
1 925
22 965
11 922
7 630
23 936
4 923
27 201
5 373
26 437
11 913
19 659
7 351
4 228
19 316
10 215
18 933
0 736
23 789
26 909
8 352
4 474
2 762
20 431
12 428
28 814
9 791
20 502
7 529
16 823
5 728
14 604
24 642
16 411
17 827
1 890
21 817
9 483
0 418
23 888
23 888
1 493
23 845
24 296
17 345
0 960
21 666
22 525
22 557
1 358
18 771
7 730
26 885
18 290
20 349
25 780
23 320
5 972
10 446
1 678
1 500
11 986
28 377
24 565
4 637
22 361
21 430
18 204
26 611
14 575
11 353
8 729
9 860
12 304
6 204
12 389
24 994
15 921
11 305
29 634
11 940
5 984
2 777
26 455
22 560
0 754
24 540
3 225
25 838
3 232
24 341
9 427
25 297
3 873
23 910
24 258
5 335
27 591
21 545
27 273
11 868
6 912
8 449
10 360
2 808
22 371
25 872
9 638
15 921
16 451
10 250
13 412
5 375
8 495
5 922
4 804
4 238
3 673
20 885
3 366
25 368
28 859
2 822
1 600
3 594
13 575
5 997
26 983
16 979
26 820
6 899
10 464
19 296
4 292
16 842
0 790
20 746
10 486
6 305
13 831
4 895
3 693
25 561
8 666
6 538
24 757
13 466
9 797
14 916
28 380
6 265
21 750
0 226
14 718
17 346
16 350
29 803
26 282
23 598
15 562
12 438
13 434
28 746
26 230
21 628
23 278
26 553
26 241
26 621
1 331
20 613
25 994
25 839
8 729
20 796
5 496
10 764
11 620
2 395
28 285
21 447
13 526
23 554
1 531
29 275
3 438
10 832
20 747
29 825
11 318
25 936
9 1000
7 554
23 591
5 385
1 514
24 315
20 666
12 813
3 776
17 688
24 384
10 323
8 434
0 796
7 919
1 683
3 404
6 421
13 538
1 325
22 374
10 961
7 724
23 341
10 436
20 403
29 644
5 323
28 738
1 395
19 957
19 801
7 434
22 464
27 389
19 764
18 388
8 757
2 579
11 397
8 538
12 470
2 586
10 696
17 308
27 568
2 730
6 608
4 423
6 514
25 493
20 335
16 374
12 273
2 690
19 480
27 482
23 433
26 772
15 990
4 831
26 526
29 738
14 623
14 465
24 867
18 418
20 931
3 515
14 791
10 569
0 762
14 689
6 284
4 776
24 441
7 441
11 476
2 720
21 869
11 512
1 842
10 453
18 808
9 752
16 306
27 255
13 975
3 237
0 918
8 465
7 246
1 908
1 660
15 687
24 593
16 418
22 936
15 882
2 671
4 686
17 934
25 794
28 439
1 644
4 252
12 961
11 692
5 901
12 928
26 511
26 710
13 525
20 956
28 649
15 638
14 240
16 726
13 748
5 869
18 697
25 590
22 720
19 223
25 314
26 899
15 254
11 846
8 893
25 553
5 563
10 515
4 518
27 963
10 886
22 360
6 505
27 336
15 755
10 607
29 670
29 798
28 620
16 318
25 809
6 363
23 589
15 848
15 931
11 658
15 812
26 694
3 297
24 570
16 466
15 785
12 213
3 803
23 966
28 533
19 815
21 685
20 739
7 634
5 353
18 677
27 730
24 871
24 918
23 661
2 702
17 726
15 733
26 252
27 223
8 502
21 993
13 359
25 242
20 629
26 776
4 456
22 659
20 975
20 451
0 217
9 747
24 764
18 967
12 937
3 470
9 859
21 914
0 399
6 756
15 705
11 999
26 204
26 321
27 753
14 964
3 314
20 243
18 336
26 587
0 540
1 242
20 488
19 415
12 990
12 676
22 281
14 339
16 351
2 772
12 916
14 502
6 323
7 917
3 793
22 356
8 404
7 648
21 621
19 492
23 937
29 495
14 634
1 900
26 913
12 884
21 619
11 834
22 855
19 662
6 261
9 243
15 823
27 937
12 790
27 426
20 773
22 639
24 340
18 959
16 489
18 843
5 587
3 442
8 389
22 879
13 241
5 338
3 745
16 345
10 819
25 450
6 261
25 389
3 987
6 807
22 466
7 275
16 689
20 915
13 322
18 956
3 235
4 727
19 256
12 419
10 240
8 602
3 808
9 598
28 358
21 418
7 281
5 967
16 253
7 901
28 998
14 623
3 597
7 712
7 745
23 931
4 437
5 751
3 943
10 295
13 287
7 545
23 655
10 573
26 572
26 285
13 813
20 826
8 500
1 771
20 729
24 637
17 700
1 604
13 983
22 573
8 300
27 449
29 621
22 616
9 608
13 437
1 812
10 859
6 276
15 240
10 656
29 712
25 629
11 675
24 548
20 945
25 948
4 694
28 503
7 822
8 747
18 907
1 762
25 847
11 531
17 560
25 387
5 290
7 576
7 230
29 978
2 841
17 327
17 794
14 996
24 778
6 389
22 897
7 351
29 513
1 490
4 962
2 905
18 227
2 730
11 899
29 593
23 612
23 525
10 364
1 281
5 990
6 372
3 326
21 287
9 255
20 440
2 703
22 217
20 623
14 230
19 758
14 658
23 667
17 820
23 717
10 547
10 757
28 235
2 594
3 381
28 903
0 265
18 692
23 847
3 599
1 312
20 476
17 287
4 260
23 498
19 854
22 230
13 543
28 692
9 877
0 548
26 452
1 317
9 296
5 938
0 305
12 835
13 234
28 625
22 787
26 786
11 822
19 323
10 623
26 734
27 358
9 679
19 646
13 603
8 706
13 949
12 997
5 840
28 926
25 948
5 301
24 486
4 616
7 565
26 434
20 768
5 458
8 500
6 929
16 846
8 481
6 716
21 441
9 691
17 698
13 903
28 708
4 813
2 386
7 217
11 753
16 982
16 871
11 321
6 672
5 1000
18 958
3 734
28 868
12 605
23 311
21 917
5 557
4 269
21 394
1 500
28 996
2 351
8 742
15 680
22 542
29 919
25 341
28 997
14 499
22 381
8 457
17 453
19 788
24 265
18 958
11 980
7 292
19 897
25 804
18 309
12 309
3 584
1 422
26 474
1 584
19 968
8 764
17 655
0 754
24 811
11 412
2 715
25 736
8 581
13 496
17 962
0 861
18 897
17 297
7 659
24 265
19 498
25 976
9 401
19 287
14 634
6 354
24 581
5 903
0 818
14 762
14 382
25 757
27 683
24 309
11 387
5 644
6 861
8 410
26 974
25 424
6 476
4 775
4 978
13 253
17 599
2 588
16 255
11 415
21 875
12 692
16 693
21 591
18 707
16 901
19 564
12 568
4 880
15 1000
0 662
15 818
22 966
22 897
2 802
13 249
21 225
0 547
2 811
4 672
17 660
17 644
6 541
8 675
2 447
5 892
3 429
10 634
15 358
3 525
26 605
9 606
8 328
26 796
8 816
20 762
21 667
8 393
18 910
21 517
23 312
17 602
1 512
18 364
11 275
19 382
5 824
28 676
5 476
0 408
1 491
21 555
26 583
11 355
14 705
8 265
4 857
8 550
2 464
5 462
10 314
29 498
10 358
24 899
2 847
21 538
6 222
18 977
12 505
5 944
0 895
12 868
15 358
21 573
11 678
28 994
16 332
28 276
14 497
1 950
16 752
0 268
17 683
17 619
28 936
5 393
29 875
27 654
13 723
1 251
26 861
19 760
20 605
27 639
23 531
16 214
17 687
15 933
27 215
9 855
7 516
11 247
15 574
24 444
25 728
29 966
13 579
12 891
25 439
20 622
9 964
2 457
5 526
16 627
8 530
1 452
9 432
19 738
21 910
21 310
13 648
28 468
28 653
25 468
8 366
11 731
1 397
15 684
21 724
13 532
5 421
3 356
4 555
25 853
18 448
26 401
8 856
26 580
23 940
13 485
14 542
13 826
29 944
22 987
5 815
26 763
24 243
21 285
10 853
23 930
0 863
5 394
11 927
28 766
10 780
1 880
8 504
27 579
27 586
29 344
16 768
10 383
7 847
5 984
3 589
5 693
11 587
25 807
17 467
21 555
28 587
9 539
11 819
7 668
17 743
12 336
19 528
23 260
11 270
6 295
19 328
10 514
27 418
7 439
4 679
6 780
18 765
4 695
18 263
18 414
16 854
18 841
12 943
25 852
26 646
17 504
9 994
4 673
15 361
0 228
29 236
17 532
15 398
7 648
19 900
1 537
23 404
14 608
14 844
21 940
2 433
13 695
27 616
26 317
12 229
5 534
15 767
0 409
8 745
21 440
2 281
14 946
21 810
12 412
1 729
17 333
5 884
24 348
15 266
28 529
0 642
26 332
9 393
23 799
8 820
27 921
13 220
12 586
13 496
29 398
12 852
13 496
13 611
16 260
5 972
2 536
11 720
6 295
2 260
28 956
13 820
22 414
14 801
6 764
4 997
17 524
29 922
8 333
22 442
20 277
27 760
16 910
22 504
17 414
14 806
22 275
19 705
10 852
5 301
1 730
29 987
12 975
3 218
23 278
6 553
3 872
15 490
11 745
10 275
23 920
4 954
23 844
17 568
29 696
28 478
8 429
21 246
5 256
24 615
4 511
7 901
2 279
12 559
28 628
25 554
19 689
18 622
0 924
2 661
20 557
24 242
11 354
4 244
25 383
6 976
14 756
27 381
18 377
1 467
22 230
19 803
26 771
18 979
13 783
22 984
19 647
0 372
23 334
7 699
14 711
28 787
7 399
10 465
21 799
25 476
21 479
2 750
24 368
20 799
23 270
20 918
17 305
19 979
20 506
29 966
25 867
24 349
21 955
19 927
26 704
16 981
3 591
21 908
19 493
25 947
1 592
8 397
0 307
26 705
25 835
15 459
15 825
15 837
25 401
3 321
25 540
23 567
4 975
27 912
17 417
0 929
27 668
16 740
3 625
26 575
17 823
5 715
21 659
24 620
16 820
5 319
3 762
23 259
15 551
15 850
4 562
6 762
4 238
28 232
1 720
7 276
24 737
10 550
13 410
5 314
26 823
7 345
18 890
15 644
11 442
27 815
5 917
26 738
5 287
18 528
22 645
0 446
26 843
13 882
5 286
29 474
15 731
19 790
10 978
28 543
16 871
6 466
4 904
14 854
6 733
20 979
13 499
21 718
29 723
23 296
6 821
25 452
13 693
6 331
1 394
26 222
27 986
27 739
19 730
19 367
1 597
25 281
15 358
18 764
10 756
15 579
22 708
24 1000
12 585
5 813
10 569
22 562
18 806
3 953
1 686
24 419
28 355
21 399
0 614
25 398
27 988
2 510
5 219
14 413
15 690
0 819
6 388
27 907
13 993
6 495
3 510
15 843
18 482
27 676
2 552
18 426
26 468
15 430
4 754
16 408
3 316
27 822
10 826
20 297
10 972
7 271
8 242
28 759
18 790
2 626
17 234
4 704
5 443
2 870
6 604
1 593
28 762
12 927
21 750
8 532
18 404
19 693
26 338
9 301
26 383
6 881
29 869
26 489
5 402
5 220
11 400
13 342
25 496
3 266
14 295
24 688
8 446
16 958
6 497
10 361
20 545
7 208
16 262
15 595
1 501
22 379
5 868
9 770
6 839
24 548
20 522
15 216
24 430
17 289
19 774
26 862
1 961
28 989
13 614
28 846
13 933
29 602
9 586
5 346
10 991
29 755
25 896
1 290
17 206
17 782
12 999
6 493
9 838
28 680
28 246
27 350
13 669
22 396
21 333
28 540
4 454
13 764
0 578
16 276
12 503
25 327
0 372
19 843
22 247
14 967
8 587
24 809
8 953
9 711
17 836
21 590
24 289
19 390
7 743
26 263
16 662
25 518
14 981
19 741
25 752
26 383
17 469
6 633
11 978
11 354
7 321
6 312
1 217
15 294
0 858
1 884
12 238
13 996
9 538
6 816
14 724
29 545
24 627
6 337
28 928
6 613
7 516
4 380
12 223
0 239
19 845
18 395
16 508
5 274
13 302
29 410
3 440
14 297
17 961
25 457
4 800
29 934
19 492
14 328
2 538
18 305
10 592
15 800
16 553
15 466
17 794
24 892
6 606
19 774
11 918
0 974
9 642
26 868
24 642
2 311
28 244
3 457
10 227
10 842
18 415
14 605
2 573
16 669
26 996
14 820
0 377
5 945
17 546
15 400
1 415
10 614
19 332
0 419
4 511
13 648
4 713
18 300
12 930
9 460
2 815
14 838
18 230
9 299
5 482
18 532
0 852
15 537
17 223
2 672
3 718
14 582
14 251
22 301
17 849
12 233
21 363
9 841
8 442
22 729
2 268
22 362
20 702
18 984
8 694
9 902
5 244
24 328
29 913
10 261
24 536
9 244
13 875
20 460
8 568
26 911
16 542
13 961
27 275
4 747
6 686
2 776
28 855
29 392
16 845
6 647
12 268
23 452
6 342
25 530
0 932
16 749
28 207
23 735
22 735
7 432
9 663
7 841
20 615
8 661
13 265
3 398
6 927
5 706
4 758
6 999
6 748
10 821
19 316
10 913
4 564
3 743
16 441
27 889
8 668
29 447
26 623
2 635
21 216
23 690
11 934
27 417
22 479
7 319
11 215
0 364
9 263
15 857
15 512
12 547
9 985
19 986
11 523
6 653
22 389
27 855
7 249
26 297
19 676
27 860
5 639
20 294
16 877
5 387
12 934
3 447
5 637
29 780
18 335
23 957
12 662
5 408
28 810
2 743
10 429
10 929
24 911
28 849
26 994
26 707
13 548
1 422
28 243
0 627
6 243
18 755
7 864
27 241
12 792
14 282
25 256
12 409
26 691
17 392
2 941
20 235
19 731
1 767
28 504
24 484
19 325
7 951
0 234
24 492
28 550
22 339
26 490
10 792
16 913
24 668
13 751
5 502
10 533
23 233
26 907
3 632
11 295
6 772
8 335
20 533
5 377
15 491
24 210
15 491
28 380
29 626
2 520
29 919
1 422
10 915
11 201
19 960
28 636
26 790
3 453
6 384
17 601
13 388
15 444
6 682
14 897
22 488
16 640
18 776
13 779
20 863
7 519
4 458
11 286
26 450
11 713
21 587
4 770
4 339
0 663
14 268
1 406
15 989
7 936
26 665
26 431
3 392
5 338
16 633
10 266
9 349
14 352
21 241
16 710
14 378
25 421
17 327
5 551
24 233
13 362
6 580
19 852
18 620
29 267
20 965
13 575
22 512
6 919
26 201
1 901
14 467
13 425
28 507
3 354
1 771
5 334
9 924
15 317
14 886
25 342
13 265
6 547
10 383
0 875
3 313
10 373
25 904
7 842
29 485
6 937
12 265
0 671
7 618
9 996
2 279
5 318
22 312
4 689
5 492
13 886
24 564
15 662
6 441
24 905
16 583
22 980
13 719
15 748
24 818
9 607
19 844
19 413
13 889
10 987
14 625
12 201
27 464
19 335
9 461
1 613
7 985
28 206
9 262
0 979
3 394
4 834
23 315
8 626
22 707
9 666
3 532
24 550
16 418
7 856
8 605
12 955
17 983
27 441
26 753
17 275
21 228
9 730
7 600
4 775
25 579
14 377
1 341
12 903
6 204
28 447
12 353
4 665
26 259
27 853
2 545
5 942
21 582
22 649
24 570
4 549
15 327
29 829
9 970
24 584
28 875
24 317
1 861
22 995
28 200
16 471
23 596
11 779
8 882
0 201
29 307
27 340
10 999
6 427
25 664
24 221
27 953
24 239
13 458
22 853
13 973
10 401
19 977
19 521
4 272
28 333
7 557
26 524
19 966
12 725
19 884
1 815
0 490
11 832
13 826
11 541
29 560
16 292
1 750
8 228
7 363
5 222
7 272
26 339
16 800
29 431
20 938
9 253
19 626
4 974
20 601
14 281
16 353
19 704
3 623
2 567
24 210
20 997
8 209
17 269
17 898
11 685
9 499
15 788
11 871
29 731
29 413
2 695
22 374
13 623
25 651
1 956
15 328
17 877
1 827
18 941
16 907
10 654
17 706
1 672
17 529
1 887
13 502
0 383
21 291
9 617
23 905
20 559
5 949
4 710
12 856
29 480
3 321
4 302
13 270
20 538
29 754
24 794
6 392
29 810
18 318
25 458
12 822
4 907
4 840
12 339
5 249
14 544
23 729
17 816
22 795
5 923
6 509
26 560
3 258
15 487
4 261
24 476
20 235
20 749
26 963
14 299
23 341
15 517
8 255
14 227
16 319
28 844
27 592
13 506
0 705
26 351
3 684
27 858
9 813
13 278
29 661
11 964
21 661
9 797
20 283
18 369
28 693
15 635
16 646
24 487
18 847
12 322
16 308
24 611
5 812
15 831
4 736
1 660
1 582
17 862
3 465
21 751
25 780
17 210
6 527
20 742
4 871
20 312
19 263
20 524
17 711
7 803
0 257
7 854
23 899
7 295
2 557
5 567
7 958
7 835
5 714
21 216
26 366
5 329
28 419
21 362
21 565
5 998
8 220
17 541
13 209
7 838
13 814
9 705
12 746
20 299
27 972
28 884
15 318
20 515
8 435
26 947
26 583
19 426
24 759
0 629
5 851
6 522
10 750
24 259
29 911
28 810
21 857
25 648
27 387
18 918
2 239
9 885
20 647
22 983
3 794
16 757
20 282
18 248
26 970
19 303
17 214
18 452
