2000
5 843
24 999
22 330
28 852
29 670
19 374
26 774
14 744
0 790
18 557
26 526
24 389
5 603
23 248
25 367
15 926
29 287
9 706
3 389
28 681
2 785
25 295
25 248
9 551
11 517
23 287
3 405
28 734
7 376
6 582
22 753
12 616
5 597
20 920
15 876
25 813
19 535
0 807
7 424
13 362
15 253
27 953
1 879
6 219
17 232
25 524
26 883
26 585
10 485
9 904
27 591
27 286
18 558
29 711
1 982
2 392
7 681
4 973
3 482
1 831
18 552
2 469
19 881
18 460
20 220
26 965
2 789
21 796
2 402
15 999
18 757
7 771
11 294
5 408
3 847
6 936
19 570
4 998
23 452
0 312
20 522
19 397
25 563
20 258
11 927
22 737
28 743
25 745
27 938
18 924
26 754
3 490
9 410
2 354
0 756
7 874
25 988
18 789
14 544
8 710
0 611
13 418
14 464
0 492
29 305
7 824
13 809
24 965
11 400
2 458
19 459
18 568
20 564
14 280
9 924
22 389
21 498
21 696
26 413
21 632
3 424
15 650
14 244
0 702
22 960
24 346
16 456
14 311
19 584
24 574
21 296
20 303
15 345
1 479
11 576
6 637
5 293
12 752
19 694
1 433
9 439
25 449
1 601
28 487
2 305
0 658
28 510
4 341
4 563
5 798
12 489
5 766
4 958
11 921
24 768
13 587
22 279
19 573
7 973
22 626
18 660
18 210
29 506
19 952
23 285
14 681
5 599
16 437
19 755
24 797
4 233
3 780
22 384
15 406
20 361
28 693
1 373
20 660
11 791
22 211
3 681
13 295
10 569
9 849
20 550
23 694
21 776
0 307
20 405
6 362
18 736
21 390
24 761
28 969
14 523
5 680
17 828
18 662
7 504
23 465
17 790
8 620
24 508
10 999
27 662
8 530
12 428
8 381
25 723
22 781
12 786
16 687
12 979
21 863
6 701
23 654
18 894
4 353
25 592
0 331
1 649
24 353
22 852
15 346
26 871
24 855
10 994
18 378
21 692
17 608
5 532
6 528
0 247
18 966
28 881
6 949
19 599
13 293
15 562
17 222
12 664
7 542
15 404
4 393
24 709
28 731
16 503
2 661
24 209
27 971
26 542
11 346
20 574
2 632
0 791
5 291
14 926
23 310
25 923
8 454
24 671
21 263
27 420
5 814
4 912
6 358
16 528
0 957
0 578
26 534
7 324
7 987
19 416
3 227
12 641
7 351
17 898
6 531
7 359
17 804
28 624
1 878
7 460
6 378
20 907
7 607
9 437
22 748
28 329
7 554
7 967
16 268
15 834
8 452
26 632
15 599
24 542
27 332
22 447
23 548
4 255
7 619
23 823
25 874
22 463
10 680
9 810
8 900
6 918
29 650
16 611
8 732
29 591
22 890
2 380
9 367
2 249
8 738
12 690
9 629
0 244
10 676
0 764
12 255
24 376
4 792
0 787
22 904
4 371
11 708
5 219
22 628
27 669
26 963
7 514
19 250
18 670
21 534
14 772
29 383
14 504
28 897
7 526
3 740
2 530
8 993
22 516
27 677
28 976
29 796
14 892
8 600
1 273
1 622
8 989
0 712
21 676
18 554
20 235
9 361
7 601
21 927
5 895
8 664
10 671
25 453
3 574
8 992
0 829
16 204
16 791
15 819
23 657
28 392
3 812
11 688
27 362
5 234
18 437
12 296
17 831
12 577
3 766
7 394
18 833
22 401
7 570
25 719
14 816
4 681
9 942
0 448
10 471
17 825
12 295
13 552
21 738
24 542
16 776
17 845
3 531
12 318
7 254
7 748
1 952
6 496
12 984
16 220
21 953
26 252
15 449
1 365
5 873
12 822
26 872
14 830
17 916
2 506
11 201
10 572
15 674
26 205
27 349
10 475
24 753
7 605
14 832
11 612
26 326
18 999
7 989
23 473
27 886
8 786
8 246
21 532
18 751
12 578
15 392
12 757
2 360
15 401
12 960
7 291
9 558
21 957
25 460
22 581
13 244
2 544
8 932
19 752
10 423
17 740
2 721
22 238
15 656
11 618
19 877
24 720
15 258
18 944
26 350
3 815
17 626
4 316
7 916
26 432
11 989
18 571
16 677
22 260
2 226
1 279
9 334
13 630
22 774
8 261
22 413
4 816
8 234
26 687
9 896
26 659
24 490
12 397
10 793
1 280
9 332
21 680
23 500
21 932
0 601
8 474
24 940
4 264
0 474
23 718
26 822
13 531
0 453
21 874
17 751
29 586
6 275
9 682
2 655
16 441
5 552
21 789
18 871
24 764
16 595
24 991
6 342
19 599
10 305
28 613
26 531
28 656
9 602
24 559
18 399
16 462
26 352
1 414
4 397
9 848
19 618
29 969
18 561
27 262
25 472
10 592
23 943
1 877
17 308
7 495
25 519
3 534
6 357
5 485
2 467
28 970
24 547
21 336
6 329
0 423
2 244
13 368
9 867
10 790
25 661
14 366
28 623
2 318
2 676
12 302
1 224
17 785
19 968
26 321
4 931
12 984
20 675
21 502
11 666
13 700
29 997
22 636
18 283
28 864
0 536
24 363
15 397
18 365
3 546
22 663
13 857
28 734
10 607
2 513
0 751
15 479
25 460
15 561
11 669
26 583
0 432
22 779
17 305
10 551
28 552
29 460
8 864
7 689
3 831
26 246
4 444
9 685
14 488
29 290
0 591
13 853
11 599
9 945
8 952
11 732
10 471
26 499
29 628
13 671
17 443
17 674
7 394
19 380
4 637
26 501
1 410
22 316
15 624
21 387
6 391
12 373
0 560
15 600
15 375
27 401
8 485
12 470
26 354
21 735
22 262
4 426
15 687
17 548
29 397
27 873
8 958
18 381
22 540
28 568
10 650
5 290
9 626
15 914
13 591
9 683
27 441
27 460
21 733
0 924
17 517
8 423
13 526
29 707
6 600
3 243
28 936
4 621
7 856
10 979
3 412
1 766
8 645
24 887
8 239
27 336
0 463
21 788
3 263
0 289
17 585
12 222
7 334
29 432
5 253
7 983
8 716
3 932
18 384
26 725
9 378
19 622
1 690
12 529
0 791
14 623
14 933
17 879
19 503
28 595
0 388
1 520
5 685
6 408
5 871
20 999
10 230
7 855
24 816
16 794
7 433
25 208
26 619
2 378
15 636
24 210
16 966
29 384
16 450
26 949
17 321
18 924
21 393
15 209
15 265
5 309
6 200
15 741
23 757
8 222
16 665
24 645
27 824
12 552
25 557
14 814
1 981
1 424
23 699
13 956
11 473
10 260
5 337
14 632
18 959
11 507
9 432
20 942
25 534
22 384
17 919
11 376
2 816
10 911
5 569
17 516
3 944
27 277
5 414
23 548
4 580
26 530
17 367
7 661
0 655
19 939
27 431
27 857
21 742
16 964
7 507
17 246
18 863
26 460
5 925
17 304
2 287
23 685
6 946
5 542
7 532
16 725
22 528
12 814
26 461
23 511
17 371
19 818
2 876
8 448
22 470
4 862
4 324
29 919
17 249
12 234
13 584
7 746
20 884
5 387
13 264
6 687
19 697
26 963
29 904
18 223
14 356
4 339
14 871
11 903
24 534
10 796
27 915
9 845
0 213
5 222
11 574
28 879
17 357
6 651
22 390
8 509
24 944
24 381
5 387
16 620
18 640
27 779
6 742
11 647
27 343
29 635
29 522
16 901
17 951
5 467
3 911
29 330
29 479
1 395
18 266
10 224
19 529
7 283
2 878
23 921
3 214
3 510
29 295
14 318
14 250
21 859
14 382
17 836
7 595
3 480
20 759
22 731
12 664
16 640
23 474
26 248
4 924
10 219
24 476
22 704
9 534
26 973
23 707
25 760
22 587
2 963
14 702
29 358
24 201
0 685
0 334
19 884
11 973
19 407
17 633
2 480
10 791
13 514
28 599
4 761
6 424
8 745
10 204
16 523
18 259
19 835
21 750
19 918
8 620
24 950
16 966
28 334
18 643
21 634
13 311
9 886
10 499
22 266
10 868
26 872
18 231
14 817
26 358
11 502
29 406
7 408
18 270
22 297
27 547
22 644
14 567
29 459
18 313
17 693
3 569
6 320
14 201
24 328
15 714
5 901
0 553
12 218
9 697
11 829
4 508
24 385
22 614
9 533
4 677
14 820
15 347
27 313
10 969
3 234
10 632
9 969
24 769
28 638
28 972
17 238
19 911
16 998
23 912
9 239
25 278
23 950
25 793
26 385
11 929
29 670
18 710
4 615
4 300
12 480
27 898
24 913
2 634
7 418
11 581
18 216
12 413
17 463
21 274
10 545
10 516
8 868
22 804
1 952
17 921
2 883
0 505
25 201
25 528
13 934
13 377
12 290
3 508
2 352
1 732
21 847
13 369
0 218
25 916
12 555
22 941
23 226
18 200
4 670
25 223
0 949
20 572
6 561
24 308
21 506
23 351
4 534
2 211
4 849
1 853
20 793
25 523
20 736
14 252
26 524
13 509
6 740
19 397
19 323
18 818
21 218
20 760
16 829
8 538
7 770
27 874
5 659
18 320
18 870
2 907
17 323
13 219
4 536
23 593
6 962
21 590
6 998
17 344
0 526
1 801
25 331
23 480
18 963
15 619
12 643
26 317
10 385
12 323
14 933
15 647
25 258
5 677
21 958
21 244
7 861
12 790
21 560
7 462
0 931
28 331
18 375
0 799
17 230
22 838
13 535
20 797
9 916
29 910
2 839
24 515
12 620
5 713
22 724
6 340
21 968
12 612
3 685
24 953
9 477
10 498
25 812
0 494
17 723
21 749
8 863
20 653
15 817
4 865
22 728
28 279
5 368
13 306
3 471
10 858
28 591
12 626
9 476
24 653
17 796
9 807
21 244
4 547
26 709
24 919
28 201
24 398
13 570
26 676
13 600
12 855
21 721
3 292
21 756
4 291
8 813
15 976
4 410
0 663
17 639
20 691
19 460
7 663
14 690
10 521
22 270
24 884
14 903
29 917
13 296
16 323
15 423
24 639
19 744
3 638
4 585
6 889
24 715
4 268
12 859
28 473
2 879
23 683
27 589
10 626
4 830
19 715
0 417
15 559
12 232
14 371
4 377
18 824
20 307
1 562
18 508
13 856
9 669
12 945
27 994
22 991
6 629
4 606
8 473
0 541
6 500
26 557
9 211
11 960
18 568
23 621
13 587
22 839
21 849
15 774
19 616
22 655
21 747
24 366
10 320
2 668
10 257
7 663
10 833
11 313
26 215
26 370
23 633
20 335
20 378
19 263
15 897
23 531
5 319
20 922
4 817
21 308
12 353
4 464
3 234
0 398
15 697
19 779
16 404
10 509
10 829
3 870
29 601
15 937
24 390
3 220
6 648
17 366
22 305
0 209
4 846
20 994
15 342
4 686
11 290
2 746
10 522
10 654
16 230
23 464
20 680
10 470
15 910
3 244
27 895
24 803
21 383
2 929
15 869
29 629
8 518
28 969
9 376
20 451
23 343
7 921
16 331
7 590
21 423
9 394
5 628
5 243
16 278
16 446
24 858
9 412
9 539
2 686
13 251
0 352
6 850
20 263
8 746
8 775
21 701
2 296
28 492
8 894
21 759
29 616
11 506
2 251
2 928
28 789
13 987
0 336
12 580
23 416
5 226
26 826
10 516
28 226
0 502
21 571
9 204
28 663
6 967
28 566
28 368
4 218
22 718
12 963
26 836
21 323
11 786
2 514
3 409
20 445
11 712
13 219
5 572
25 901
22 909
27 662
0 823
20 416
16 945
23 235
22 698
26 525
29 612
24 849
5 823
1 497
15 965
16 335
20 565
12 404
21 331
28 784
18 849
13 913
13 569
8 878
4 264
10 566
15 494
16 653
7 865
18 513
26 315
1 866
15 597
7 279
24 250
3 637
5 640
22 869
5 326
20 303
29 694
5 728
15 261
1 774
16 993
10 346
7 768
9 745
8 677
8 569
24 637
28 523
27 439
5 907
3 971
17 961
3 668
19 666
0 509
7 463
17 566
4 260
9 597
11 369
20 918
11 428
11 643
28 737
24 240
29 322
6 771
28 217
7 371
28 751
5 978
13 616
22 633
29 744
11 584
3 485
21 482
7 473
12 952
16 369
0 569
4 872
23 338
20 917
7 950
13 398
12 831
13 955
20 329
25 448
19 290
19 454
7 305
26 975
6 348
10 770
0 392
24 378
27 571
0 507
23 259
9 888
13 258
3 452
28 870
26 334
14 749
15 842
20 461
20 706
12 234
2 482
16 432
10 220
6 648
20 745
26 462
25 479
22 366
16 521
11 475
6 908
18 387
28 576
13 457
27 424
11 389
2 693
4 566
9 519
21 404
18 907
17 835
18 784
28 774
15 678
4 311
16 953
6 824
6 801
9 845
9 764
16 473
16 421
6 905
15 778
1 344
2 621
6 257
1 200
5 828
23 518
0 717
0 405
24 283
4 949
10 731
8 829
2 620
9 674
19 963
17 542
23 727
24 909
20 567
28 909
23 650
9 487
12 676
9 834
7 357
14 931
11 417
29 980
18 891
0 406
14 619
13 631
16 234
14 341
10 459
16 400
13 900
0 960
10 399
13 864
18 531
2 320
10 254
23 380
29 662
0 610
20 748
9 229
11 743
21 223
8 787
4 880
20 468
29 418
1 406
19 381
10 346
15 372
10 376
0 253
21 582
19 281
28 543
4 925
16 467
8 225
15 790
13 757
3 263
16 360
7 372
6 929
26 446
21 541
20 831
27 398
3 680
22 670
0 978
10 384
11 382
19 554
21 560
20 398
10 438
21 972
29 571
20 954
4 269
24 713
22 697
14 361
18 836
13 453
4 403
6 914
27 475
1 499
18 405
25 889
7 457
26 241
7 701
23 210
29 960
12 483
5 545
21 547
0 947
23 928
28 632
21 468
9 295
27 439
16 949
11 534
28 605
27 737
24 203
10 634
22 327
8 517
27 953
18 934
12 653
24 576
18 382
25 943
20 481
2 939
23 963
29 231
11 536
6 993
13 808
4 968
6 584
26 578
29 908
6 398
19 249
11 639
5 541
1 893
17 718
2 268
11 571
10 417
2 440
20 214
6 412
15 865
17 368
23 952
16 721
20 200
21 758
13 849
9 366
2 350
15 643
10 639
13 204
8 404
13 304
12 883
16 216
16 314
24 646
7 536
26 662
6 978
7 249
8 850
8 822
4 245
4 894
22 314
24 939
29 752
12 281
12 821
1 966
18 466
0 831
14 726
9 322
8 289
8 495
15 454
15 967
13 508
17 572
2 819
29 933
19 566
24 359
17 690
29 523
28 272
5 530
12 574
11 791
0 283
14 999
1 425
1 883
20 647
0 504
22 868
17 388
17 396
4 232
10 898
20 528
5 821
23 842
28 507
2 824
4 620
14 941
2 382
24 611
3 557
0 584
0 355
27 585
8 916
28 325
21 407
6 732
10 442
18 664
24 525
23 539
14 898
23 499
17 831
12 636
2 590
12 625
2 801
13 453
16 772
25 390
18 268
5 774
2 291
24 949
17 452
18 804
11 825
28 608
5 916
10 903
29 794
9 671
15 755
23 488
9 651
17 814
6 460
15 919
8 764
11 282
16 754
21 244
7 981
29 717
28 643
29 765
27 855
24 739
2 836
14 968
6 423
19 588
7 690
20 373
12 834
12 699
7 590
4 252
3 791
22 918
1 652
18 498
9 421
6 264
8 674
24 579
18 950
9 423
1 637
20 418
8 964
17 938
7 828
1 888
27 702
22 510
12 465
27 288
2 375
14 565
24 533
5 514
23 879
16 550
15 850
28 969
21 708
5 659
14 753
0 655
27 336
4 763
19 559
24 973
20 348
9 452
5 954
19 319
21 494
5 795
10 986
12 690
17 778
3 867
29 943
26 402
24 553
1 307
29 813
5 286
23 448
0 270
23 798
21 363
14 231
3 543
16 810
19 963
13 801
13 911
19 508
5 806
25 542
5 458
6 544
15 355
18 463
6 972
16 945
23 727
1 978
4 590
18 686
15 896
19 918
5 991
27 927
17 686
8 213
8 590
21 563
26 392
24 779
16 726
18 520
8 477
4 971
19 421
21 885
18 807
13 212
17 670
19 438
20 437
29 942
5 510
14 743
12 994
26 846
1 584
0 869
16 488
11 717
3 214
20 898
1 449
12 684
13 293
1 276
14 265
14 792
19 456
14 455
20 356
0 481
12 357
14 637
18 519
18 562
3 876
13 744
1 293
1 346
27 292
0 406
7 631
26 636
15 431
25 588
9 972
26 509
16 712
14 662
8 707
0 465
6 246
12 499
23 239
11 786
21 436
15 206
23 538
9 551
28 346
5 620
15 676
21 330
4 740
15 977
13 447
12 963
18 511
24 357
25 916
5 952
18 533
11 685
2 924
8 236
6 679
18 711
14 821
14 329
0 838
19 817
7 205
14 231
27 588
18 401
12 844
19 444
10 369
25 360
3 306
19 830
25 719
5 869
1 419
7 751
9 317
8 445
28 406
25 384
17 321
15 533
22 260
8 640
13 541
5 332
5 613
25 345
16 355
2 767
27 776
18 541
29 580
28 971
27 906
16 642
28 408
20 542
21 222
1 752
5 947
0 738
15 403
21 212
0 388
8 433
4 223
11 305
24 298
28 619
10 386
8 914
16 916
6 821
26 408
12 350
24 395
5 636
24 776
15 298
14 285
14 999
17 477
20 715
13 576
23 498
25 361
8 785
16 785
19 598
2 597
5 277
10 916
21 337
5 303
21 912
10 600
4 237
17 368
23 946
2 711
8 962
7 816
29 423
6 774
2 635
25 311
8 786
8 379
23 213
4 250
8 250
12 977
18 216
26 606
8 661
28 999
11 821
22 408
11 327
18 380
12 832
6 995
7 609
11 816
4 620
6 393
26 370
25 631
22 255
7 819
26 565
15 692
25 385
18 705
16 976
1 246
10 975
22 355
29 261
14 354
