2000
4 363
17 269
28 580
14 555
29 916
0 406
13 804
29 770
8 577
1 850
25 910
18 819
22 838
20 966
22 715
18 581
13 294
12 405
2 269
18 538
16 336
16 337
0 585
28 980
6 710
23 633
25 981
12 621
17 289
4 220
29 507
13 298
15 323
17 862
8 485
27 980
1 599
7 777
4 390
3 378
12 377
5 742
3 393
3 283
8 567
3 662
10 333
27 557
10 339
7 621
1 985
28 353
4 683
9 643
9 308
9 944
3 722
29 393
21 970
6 352
18 621
25 699
3 984
17 507
6 491
23 473
12 709
23 881
25 379
9 827
0 568
17 858
26 881
14 688
24 714
21 939
5 994
22 449
29 509
21 491
17 586
17 613
1 982
17 761
19 764
9 994
17 668
10 742
23 253
24 237
7 809
24 913
22 320
16 354
11 262
19 449
17 650
19 369
12 881
11 816
22 914
16 957
26 753
5 728
15 970
22 251
15 386
9 282
29 824
22 433
15 348
13 818
28 628
29 458
20 660
16 660
9 688
14 712
0 482
25 260
10 762
11 608
13 720
19 941
23 800
24 415
11 890
7 400
4 770
5 903
20 286
17 356
23 485
24 288
2 683
24 987
12 300
29 698
3 834
1 394
8 445
2 733
2 806
0 907
21 968
29 550
4 554
13 475
4 261
5 736
15 666
2 297
10 298
8 958
29 810
9 400
27 920
14 378
25 285
24 220
2 983
4 404
8 562
27 689
29 757
4 948
5 305
3 556
17 574
19 945
13 940
25 940
1 337
0 541
22 626
22 463
24 505
8 909
0 742
5 526
24 609
24 746
13 323
23 803
27 667
2 645
29 342
9 824
17 691
15 269
18 467
22 606
13 419
11 727
27 909
7 730
16 675
11 573
7 901
28 948
19 921
15 646
2 780
28 765
12 413
7 927
13 555
1 407
7 759
14 999
17 277
8 462
12 508
5 351
1 950
6 842
14 945
7 763
20 333
24 562
13 283
22 625
20 453
5 649
16 435
13 546
19 373
28 308
18 980
25 252
21 248
26 657
10 647
2 533
12 342
4 712
25 601
2 723
11 734
6 588
9 368
19 462
0 901
20 511
25 899
13 232
21 679
27 398
16 895
22 913
1 721
17 817
22 332
14 772
20 830
14 301
17 976
12 483
2 355
18 347
16 849
28 432
2 655
12 495
1 587
13 669
1 681
6 882
11 500
15 665
29 743
4 633
9 930
20 730
1 257
18 215
15 660
11 217
20 418
3 315
25 721
14 616
23 677
2 249
13 997
14 264
27 822
21 365
25 879
16 881
14 630
25 297
5 590
24 435
24 435
2 286
12 328
20 452
11 420
5 637
4 311
14 952
8 568
26 581
27 958
22 564
18 291
21 570
20 899
21 450
0 543
8 566
16 694
6 400
24 403
14 527
1 807
11 719
15 850
22 762
16 427
7 875
7 553
20 734
7 776
12 893
27 801
8 349
9 569
2 546
13 521
5 680
14 885
14 440
10 950
8 754
7 668
1 862
18 667
1 235
23 527
21 880
29 754
13 350
3 747
21 618
13 579
21 363
2 410
10 611
11 364
13 583
27 450
17 476
17 360
23 271
16 929
7 651
19 258
12 999
11 699
1 435
3 651
13 397
5 580
7 820
12 337
29 816
19 632
23 822
10 482
1 790
20 737
8 607
29 974
6 484
15 593
1 708
12 488
24 916
5 825
3 860
2 618
4 603
3 897
5 485
29 850
27 360
2 806
17 423
25 829
19 821
19 249
21 805
0 731
0 694
12 895
21 435
0 318
8 204
17 906
1 772
26 291
25 509
27 272
21 471
13 448
24 665
22 959
26 509
3 464
19 371
15 966
22 930
26 661
10 885
6 472
23 467
15 578
19 669
4 526
12 560
15 363
20 743
10 419
25 860
12 672
11 645
15 642
6 466
6 416
17 365
21 340
16 552
11 727
12 815
8 820
26 760
20 387
16 254
17 881
19 572
26 562
21 285
7 625
17 306
1 374
29 223
26 600
28 631
26 930
7 881
6 622
20 556
6 266
18 849
14 990
6 589
1 830
29 345
20 778
23 408
3 613
21 975
27 419
20 306
28 769
1 917
10 973
29 544
4 568
13 629
6 976
16 884
12 504
2 749
29 989
19 228
11 329
6 975
14 368
21 948
25 674
17 920
25 602
17 384
4 822
15 686
20 621
1 864
0 676
3 769
14 511
5 339
5 837
4 508
16 380
22 644
19 889
24 659
29 356
21 570
6 320
24 904
11 213
26 296
13 971
14 521
25 769
12 706
25 601
24 453
28 715
25 693
11 329
20 784
14 909
12 477
24 456
22 452
16 576
21 994
22 925
2 531
20 985
21 689
24 965
5 936
12 875
26 334
14 832
6 357
15 351
12 235
2 788
10 796
1 820
9 521
26 282
13 767
11 712
27 316
6 760
15 238
29 392
10 456
24 894
8 760
0 505
26 951
22 677
9 228
3 815
8 855
15 455
10 503
9 502
15 839
3 230
11 801
5 640
24 808
1 903
29 909
2 332
15 397
26 714
16 828
23 708
4 771
4 207
17 850
8 697
26 738
19 931
5 416
24 351
25 599
20 310
3 374
20 751
15 648
20 497
8 846
15 420
10 645
24 729
23 327
23 830
16 260
1 340
21 691
6 294
0 626
2 968
0 683
17 624
17 243
0 602
14 588
4 388
21 533
10 814
16 307
18 936
19 445
29 819
15 750
12 265
21 703
25 922
4 487
12 402
20 665
10 864
24 895
4 445
2 616
6 512
24 802
26 522
14 593
1 457
29 640
17 622
25 826
19 964
26 966
24 785
1 929
21 732
8 475
6 580
15 810
13 372
11 977
2 726
28 212
21 615
26 516
4 658
25 562
17 516
1 234
19 424
13 942
0 517
22 719
20 728
12 215
7 984
19 621
16 790
18 717
24 326
1 516
21 554
24 463
1 483
29 716
18 778
13 817
26 605
15 634
14 952
1 754
25 602
22 609
21 706
26 539
16 980
27 323
3 924
11 952
29 657
17 742
12 854
1 645
18 616
7 546
14 546
11 640
0 333
8 897
14 367
15 668
28 448
2 870
10 969
22 730
12 986
29 521
4 212
16 634
28 675
18 816
14 373
27 735
6 857
16 262
11 564
23 870
21 317
12 599
18 310
28 546
7 444
22 963
19 517
0 515
2 293
10 563
15 271
9 461
18 880
27 499
0 957
1 867
21 326
16 404
10 891
23 871
15 778
9 288
10 300
0 406
13 525
23 745
17 353
6 632
20 858
0 822
9 673
0 766
26 894
25 601
17 1000
18 813
18 545
11 584
1 261
1 906
0 939
20 765
6 983
4 936
3 264
28 733
7 503
5 511
25 642
29 330
26 804
1 589
5 809
5 655
6 882
0 997
7 631
0 254
16 990
22 996
18 858
23 945
8 667
11 793
8 764
10 227
17 705
18 609
27 324
18 547
26 205
22 944
9 580
14 557
1 246
10 591
13 548
3 282
21 917
21 755
29 462
23 553
22 309
18 524
11 867
15 438
25 491
22 302
12 394
15 623
29 655
25 593
14 906
25 584
23 970
29 464
12 249
2 603
15 507
0 822
7 721
3 694
16 379
16 235
12 614
11 798
20 738
15 574
26 661
19 649
17 335
8 996
22 915
13 894
4 789
4 851
13 216
28 442
16 795
4 688
25 307
17 568
3 714
21 952
3 884
22 696
16 300
13 634
20 834
24 858
24 506
3 794
26 853
24 276
8 319
11 311
28 629
3 395
3 719
0 473
27 443
1 635
28 929
22 469
18 679
18 406
19 428
28 267
21 685
27 539
0 496
29 871
27 660
17 489
18 229
6 325
8 637
11 430
1 507
9 471
24 590
16 669
29 457
2 718
29 607
12 699
1 297
16 352
9 211
1 405
4 279
28 238
3 690
25 564
6 204
21 982
25 533
9 397
17 681
17 427
4 727
21 929
3 444
9 745
23 875
18 532
8 870
28 400
22 483
25 500
13 631
10 974
25 848
27 740
23 756
2 979
28 716
0 483
16 518
28 946
2 253
17 325
8 568
16 547
21 705
2 921
16 228
29 349
11 943
1 382
19 877
17 923
1 442
22 891
7 211
11 281
14 744
3 463
18 279
4 307
11 320
16 549
6 694
29 285
8 502
4 396
15 714
21 647
9 490
26 433
23 469
8 983
22 546
8 719
26 516
24 944
27 536
18 585
3 697
14 696
15 959
11 979
1 375
27 350
27 651
17 404
28 769
29 802
6 449
7 357
23 525
29 476
7 469
13 375
19 368
23 753
8 861
27 946
27 731
22 872
14 863
28 328
23 907
27 325
2 746
29 670
19 349
2 629
18 476
18 404
10 206
28 796
16 269
4 624
27 940
16 895
24 465
3 443
28 909
29 623
11 732
23 856
20 493
8 807
12 417
11 502
0 756
27 606
16 364
24 511
8 714
27 417
17 728
15 274
26 948
7 675
1 224
19 526
11 536
24 403
13 225
5 874
23 660
28 600
14 670
0 484
28 978
1 305
7 850
15 214
13 635
11 571
24 320
26 446
18 409
26 417
19 879
1 511
7 785
2 316
19 970
14 231
24 660
16 465
28 405
4 466
21 661
10 645
21 645
3 325
24 582
27 936
19 237
2 407
1 495
4 798
6 830
13 335
18 328
8 515
4 997
26 459
11 804
24 524
12 208
3 291
7 712
19 276
0 354
9 600
18 863
27 236
1 505
27 964
0 289
27 897
15 886
1 987
3 255
29 487
12 942
11 942
12 617
12 616
6 448
6 389
20 330
4 653
9 843
18 336
1 874
24 925
7 330
0 881
27 721
23 921
7 857
2 698
29 990
20 934
28 858
7 778
3 749
7 224
22 669
4 730
29 278
5 865
16 865
18 688
22 941
24 947
12 830
16 829
9 772
6 982
22 346
10 693
4 979
4 537
24 248
4 846
28 613
3 676
16 860
26 815
23 682
24 591
4 671
7 654
1 521
4 433
7 997
14 589
14 773
9 705
12 745
28 209
27 975
9 560
18 227
6 805
10 915
5 238
11 350
15 612
8 423
21 894
25 980
8 514
0 365
12 888
6 884
17 442
14 853
22 346
7 268
4 758
14 357
11 437
17 947
20 573
1 210
18 683
20 345
7 950
0 423
28 868
18 489
22 550
13 324
0 497
1 951
22 466
26 673
6 865
22 247
15 724
0 203
4 780
13 334
27 847
22 210
10 529
3 366
12 368
22 276
6 792
14 370
10 920
1 773
3 493
15 759
15 844
19 282
28 684
25 527
7 799
1 709
25 923
27 391
14 822
11 520
1 951
8 777
22 276
2 652
15 276
8 723
22 897
13 795
26 449
28 665
20 655
12 475
14 483
17 362
9 441
4 761
19 665
17 532
7 971
22 749
20 953
28 218
27 973
10 263
28 529
11 661
0 927
9 943
9 363
4 826
4 524
7 272
25 546
1 283
12 436
5 250
3 477
16 708
10 281
1 981
7 384
21 378
25 907
27 629
24 933
15 695
2 553
3 866
5 352
25 522
9 685
0 880
16 388
21 828
11 797
29 860
26 551
10 933
5 307
28 226
1 642
1 272
17 972
18 530
28 769
17 489
7 488
15 608
20 390
4 434
7 950
19 690
20 570
18 526
4 593
3 435
1 327
11 797
20 845
14 655
16 417
17 388
3 828
0 574
3 769
4 787
20 348
19 614
1 523
23 280
25 278
3 224
14 685
15 262
15 715
11 825
28 572
11 650
5 753
19 272
14 393
18 552
7 260
12 257
1 272
24 835
28 357
28 390
7 491
0 295
21 558
2 992
26 736
18 401
17 594
9 536
22 793
3 317
17 575
29 255
13 761
16 205
8 666
29 824
22 880
10 884
15 312
10 410
6 340
6 493
13 868
4 403
7 268
17 297
14 756
0 976
13 266
29 796
9 340
3 835
0 516
7 836
20 597
16 318
4 494
15 211
15 836
6 231
29 742
12 933
15 290
22 487
20 560
21 382
6 341
19 551
3 238
23 811
15 934
24 694
14 611
1 224
2 895
20 740
20 673
22 500
20 292
4 866
25 633
25 610
14 831
5 321
10 481
24 365
15 410
28 630
15 517
22 522
25 573
7 899
6 782
16 895
27 814
23 929
23 525
11 460
9 540
29 307
19 798
25 795
26 747
24 827
29 821
5 754
2 496
11 427
22 595
23 551
0 316
14 927
1 706
3 344
29 684
14 806
3 569
25 923
26 463
3 254
9 626
14 780
20 473
13 798
19 265
9 526
14 744
15 766
8 649
1 604
11 673
7 218
1 365
27 646
8 545
28 605
25 927
14 755
6 503
2 953
5 880
5 803
2 624
17 297
25 892
15 279
28 401
25 981
20 788
22 495
7 810
23 399
1 473
27 944
8 645
18 635
13 205
1 507
0 211
14 744
9 854
14 791
21 859
28 729
23 925
25 916
21 549
18 396
3 912
17 580
6 619
15 979
14 683
21 589
14 853
26 693
24 619
1 849
14 603
9 838
20 280
19 409
28 966
8 672
3 388
22 359
15 532
17 787
7 814
21 787
19 636
4 944
19 563
23 807
2 959
28 229
10 638
26 524
4 479
15 312
11 251
21 661
2 335
25 597
29 473
1 338
29 592
16 439
13 893
6 678
4 642
10 514
15 478
20 602
10 720
24 962
25 728
21 859
26 374
0 380
1 647
8 259
16 992
10 866
0 777
13 278
14 895
17 592
8 528
0 321
12 777
16 451
10 763
14 863
11 535
7 216
23 486
8 774
15 767
22 576
22 816
14 905
9 814
28 615
29 934
4 279
9 361
28 540
18 255
23 205
13 371
24 670
19 934
26 206
1 303
9 641
26 956
9 821
27 646
27 397
17 609
18 627
12 958
7 372
18 515
25 716
9 470
20 585
14 432
6 205
13 234
7 799
11 358
18 874
13 890
17 607
26 385
26 938
20 975
3 987
1 746
6 450
0 353
8 950
10 364
5 731
4 770
29 801
2 863
14 970
4 409
1 670
2 660
19 788
16 844
7 958
22 545
21 334
18 362
27 916
7 289
24 613
2 471
5 299
18 351
20 552
21 615
2 369
18 286
20 378
5 271
27 673
3 417
19 944
7 694
9 381
10 926
3 895
21 768
14 552
23 668
9 607
9 282
5 229
18 504
15 231
26 958
21 472
24 393
4 980
6 734
13 943
8 430
26 238
3 578
25 807
1 614
14 512
3 490
6 841
15 806
16 954
24 473
2 431
5 994
5 977
27 687
11 262
4 360
12 815
27 877
14 993
15 274
28 969
3 461
27 473
20 940
26 276
12 481
27 550
6 479
2 247
10 602
7 429
10 897
11 407
15 985
20 523
18 977
10 200
11 680
16 479
5 226
16 745
27 737
9 909
2 779
14 425
6 956
29 709
8 809
28 889
27 427
6 548
11 621
27 815
3 657
22 303
24 767
11 209
11 870
24 308
23 968
28 399
22 743
12 671
6 802
9 667
14 804
24 638
1 764
14 570
29 650
27 588
23 986
1 228
28 349
24 439
16 711
1 219
22 822
3 892
23 744
24 643
17 360
19 852
29 922
6 527
25 275
10 885
3 809
15 563
19 568
1 747
4 409
7 208
26 807
0 888
7 935
15 389
4 414
11 960
9 883
20 750
1 642
26 725
7 871
16 538
20 923
21 884
14 819
22 867
15 538
27 934
22 725
2 938
15 374
28 724
9 831
25 993
13 982
0 929
8 679
14 446
3 536
4 418
2 301
11 243
13 894
20 594
1 288
5 509
29 568
16 463
7 396
2 924
8 838
16 258
14 373
11 893
6 682
0 390
24 778
19 487
2 464
21 373
12 318
14 390
28 962
27 801
22 373
1 373
20 485
12 731
22 767
1 450
28 586
2 722
10 760
9 435
0 582
25 457
21 690
14 706
7 472
13 916
5 433
21 809
23 855
13 238
2 754
25 673
2 761
3 586
6 499
2 375
28 840
18 487
20 852
7 425
21 281
17 389
15 930
11 923
10 296
28 809
7 930
13 579
11 349
13 513
0 850
24 599
4 864
2 503
17 790
4 831
16 296
6 596
0 918
2 676
12 214
3 293
8 369
12 746
13 432
15 219
2 322
16 695
16 446
26 218
22 260
11 529
0 835
12 391
8 974
2 671
23 644
22 256
10 476
1 681
27 892
4 921
13 820
6 746
14 229
28 871
26 745
28 579
7 793
14 376
19 261
10 864
19 327
11 656
3 442
4 529
1 802
26 481
4 703
28 585
21 631
25 636
5 881
28 808
20 358
2 429
19 803
5 844
3 735
27 583
21 629
27 545
23 559
12 933
16 404
20 542
7 715
2 752
11 432
22 640
29 833
1 585
12 850
27 334
7 897
25 888
23 802
1 415
20 934
22 831
11 539
22 643
10 680
24 975
2 701
16 237
11 486
21 676
9 467
17 518
5 452
5 726
6 338
10 899
17 713
14 916
7 777
7 596
2 224
5 644
12 326
15 489
24 453
10 670
5 714
15 664
29 389
23 608
8 962
6 946
27 930
23 216
24 409
4 541
5 370
17 398
6 767
21 816
27 777
15 443
0 362
29 685
14 538
24 952
15 842
24 661
28 711
8 357
3 851
28 992
16 553
24 634
27 939
21 574
11 980
15 324
6 910
20 403
28 291
24 758
6 904
22 773
22 240
3 327
24 418
12 263
3 561
23 425
22 982
20 367
6 954
24 784
8 982
25 658
25 376
11 804
29 591
28 666
27 813
19 839
15 339
29 824
18 591
7 632
6 715
6 671
24 451
14 305
18 545
20 343
14 476
10 343
21 999
17 201
27 892
14 986
27 292
24 275
26 615
27 413
19 389
13 954
20 799
1 717
14 684
11 965
0 679
8 660
24 240
10 898
8 860
10 792
23 362
2 465
19 365
29 612
24 954
23 552
14 251
9 312
21 493
13 995
1 934
15 854
3 421
8 945
19 403
