2000
12 898
13 452
21 365
10 780
16 513
19 773
26 323
19 482
25 370
13 308
2 504
25 505
15 624
26 308
17 871
6 709
13 592
14 703
29 475
16 350
29 472
13 585
13 700
22 551
26 495
27 732
25 660
16 394
5 447
14 951
20 648
5 996
15 302
27 979
21 623
9 573
17 273
11 486
4 808
28 511
21 993
13 446
4 321
21 213
17 627
8 779
13 974
1 582
22 846
20 344
14 309
10 447
3 255
24 223
25 861
1 992
25 597
0 837
15 279
28 604
16 383
29 507
12 322
10 414
13 637
15 841
16 554
25 915
20 591
21 330
15 284
5 548
20 581
3 368
15 909
4 805
28 891
11 457
26 953
6 372
7 431
8 819
12 583
2 469
17 935
6 869
10 468
18 833
3 959
20 465
23 565
27 912
13 256
20 795
0 406
22 862
25 447
28 747
20 503
28 793
20 569
23 485
14 296
26 888
15 259
10 254
6 389
17 330
16 601
2 248
22 573
5 897
18 543
20 293
16 619
0 435
23 596
28 227
23 595
15 229
11 617
25 231
9 572
16 564
13 607
4 235
24 478
18 577
6 917
17 764
17 703
21 899
20 542
23 922
4 536
17 600
8 986
6 722
29 541
10 459
22 387
8 511
13 352
28 709
11 977
18 927
26 298
4 342
21 562
26 414
13 680
22 884
27 418
10 797
23 226
3 858
21 961
8 954
18 819
24 900
25 960
14 622
12 946
24 251
19 924
6 910
26 430
29 700
2 878
25 903
29 919
7 885
0 767
29 929
23 270
26 312
5 713
3 950
17 277
20 832
10 982
14 366
15 459
20 626
25 709
25 474
21 826
23 402
17 620
7 232
3 907
10 559
16 930
25 586
26 218
15 506
26 912
18 495
22 383
17 255
19 888
8 713
23 766
2 612
17 391
5 569
0 891
5 906
6 623
26 355
28 692
8 740
28 691
8 944
24 933
16 837
5 903
29 456
3 700
4 302
8 464
27 435
12 727
4 726
1 985
9 811
10 705
12 204
17 700
0 725
0 579
5 474
13 420
25 593
11 717
20 404
6 234
6 706
20 899
14 892
12 806
29 971
1 200
13 200
6 240
1 792
5 310
11 724
12 220
13 329
0 432
23 342
26 280
18 802
16 399
6 750
9 550
17 523
5 895
5 951
9 522
1 808
20 274
24 960
6 478
3 839
24 846
17 871
29 603
28 766
13 543
13 224
1 535
16 927
18 626
14 246
14 945
20 245
5 625
2 500
21 869
22 970
18 344
9 550
4 483
27 663
21 580
5 286
19 448
6 428
29 669
1 990
14 696
11 942
28 491
4 258
15 767
18 897
17 244
12 218
6 542
2 749
27 788
8 719
24 500
0 574
1 277
12 938
14 803
27 404
13 899
10 610
0 202
27 917
18 994
1 718
5 270
28 674
19 839
16 602
11 467
0 458
22 667
20 324
9 778
5 747
3 386
11 365
24 255
22 778
10 563
27 495
19 942
15 932
20 794
23 436
2 363
15 982
7 783
10 253
21 996
5 274
24 690
4 756
0 853
22 367
0 208
24 266
27 458
27 495
23 890
21 346
6 323
20 224
18 913
20 273
17 390
28 687
0 229
10 975
19 414
0 953
0 950
21 369
17 321
29 473
23 624
11 828
24 573
9 609
28 248
0 243
5 419
23 660
2 395
23 237
7 859
3 959
12 315
23 419
21 501
4 916
27 926
27 466
14 729
24 957
22 475
29 303
21 273
27 287
3 612
25 720
27 509
5 548
28 311
24 387
18 894
25 498
21 914
21 454
28 704
6 868
0 501
6 448
6 646
24 205
1 342
8 864
9 461
4 431
24 396
4 760
29 369
16 767
5 724
6 932
17 911
22 980
28 243
26 235
16 844
18 525
7 406
12 409
26 255
18 973
9 887
9 454
6 279
0 718
0 450
0 578
1 937
13 742
0 644
14 232
29 991
10 868
26 655
24 987
18 978
15 582
2 237
5 745
9 496
8 430
16 235
11 531
11 817
24 825
11 609
28 650
28 743
20 771
19 927
16 393
15 452
13 892
28 269
19 293
8 384
17 756
18 315
17 467
12 766
27 990
17 225
10 772
16 609
9 569
18 248
1 353
15 689
21 746
23 519
2 571
29 982
6 215
27 720
23 792
26 206
13 930
25 569
28 898
28 824
23 274
16 703
23 385
7 367
19 507
15 837
12 898
4 929
5 840
2 390
26 744
11 865
6 592
10 725
29 791
5 665
29 385
29 962
3 288
22 997
24 897
12 255
25 717
15 491
23 871
11 811
14 229
12 897
5 795
13 226
28 707
24 480
24 806
1 976
24 731
26 639
18 792
15 850
17 344
14 552
23 551
0 958
18 446
22 844
26 448
9 932
26 591
21 562
1 990
16 554
17 467
14 881
16 293
18 408
13 463
5 759
29 217
28 822
18 419
3 982
18 375
25 934
28 210
0 386
12 766
13 584
0 230
15 765
16 343
16 947
8 410
16 795
17 658
19 917
10 590
12 345
24 547
23 528
11 224
28 556
23 804
19 810
11 866
12 774
25 602
6 337
7 360
1 367
19 241
22 799
22 824
9 339
27 400
21 925
1 872
19 705
26 317
20 482
20 736
13 342
25 314
18 771
10 841
27 926
13 257
28 540
29 838
15 254
17 565
15 415
28 516
1 224
13 524
9 389
13 680
17 306
18 380
9 412
19 693
16 700
18 296
27 411
24 487
2 383
8 456
21 923
13 719
24 532
18 649
20 515
2 313
18 307
12 881
3 333
10 466
19 473
8 746
13 280
25 322
14 723
13 943
26 478
25 387
22 611
1 879
15 316
16 367
14 341
4 529
27 651
7 242
8 736
7 295
18 588
9 308
28 488
4 772
12 724
24 472
25 421
18 629
7 262
6 629
24 233
22 991
24 894
12 636
19 980
3 694
9 403
21 700
23 772
9 724
6 278
21 282
16 517
12 264
14 477
3 257
14 439
4 679
5 736
4 794
5 782
7 732
24 227
10 619
0 450
27 262
21 468
12 683
11 221
29 285
0 460
28 951
8 970
2 961
24 736
13 639
0 645
7 211
26 236
25 465
12 848
13 556
19 619
14 371
19 977
25 978
7 657
20 957
7 546
8 422
27 875
3 524
29 810
25 908
2 368
7 651
21 863
7 719
9 505
0 551
16 632
1 696
21 847
6 411
20 892
17 264
21 737
19 595
24 808
17 435
17 428
16 455
21 341
5 258
23 652
4 316
3 690
23 898
4 802
18 325
19 339
20 986
27 346
10 734
1 755
14 459
2 201
7 300
1 278
12 273
14 494
18 835
23 313
23 221
20 423
16 219
1 604
26 548
0 569
14 464
28 789
21 359
21 551
18 910
0 615
17 265
3 403
22 311
24 884
1 559
28 761
8 494
22 235
9 398
2 700
28 333
10 691
24 465
2 853
14 466
12 723
4 246
28 605
23 618
6 363
11 407
1 815
8 986
16 899
29 842
5 419
24 615
13 814
21 834
5 437
14 940
7 851
5 635
17 536
19 292
3 401
18 873
17 725
2 839
4 747
17 333
27 932
27 687
28 522
29 232
18 479
12 222
22 259
5 711
26 530
14 216
17 961
7 864
13 738
11 787
22 759
21 741
21 698
29 954
18 794
27 581
11 515
18 346
3 555
13 287
11 779
5 632
8 901
11 821
4 553
23 527
7 483
1 803
13 791
26 942
25 332
17 956
4 778
19 635
0 536
14 674
10 955
16 286
14 573
21 591
15 822
8 772
5 247
26 688
3 590
9 766
6 446
26 808
15 469
15 916
12 953
14 781
10 455
8 988
18 213
22 512
18 491
5 501
13 947
27 330
6 232
2 688
17 701
13 627
1 516
2 497
3 346
23 455
24 436
28 871
23 951
1 583
7 842
17 494
27 455
18 347
19 975
28 670
10 416
15 574
15 800
19 605
24 302
15 532
8 610
17 650
3 575
12 457
25 985
5 372
6 359
29 745
24 982
4 425
15 480
17 385
3 995
20 435
3 522
11 853
18 904
15 432
13 803
20 860
6 685
3 874
3 722
28 593
19 254
28 531
10 680
0 539
19 589
27 286
0 563
0 269
28 830
9 578
6 905
15 756
26 806
28 811
2 447
29 296
23 544
15 659
27 516
14 801
15 604
1 984
11 517
17 903
10 915
0 618
25 590
9 904
16 248
1 678
15 383
18 757
10 523
22 812
27 684
1 225
24 421
3 895
16 372
8 575
18 214
15 608
12 607
7 324
23 266
9 230
22 307
7 604
11 602
13 887
27 665
8 720
27 292
18 560
11 331
14 392
16 569
19 936
17 839
27 523
5 749
1 625
21 692
12 850
0 641
3 827
8 903
23 871
21 255
20 462
1 734
4 335
17 538
18 352
8 337
19 499
2 653
0 722
6 627
26 644
3 975
14 693
17 512
29 503
10 992
4 492
17 345
4 532
24 793
25 743
29 351
5 235
24 510
13 846
26 289
6 746
13 872
26 989
3 952
19 718
12 389
21 974
5 543
14 230
4 263
18 592
26 666
5 766
15 282
16 854
20 817
4 520
15 940
26 567
20 248
25 512
28 971
15 610
2 421
3 978
23 945
15 322
21 724
26 436
22 900
19 250
27 369
10 235
19 912
25 537
9 954
26 241
19 740
21 303
10 892
10 466
0 387
7 283
17 521
28 554
16 938
25 319
6 661
11 456
12 574
13 673
22 304
16 366
10 532
12 614
9 945
26 774
9 900
3 240
23 395
10 544
5 610
2 369
6 555
27 999
6 423
4 645
25 424
23 370
26 743
27 296
29 864
28 829
9 727
29 676
25 839
22 866
22 721
28 550
9 928
22 747
12 557
29 555
20 452
6 841
19 245
22 820
7 416
10 468
25 879
14 258
28 280
3 680
6 849
17 547
24 501
20 468
24 935
22 757
23 278
5 630
14 342
9 759
8 963
27 779
11 339
16 403
7 904
20 406
0 502
23 322
18 831
22 618
21 719
16 481
21 340
16 208
17 882
22 856
26 224
2 950
16 454
22 534
28 562
8 818
7 586
27 428
25 868
4 726
25 851
27 805
19 629
12 818
24 543
10 737
3 654
16 616
3 437
5 568
23 614
22 837
23 551
23 823
9 688
20 331
3 341
25 222
13 781
28 380
0 711
12 472
21 309
10 251
26 317
16 323
13 452
21 731
25 515
19 852
21 785
4 390
16 751
18 239
13 377
8 977
0 779
4 703
11 608
20 933
15 505
5 619
6 740
24 697
10 584
10 844
16 963
20 895
27 514
24 215
19 749
24 373
22 454
8 697
16 752
14 663
5 208
19 923
7 412
1 283
18 342
24 825
25 375
7 889
5 839
3 376
11 224
13 331
22 976
6 721
2 847
9 850
28 729
26 654
4 649
28 351
24 580
1 793
8 472
24 349
24 821
8 804
20 234
15 841
22 209
18 940
12 960
0 944
2 232
24 960
2 671
11 824
5 883
16 983
10 901
7 913
10 705
8 784
5 616
23 885
2 857
12 560
3 346
27 792
11 546
20 895
23 812
23 405
13 379
29 663
13 720
17 239
21 490
0 242
10 772
27 598
13 394
2 552
20 510
21 427
26 224
14 463
9 540
23 311
15 417
29 440
10 926
19 362
5 448
21 459
26 749
20 310
11 585
23 516
4 759
13 560
1 586
16 635
15 312
24 816
29 253
6 849
26 918
9 926
1 593
13 238
28 332
13 240
1 858
13 876
8 671
1 479
15 324
13 680
13 795
6 707
4 368
25 861
10 525
2 995
18 337
21 321
20 970
25 324
25 249
14 825
1 230
5 717
4 439
7 540
28 947
27 776
26 940
3 206
22 329
10 874
24 445
1 309
8 491
6 424
11 992
26 306
24 934
12 522
19 914
9 246
12 894
11 717
15 394
26 348
28 774
6 203
19 445
24 996
28 349
11 580
22 707
14 889
1 778
16 415
24 536
15 369
12 700
17 624
12 308
21 810
21 968
3 211
4 608
18 785
5 428
17 786
19 893
29 918
1 673
7 536
9 640
13 728
1 523
20 995
11 822
17 287
17 458
19 708
23 334
3 822
0 940
29 979
12 916
28 985
20 930
9 427
28 997
16 957
29 260
9 426
5 962
16 676
13 661
29 744
19 678
24 933
14 989
17 655
17 576
11 475
11 626
16 369
2 302
9 333
27 823
10 408
19 277
26 970
10 271
2 896
24 289
28 438
22 913
3 945
7 846
5 390
21 436
20 354
23 641
18 702
4 791
24 761
28 695
2 292
27 455
15 720
8 703
15 454
2 813
5 925
22 832
15 696
0 494
22 821
0 564
29 518
20 243
0 796
23 405
18 576
23 954
4 348
24 826
5 604
0 884
25 343
17 689
8 678
11 805
10 707
14 789
5 460
9 687
8 822
23 212
17 390
4 699
10 600
29 864
29 859
23 375
3 775
14 571
17 667
19 379
17 742
22 435
25 372
0 250
27 560
20 834
7 404
24 224
13 264
0 655
23 536
19 426
0 376
19 558
12 777
21 967
9 480
5 632
17 552
16 917
17 857
7 977
1 681
29 577
24 706
9 787
17 490
21 518
26 728
2 736
15 348
16 983
6 887
9 873
2 519
19 429
8 748
14 813
29 937
1 813
26 874
14 254
13 679
29 204
9 213
16 517
17 904
28 516
6 930
2 433
17 969
28 411
22 561
9 208
21 335
9 509
2 235
22 741
3 430
22 776
14 567
17 719
7 756
10 438
15 789
5 893
19 689
19 752
22 926
21 558
4 497
1 943
17 291
29 252
24 816
11 235
9 350
0 649
11 847
21 448
9 514
10 875
27 735
0 918
22 263
14 932
27 523
10 509
6 579
1 328
13 907
27 212
20 659
26 270
19 519
28 838
14 975
8 679
3 693
1 1000
7 967
12 888
28 692
9 694
14 484
8 713
14 484
29 263
22 237
0 507
0 722
5 702
12 678
29 477
10 435
11 300
25 378
5 230
1 858
21 946
19 294
25 746
10 848
19 950
19 953
19 548
21 566
6 602
18 637
14 517
16 623
29 286
20 732
28 792
29 499
26 340
17 326
1 227
1 695
19 948
7 952
22 331
7 369
19 646
5 885
4 918
19 736
26 246
22 745
2 566
21 415
15 633
12 842
13 575
19 963
0 880
16 654
15 516
2 817
11 333
29 237
19 569
27 330
1 206
8 276
25 638
17 761
11 570
4 274
17 961
14 757
6 314
16 828
8 894
17 734
0 376
6 790
28 712
29 762
22 609
9 507
27 498
10 763
2 929
14 449
4 205
18 956
24 809
23 991
19 803
27 593
17 461
17 439
19 854
20 734
20 809
27 780
4 920
2 912
0 402
6 489
6 920
2 302
11 368
9 661
15 429
4 905
18 892
21 820
27 695
0 370
1 675
22 508
14 510
16 855
17 214
19 651
9 743
19 629
6 357
1 905
4 481
2 242
16 225
14 982
17 302
8 304
24 828
9 404
18 805
28 300
0 896
10 815
27 789
3 515
3 314
22 424
16 476
2 920
4 641
0 390
13 932
4 485
16 316
8 224
0 305
17 417
19 223
7 753
9 254
28 922
5 617
0 254
18 304
25 372
24 837
29 797
29 725
29 484
25 682
5 336
27 924
27 950
8 337
16 760
1 304
5 925
19 446
2 560
16 676
6 414
24 798
4 689
15 737
7 245
20 536
14 328
3 768
9 384
26 836
2 870
11 881
23 379
12 919
25 388
18 542
0 313
5 427
18 476
11 804
25 937
3 833
14 617
27 328
10 805
22 838
3 631
14 896
26 402
21 871
4 315
5 921
11 961
16 734
2 589
6 565
8 379
9 864
5 840
2 705
27 915
14 928
19 735
29 440
11 885
1 591
28 926
0 770
21 537
24 523
16 668
12 378
1 229
6 873
2 830
29 857
2 709
14 316
2 424
13 803
13 821
6 744
22 635
7 630
1 818
7 485
9 201
23 675
29 411
12 697
21 813
11 898
22 541
14 668
3 811
0 211
13 377
10 986
2 769
9 737
2 607
3 684
22 657
0 220
25 249
29 411
29 845
19 821
21 424
1 300
0 906
20 837
28 462
16 207
6 590
27 455
20 251
15 611
6 321
9 917
20 468
8 689
29 542
7 771
12 788
17 672
17 528
2 520
15 487
6 360
1 660
23 768
7 888
6 945
22 719
2 625
14 709
28 606
13 273
16 529
3 888
24 458
23 469
6 299
23 999
6 375
2 307
25 923
7 745
2 839
13 946
10 207
6 693
28 877
20 905
21 955
24 688
18 375
26 853
16 711
1 304
25 468
9 883
10 477
5 882
9 714
23 978
26 281
6 473
8 591
13 229
28 332
17 984
13 627
20 226
28 995
9 776
28 731
14 841
12 455
17 563
19 490
11 274
18 275
0 553
21 615
0 372
0 304
16 462
26 878
3 402
0 634
6 244
2 493
4 840
20 342
5 512
18 461
12 794
15 460
8 668
9 481
20 484
28 345
19 980
6 837
10 409
4 961
15 413
7 356
7 638
2 293
19 305
23 403
13 326
21 599
13 382
27 843
28 915
23 693
11 697
11 399
12 842
17 829
5 234
16 322
25 206
11 775
28 484
14 338
6 985
18 896
7 298
23 217
24 940
27 712
23 263
16 850
21 920
25 697
14 646
6 865
27 674
5 830
1 315
6 941
15 501
29 205
14 283
15 740
13 721
8 448
3 596
15 359
23 614
18 401
10 955
12 655
26 938
23 713
13 373
9 713
4 974
25 260
27 651
11 966
14 706
15 675
26 735
4 822
1 466
20 625
3 918
8 469
5 841
28 985
3 882
0 714
13 545
22 892
16 927
4 208
21 904
27 767
0 784
23 769
2 784
21 856
12 430
27 942
22 947
0 968
0 932
13 798
0 457
7 583
16 714
1 810
23 506
0 656
22 594
28 858
1 349
20 543
5 237
16 895
26 767
6 422
3 986
