2000
21 411
18 657
22 797
15 818
9 801
19 573
21 742
7 212
5 743
7 454
28 436
5 967
9 657
8 206
9 482
28 683
9 674
6 346
5 390
19 648
29 702
1 469
26 451
23 642
22 942
18 598
0 720
11 692
23 411
18 542
5 303
22 950
23 718
26 853
10 963
11 421
12 441
11 785
21 271
8 742
5 801
4 499
29 829
5 252
12 555
21 232
1 509
20 830
7 292
17 648
23 334
18 300
28 642
12 906
29 219
23 562
4 453
8 493
12 221
17 819
20 978
26 670
2 939
20 692
1 872
10 891
12 837
27 619
28 794
28 572
27 253
0 464
3 856
18 810
5 461
24 260
7 944
22 378
11 348
17 390
4 282
17 989
0 945
10 672
17 952
28 999
14 446
16 565
23 340
5 829
24 553
0 300
3 925
3 454
20 818
7 393
17 690
1 814
10 286
3 367
24 868
27 201
19 614
28 491
29 498
4 524
3 810
15 395
6 717
12 348
20 698
15 397
21 755
20 975
16 628
27 276
10 744
22 827
21 210
24 537
6 677
24 354
20 360
4 576
4 798
29 547
5 241
9 394
5 391
9 858
28 821
21 534
18 416
1 367
6 850
7 877
14 539
1 709
18 597
11 577
5 994
15 234
17 635
20 907
17 293
15 753
19 486
4 922
11 335
9 908
28 348
28 640
22 767
25 956
27 672
28 723
2 341
10 871
3 589
17 656
20 868
25 582
18 751
13 367
12 677
0 695
21 403
20 400
16 429
8 219
4 714
28 509
5 968
16 800
24 552
27 517
14 692
29 831
11 587
11 214
25 450
21 953
24 495
9 847
4 415
15 423
28 320
17 910
5 879
25 464
13 243
18 320
29 374
0 268
28 493
22 204
15 490
10 335
24 499
9 762
24 535
28 917
14 495
15 641
3 907
13 952
27 810
17 891
16 918
13 830
5 812
27 517
4 280
29 223
1 825
26 753
15 592
15 960
12 228
6 556
25 600
13 432
13 913
9 982
22 257
14 910
6 538
6 481
4 599
26 980
12 920
13 815
1 568
11 499
7 789
2 498
12 300
10 249
22 532
20 502
29 862
29 686
4 221
22 388
8 234
15 333
27 292
26 747
18 542
27 862
26 323
6 806
15 439
27 332
22 392
6 402
9 733
16 783
27 341
11 642
6 878
10 558
23 685
18 311
19 515
12 279
23 632
8 596
3 381
15 960
18 425
24 394
0 459
9 873
28 891
28 468
0 472
16 894
15 445
4 733
25 624
20 875
14 284
19 572
5 831
1 651
29 977
26 744
16 567
24 762
28 787
12 744
10 653
4 751
2 547
8 485
18 285
15 981
20 460
27 981
10 209
21 437
12 706
12 706
4 805
27 437
4 305
0 385
12 771
8 624
4 353
23 843
19 433
4 841
27 209
17 675
24 740
19 858
29 705
23 424
10 974
10 212
14 381
4 924
2 286
9 425
2 472
13 867
5 283
3 699
3 493
23 840
8 394
11 816
6 945
23 519
28 760
11 628
17 577
23 225
18 239
6 758
12 975
7 656
18 704
0 753
16 917
20 955
24 389
20 680
20 994
0 423
17 700
15 704
27 617
17 302
22 748
17 263
1 990
26 258
23 686
14 785
26 716
20 385
11 978
1 532
8 341
14 407
10 558
19 556
1 553
27 505
6 704
16 218
29 557
11 412
25 221
7 599
27 473
9 955
14 396
5 467
25 999
16 437
15 886
26 796
10 752
19 965
3 239
1 968
4 614
19 210
11 472
16 258
8 918
23 778
17 483
27 742
26 623
0 539
9 955
27 296
8 452
4 489
23 467
2 398
27 744
8 803
6 294
15 648
23 240
19 687
3 402
23 688
10 329
8 968
3 412
20 492
27 479
2 288
1 204
17 817
22 241
17 801
3 609
5 346
20 902
20 909
22 276
7 491
12 791
28 832
11 681
8 894
15 846
14 455
17 389
27 839
2 655
4 365
19 959
23 353
23 625
25 619
23 937
24 237
23 794
7 712
19 711
27 889
29 925
21 912
20 396
18 366
25 846
21 969
27 531
23 806
7 331
18 761
12 230
29 438
25 414
23 536
15 485
19 445
5 538
2 675
14 325
18 646
25 906
22 647
4 433
25 344
13 679
0 901
8 879
24 425
7 742
27 383
15 385
4 703
2 866
15 318
5 416
23 348
29 442
4 608
14 315
15 942
15 679
18 504
29 472
24 528
17 622
3 532
4 678
7 808
16 567
2 928
4 382
11 957
19 933
16 758
11 472
0 217
8 635
27 267
9 513
19 604
7 473
3 543
28 512
12 607
21 604
17 650
19 414
29 329
25 383
28 693
11 705
11 264
25 794
4 978
6 400
17 712
15 419
6 375
5 602
29 742
25 469
18 796
4 823
15 695
13 237
10 309
16 452
24 770
28 604
21 932
23 823
1 756
14 519
20 789
13 573
27 653
6 570
27 224
24 869
20 899
26 278
16 328
12 752
22 651
16 400
7 221
27 282
8 868
7 222
16 661
13 689
2 905
13 745
29 561
4 827
26 505
14 785
26 299
21 941
22 444
22 594
22 736
22 585
5 526
13 338
7 764
26 768
8 607
16 244
27 972
9 668
9 424
14 628
10 511
27 966
7 591
5 625
6 964
0 264
14 850
22 455
13 676
20 446
22 853
6 687
27 399
18 327
19 480
15 989
24 318
23 557
9 412
18 505
21 272
27 425
27 539
5 563
3 270
15 520
23 722
12 802
29 724
25 363
25 837
3 212
8 270
0 370
20 864
0 284
27 426
20 334
12 794
18 1000
7 754
3 238
22 792
6 899
23 512
18 899
25 822
20 267
9 706
25 524
0 665
29 513
16 849
19 904
29 472
5 491
12 809
3 700
24 736
3 653
10 392
3 393
0 720
25 327
4 852
25 331
3 686
0 389
0 449
18 788
27 471
28 852
8 428
2 998
27 219
26 571
29 696
29 513
9 213
22 604
27 342
15 859
25 605
7 604
0 712
1 962
23 365
25 577
7 836
0 796
7 861
2 973
17 265
10 968
13 933
10 687
8 206
29 759
0 937
8 704
21 834
18 229
24 895
8 441
26 898
20 491
15 376
0 945
6 497
1 261
1 757
19 927
22 230
23 993
24 641
2 724
16 804
23 265
24 912
1 813
3 389
16 315
19 393
19 296
20 698
8 466
23 388
2 930
10 560
22 299
7 463
20 610
3 628
26 428
10 672
29 218
7 635
14 319
2 232
20 910
8 891
18 581
26 810
10 948
15 741
26 262
15 524
27 726
6 943
10 299
0 491
17 544
13 844
0 616
6 599
26 635
1 563
22 294
28 465
21 480
14 699
23 850
17 640
3 856
13 917
26 250
1 844
10 603
12 291
24 920
2 650
17 684
23 726
7 644
3 502
10 932
0 982
24 233
19 918
15 783
7 361
23 371
26 391
6 565
21 695
7 576
0 952
0 818
4 714
18 698
5 295
25 467
15 760
13 798
4 566
25 406
13 981
9 285
23 578
22 801
18 235
25 873
14 698
25 672
21 418
8 489
0 960
15 775
7 711
18 938
14 543
3 329
11 290
24 771
10 718
19 787
20 707
25 556
29 569
15 939
9 341
2 585
14 241
13 671
7 428
22 359
2 349
5 433
3 522
4 551
13 944
9 683
3 920
11 935
29 862
15 748
6 782
13 844
19 430
29 903
23 752
15 348
6 360
7 373
17 259
15 843
27 935
10 612
19 229
7 405
29 484
23 416
3 709
12 298
8 430
13 996
28 834
4 785
21 807
11 959
4 836
13 752
12 980
10 361
8 302
15 356
0 229
18 639
13 321
8 499
19 754
25 293
4 854
18 655
1 733
16 562
0 926
12 263
20 408
17 454
0 613
2 525
10 857
16 886
27 386
16 900
24 408
28 544
10 654
17 949
18 229
27 723
10 704
15 240
20 974
24 499
28 283
13 742
18 221
18 982
16 849
9 888
25 485
21 932
1 598
28 795
0 555
20 237
26 529
16 236
28 548
10 223
1 260
26 926
13 425
20 923
28 587
0 517
16 807
27 321
26 750
6 937
9 497
16 753
2 817
18 683
2 999
26 566
21 246
26 686
20 922
25 714
3 759
16 308
15 380
26 584
22 287
6 443
13 824
20 322
23 494
21 253
17 596
13 436
28 514
15 994
28 710
10 839
9 504
11 936
22 841
18 698
20 828
18 461
28 313
20 226
20 988
7 633
8 391
9 372
4 604
22 825
18 384
0 778
27 931
6 807
22 716
28 338
18 585
17 698
23 973
19 331
11 432
4 535
10 300
15 419
11 760
8 761
22 808
19 714
29 697
14 521
25 808
24 846
23 247
25 410
16 570
20 840
1 794
12 367
14 730
4 571
2 694
25 550
0 896
22 298
29 577
14 990
18 660
14 631
24 409
4 947
12 363
8 868
26 844
13 1000
10 942
7 522
13 829
2 281
28 581
17 647
9 659
11 965
3 532
26 643
24 291
2 500
22 442
9 598
24 531
14 320
16 303
6 719
13 577
26 774
0 554
6 846
6 888
6 698
13 819
29 943
3 354
22 857
22 839
9 837
26 327
7 936
1 580
19 672
26 219
21 410
11 455
21 577
28 857
10 495
9 425
8 349
15 513
9 758
11 723
22 444
17 548
16 843
19 307
13 507
8 698
27 880
7 650
11 852
22 630
12 427
22 454
2 714
28 231
1 843
13 813
28 237
10 577
11 533
1 261
25 407
2 682
20 297
18 613
26 713
5 418
16 813
0 756
19 800
10 832
0 535
17 286
26 294
18 910
0 964
27 271
21 982
18 368
13 205
28 834
24 330
19 901
26 380
15 918
13 685
19 880
11 756
24 830
16 744
8 817
18 280
8 894
11 377
5 950
14 709
12 446
23 824
19 253
18 922
2 316
28 617
6 960
20 547
10 666
29 362
12 534
2 631
14 262
21 796
29 493
20 448
8 423
23 868
19 797
20 975
12 662
12 372
19 912
9 355
6 940
29 913
3 305
6 398
24 257
0 922
18 815
6 897
13 564
15 579
14 438
29 992
18 506
27 520
21 361
24 775
5 927
4 238
2 588
17 868
15 879
22 799
1 826
29 835
23 700
9 833
29 865
8 572
3 696
15 352
8 264
27 550
14 513
12 841
0 405
28 674
5 587
17 568
5 957
19 374
17 686
5 546
18 432
0 490
22 759
25 388
18 942
14 699
6 927
24 720
27 875
19 668
17 803
26 763
19 753
14 872
12 979
27 240
7 902
18 690
22 352
0 772
6 829
24 992
15 679
11 211
28 815
23 221
2 915
8 856
6 433
22 224
28 348
5 636
12 496
28 264
0 908
13 549
11 323
19 797
28 636
12 513
1 321
10 706
23 814
19 406
24 922
2 242
10 856
5 757
11 378
23 476
2 531
23 324
28 685
25 526
28 249
26 990
18 568
1 991
1 452
12 814
13 542
17 845
4 282
23 818
18 801
2 395
29 288
17 212
19 751
18 833
24 933
11 907
2 965
13 639
10 294
26 799
9 866
29 813
14 483
27 869
27 522
22 421
29 442
23 968
19 921
9 426
22 717
27 914
14 287
26 399
10 221
20 740
1 394
19 486
27 984
0 223
15 221
29 881
17 316
8 384
14 668
26 667
12 425
0 689
5 626
20 413
2 967
5 444
27 992
3 875
4 341
9 574
8 314
19 415
7 697
2 791
2 796
6 786
27 644
6 387
1 455
4 854
27 517
10 728
20 428
14 525
2 880
15 820
8 337
21 298
9 323
3 542
6 640
4 652
22 483
16 530
11 420
21 365
15 293
18 385
23 988
29 425
28 333
11 256
17 920
0 233
8 945
10 707
24 245
18 374
4 522
18 643
17 979
29 933
5 753
17 407
4 496
15 464
4 525
2 716
14 806
12 529
2 657
4 275
0 931
20 474
9 910
19 852
8 336
1 240
10 499
16 316
23 852
18 876
25 538
13 667
6 530
19 675
3 226
24 591
0 613
16 878
9 847
22 483
19 613
9 385
23 773
20 772
7 597
13 383
17 953
19 821
5 596
20 329
8 661
10 699
12 533
29 584
2 894
10 477
29 832
20 407
26 625
11 574
27 560
26 231
0 915
19 642
10 553
23 712
10 541
8 606
24 657
3 657
13 907
26 558
19 245
14 433
15 648
0 802
29 721
17 919
6 484
10 286
0 353
28 318
24 626
13 781
5 324
7 813
9 297
26 343
11 597
8 620
19 468
23 986
26 484
15 312
12 491
17 418
14 491
25 437
20 781
6 277
13 201
1 930
0 346
5 481
5 914
6 889
13 359
24 648
0 238
3 958
20 762
27 582
24 688
0 878
28 831
15 222
11 586
11 544
5 980
18 767
10 733
29 526
0 494
8 284
4 999
26 884
26 520
10 934
26 479
8 522
4 206
26 236
11 654
19 629
1 838
16 630
14 787
17 381
21 292
16 548
10 674
16 595
23 547
28 489
2 617
1 351
18 538
28 662
12 951
21 679
0 789
15 834
18 668
14 601
6 721
20 621
0 982
1 526
8 641
21 698
22 496
29 413
17 842
1 862
0 969
20 531
6 305
22 260
29 212
13 962
2 312
9 732
14 502
6 766
28 394
20 832
12 870
19 368
8 285
12 872
23 439
4 936
16 488
20 800
1 848
19 827
13 961
6 597
11 924
22 728
11 279
26 754
21 656
25 997
13 278
3 862
11 264
22 698
5 270
20 445
13 207
4 391
17 257
2 462
18 999
28 818
25 950
1 253
1 948
1 302
3 832
12 322
15 886
18 686
20 358
16 574
20 693
6 755
12 539
26 361
1 854
23 290
29 308
8 794
29 558
11 255
1 736
25 586
19 576
2 599
5 782
23 529
29 954
24 693
13 452
27 622
7 303
29 331
19 497
10 983
26 540
12 464
29 804
15 685
10 289
27 791
27 663
11 617
26 931
25 604
14 881
0 862
8 723
4 238
9 279
27 321
28 499
8 310
18 723
19 737
14 479
4 483
5 574
1 318
27 347
14 914
27 952
21 744
7 809
3 900
12 316
14 454
11 498
28 293
29 658
13 385
12 904
14 684
7 571
13 241
3 892
25 564
13 380
14 856
21 373
8 343
28 934
14 286
0 637
28 587
29 771
13 580
27 546
9 257
23 843
17 719
27 960
8 224
16 552
3 896
13 823
16 617
3 290
13 845
13 839
2 684
18 690
29 957
15 757
9 549
1 672
19 216
13 895
15 817
29 879
19 856
7 611
14 214
1 465
13 729
6 341
9 621
6 305
2 546
27 785
4 377
12 204
12 791
9 484
8 714
21 913
7 518
28 800
24 365
18 887
27 524
0 443
9 401
29 700
9 625
6 455
20 749
24 519
2 453
12 659
18 637
15 320
0 747
11 270
12 480
27 351
14 751
6 660
27 396
11 338
12 203
15 915
5 463
23 638
1 454
20 421
7 805
22 896
1 1000
16 438
25 769
28 482
9 472
1 473
19 730
21 919
20 845
27 639
11 206
27 200
27 383
7 880
18 415
15 386
11 772
16 728
13 917
4 223
16 698
8 893
0 467
24 263
9 688
26 235
26 317
8 989
22 835
17 263
22 640
19 575
1 796
24 543
25 833
11 867
5 797
6 852
21 751
7 857
13 345
28 967
16 267
23 990
0 247
18 502
5 573
2 980
23 638
16 608
25 317
15 571
22 610
13 680
2 381
16 583
2 813
18 900
23 444
27 526
2 974
6 889
8 516
6 374
17 368
15 359
26 390
26 629
27 426
16 856
8 852
14 334
21 545
1 217
24 797
24 770
11 501
7 236
5 731
13 720
28 226
26 316
19 260
4 974
21 770
1 639
9 649
29 328
9 572
10 979
28 611
13 266
24 615
21 292
17 634
29 645
7 890
15 363
10 898
12 761
6 867
2 319
7 730
15 381
24 492
27 742
19 577
22 511
15 623
27 608
17 664
9 746
0 880
20 360
8 379
11 303
10 439
8 205
16 402
4 489
1 462
16 233
23 403
1 498
1 363
0 531
28 684
5 269
17 649
21 213
20 922
29 511
13 510
22 280
6 643
8 677
19 898
24 912
14 235
12 485
15 380
16 502
25 726
23 816
8 764
9 457
13 578
12 813
7 236
5 355
7 373
23 773
11 778
29 320
9 322
9 358
16 993
12 879
5 785
17 394
12 347
0 426
6 589
9 654
17 287
29 571
28 279
19 288
22 727
13 337
0 921
25 824
18 673
28 691
7 457
12 932
2 627
20 756
26 255
2 414
14 674
7 835
28 530
28 570
12 719
15 650
12 869
3 536
8 258
8 314
3 247
11 608
23 274
27 222
29 753
17 500
21 321
0 731
22 228
11 936
9 565
26 303
26 237
1 838
29 990
19 476
28 841
8 777
4 589
0 359
29 375
28 860
3 482
21 876
20 683
0 400
15 986
24 440
15 380
29 613
27 627
15 828
24 458
13 498
7 247
8 746
16 246
19 633
23 499
13 320
12 888
2 533
6 840
22 744
20 245
23 590
18 489
10 321
27 550
26 283
6 477
6 675
28 949
26 646
19 631
19 263
25 333
21 869
2 413
25 375
29 364
1 696
17 701
25 612
24 774
25 347
24 778
12 854
20 503
13 256
9 805
4 352
19 464
6 679
1 977
23 929
13 715
13 758
2 648
2 551
28 827
12 333
20 996
6 463
3 313
15 898
0 867
0 203
22 236
18 690
14 566
28 482
11 668
25 794
7 299
24 936
27 457
29 527
29 453
19 352
20 813
4 217
8 873
20 355
9 427
8 653
10 944
13 515
13 256
22 917
9 369
17 322
2 435
11 589
9 521
20 701
4 461
3 994
17 734
28 647
13 991
20 850
6 907
8 711
22 702
21 243
10 965
8 342
8 535
1 415
18 218
16 638
26 283
3 514
25 432
21 717
1 581
1 453
7 404
13 359
1 886
29 780
0 699
29 962
1 590
10 844
24 878
3 283
