2000
8 407
21 285
0 662
12 399
7 948
12 220
17 978
5 510
8 634
4 339
20 910
17 803
22 793
23 652
1 612
9 427
12 361
3 583
16 952
28 707
4 798
12 379
18 257
23 605
16 452
24 758
28 299
14 595
9 496
13 737
10 981
21 720
8 824
1 760
13 925
18 502
12 833
14 324
3 966
21 332
13 946
1 591
21 351
4 235
3 250
3 772
25 664
4 536
21 798
18 402
0 688
4 478
15 840
5 269
15 995
21 641
22 906
8 944
16 947
0 430
2 332
1 500
8 912
23 561
27 784
25 843
8 790
3 218
24 846
25 217
12 657
16 454
14 558
27 795
5 985
18 867
23 366
26 556
13 570
9 800
10 312
27 713
0 282
18 843
17 234
2 961
26 284
17 644
5 643
16 204
6 553
23 826
26 726
15 264
8 956
23 694
12 967
3 972
27 715
11 610
0 904
7 556
16 540
8 770
12 473
3 386
5 870
12 416
25 604
6 203
29 860
18 875
21 892
28 974
17 563
29 508
20 912
7 341
3 648
3 576
19 253
2 562
27 287
29 655
24 934
8 847
13 552
16 436
28 546
21 713
26 531
20 860
10 502
21 547
9 345
15 592
8 696
2 681
10 678
12 723
6 537
16 580
25 641
5 342
12 296
3 973
22 540
2 473
26 661
5 571
25 293
11 759
1 343
17 628
12 734
10 605
25 449
26 277
24 864
12 780
17 430
23 667
24 737
10 521
29 621
17 233
29 322
5 674
26 455
0 907
4 446
12 314
13 756
13 970
8 718
27 795
19 755
10 203
25 853
24 379
11 841
10 410
8 253
6 459
16 698
15 269
17 554
14 420
19 236
12 745
11 589
12 487
21 491
2 449
6 955
17 864
24 963
4 759
6 546
11 368
28 979
2 918
2 906
12 331
27 295
18 814
11 653
8 701
4 642
1 398
26 570
29 445
4 969
16 742
27 844
20 822
5 244
8 353
16 708
22 981
9 538
6 630
20 477
17 343
15 772
2 213
24 842
25 960
8 713
21 641
25 815
0 997
26 889
25 384
2 717
24 236
6 509
11 732
10 658
15 373
12 317
21 604
13 743
10 289
18 503
19 269
16 418
28 760
25 248
19 610
1 802
4 766
20 877
13 600
24 540
28 858
3 756
26 438
14 284
29 566
0 236
7 620
4 790
11 804
21 893
24 689
20 219
16 636
11 297
2 279
0 916
22 972
29 301
21 660
4 502
21 513
3 862
23 585
23 677
24 761
12 205
19 555
18 672
27 987
19 425
12 796
27 897
6 660
23 268
5 290
25 770
1 721
29 277
8 516
23 540
20 384
16 709
8 385
14 946
20 322
11 606
25 635
25 991
1 209
4 851
1 387
14 327
12 362
14 638
2 846
7 530
11 226
11 709
16 556
10 430
18 398
12 987
7 466
19 372
20 383
4 502
6 537
7 668
2 516
17 895
9 485
16 759
29 313
14 489
25 460
5 923
29 1000
11 920
26 976
4 254
9 349
28 422
13 888
23 210
17 583
1 808
4 483
24 624
4 984
29 712
25 531
16 830
9 707
4 823
8 723
22 403
23 599
23 742
9 350
9 216
6 623
17 330
3 631
13 581
27 677
26 796
23 979
7 636
20 644
4 508
5 727
17 977
0 807
10 889
27 861
5 699
13 235
13 862
14 991
3 983
23 1000
24 278
20 567
24 862
3 624
25 963
19 523
10 942
6 653
28 967
1 206
4 743
4 837
21 553
1 811
18 932
10 990
14 937
5 808
24 704
26 315
6 335
26 967
7 311
12 225
13 414
17 612
2 395
29 671
1 759
15 926
24 847
27 552
25 722
20 753
11 964
10 767
11 808
7 389
14 675
21 344
11 722
27 316
15 713
7 890
18 832
2 314
8 573
9 984
9 979
29 948
22 219
5 760
13 557
6 839
7 683
4 242
2 305
20 758
5 556
29 925
20 540
12 557
26 336
23 212
19 739
28 875
17 258
2 526
0 818
10 961
7 580
16 721
22 287
18 377
22 907
25 694
7 692
15 887
11 794
4 979
22 601
10 755
11 367
29 205
0 602
18 960
7 736
17 249
7 444
11 951
29 660
3 619
20 509
19 237
17 594
24 345
21 452
5 860
8 447
5 859
6 964
28 465
24 649
22 842
3 567
11 978
5 884
14 604
19 726
4 653
7 275
28 227
2 793
12 864
2 823
16 302
28 363
24 799
18 846
11 312
27 299
0 449
17 327
18 296
7 847
27 483
8 234
16 500
22 661
13 555
0 305
18 700
29 306
16 906
15 608
16 942
13 338
26 935
23 694
12 314
17 515
13 286
13 495
8 277
23 251
26 994
14 212
18 530
10 963
19 429
5 615
17 449
18 976
10 639
3 492
2 220
6 857
0 364
24 389
5 322
10 547
12 742
0 313
0 634
26 666
17 250
13 407
19 697
21 792
7 963
17 715
1 516
21 705
25 277
12 948
3 365
3 646
24 274
10 679
19 611
10 645
26 223
0 406
25 397
20 640
9 213
19 690
4 522
7 688
24 983
25 257
9 376
21 832
10 784
13 389
29 822
3 327
13 845
20 691
17 828
10 358
12 922
8 237
11 211
20 911
8 962
25 470
22 594
9 961
8 259
19 783
9 774
6 638
22 543
25 445
16 221
22 599
11 805
25 473
7 979
16 430
20 443
26 873
14 871
28 242
8 849
28 597
27 628
16 513
6 355
25 448
2 884
0 403
18 588
4 671
12 288
15 999
10 689
22 776
16 377
3 793
5 810
7 623
26 891
14 924
23 391
11 735
2 335
28 756
24 339
7 615
28 965
4 637
2 349
0 207
26 836
6 503
9 544
11 683
16 257
3 390
2 247
23 987
13 899
5 520
10 789
1 615
19 396
0 235
8 360
19 264
19 342
24 674
24 498
20 566
9 747
20 944
21 629
11 751
18 788
13 913
28 986
17 839
18 775
21 544
9 849
14 889
12 611
10 450
16 317
3 894
3 290
25 744
19 654
8 450
10 211
28 396
6 388
11 393
5 630
2 707
1 602
19 271
13 708
15 821
20 470
19 676
8 790
0 662
20 568
28 986
17 461
3 959
9 501
7 566
9 404
8 376
29 663
18 612
2 583
27 614
9 206
3 784
2 479
0 709
3 912
6 771
29 285
29 871
4 914
25 928
25 627
3 299
6 964
14 930
15 824
17 460
23 563
24 900
18 571
20 837
15 208
15 586
5 249
9 588
12 596
20 420
11 668
12 789
12 899
29 863
9 416
17 477
1 719
25 294
7 534
6 536
5 472
17 311
9 977
28 800
4 312
16 830
6 217
7 901
15 845
8 704
15 232
2 608
15 949
26 799
10 593
27 536
10 965
14 987
25 727
20 280
7 822
3 431
5 890
12 922
24 224
19 833
21 410
28 455
3 933
11 551
8 843
13 981
27 790
27 241
21 954
23 654
0 814
9 334
3 656
7 443
7 572
0 834
13 340
27 927
19 532
28 934
14 533
18 703
7 805
0 714
24 213
28 340
24 763
8 712
29 423
12 742
1 754
19 510
17 658
21 802
26 752
12 519
0 239
23 954
22 972
16 527
27 901
17 909
10 774
1 991
13 219
21 586
6 749
4 868
24 521
0 887
5 969
9 571
4 313
29 298
24 333
0 407
19 467
0 806
8 228
7 772
8 204
21 984
5 218
8 510
29 356
19 622
1 436
29 343
13 660
10 308
18 550
14 852
13 257
26 830
4 916
29 697
16 550
5 490
28 480
16 970
3 801
9 899
18 296
14 588
20 974
19 831
4 863
17 437
24 941
20 463
19 293
25 288
0 252
24 356
12 315
0 590
8 986
7 941
18 483
12 220
19 649
14 716
14 509
11 564
3 872
22 395
26 258
19 904
22 996
23 404
5 521
17 645
17 560
25 978
21 606
9 774
15 276
11 576
22 247
13 412
14 346
15 683
21 529
12 811
12 303
1 833
3 950
27 565
10 333
13 207
13 645
3 722
3 432
11 942
19 249
2 359
5 904
13 577
22 229
29 309
25 263
3 879
2 845
4 263
21 558
18 431
19 263
15 578
2 505
4 713
28 449
3 928
23 351
22 353
16 431
0 496
12 212
0 694
2 967
10 813
14 505
18 429
13 613
28 252
9 365
13 752
25 587
12 204
18 322
1 862
28 525
17 839
17 911
6 850
24 470
23 398
12 551
29 542
23 904
15 371
25 419
11 867
28 662
20 694
20 349
17 390
12 822
9 429
16 420
26 550
21 627
14 555
23 275
14 432
8 321
25 819
2 938
17 758
27 381
1 478
9 271
2 603
21 403
25 927
28 753
12 364
10 443
27 363
28 918
19 444
15 904
0 257
13 370
22 749
6 363
21 418
10 604
20 944
27 906
12 815
7 426
22 252
7 864
20 897
12 516
17 513
29 337
24 864
17 664
6 796
21 934
8 803
13 927
15 460
25 914
29 663
25 487
3 470
6 678
21 498
5 326
5 777
6 876
29 596
4 742
20 529
27 647
25 588
0 332
2 530
7 763
5 603
10 645
11 403
0 471
8 641
14 989
4 558
15 354
19 898
9 393
5 718
19 836
24 579
2 754
27 279
28 910
16 955
17 809
24 431
1 662
1 735
8 900
15 512
1 429
16 402
3 744
7 907
21 466
18 698
13 464
26 262
12 821
6 670
24 450
0 457
21 880
28 855
2 498
11 652
18 358
28 957
2 573
19 901
2 590
9 878
13 491
20 404
12 473
19 742
20 845
17 206
27 698
3 549
25 986
29 561
10 321
4 796
20 530
14 226
24 523
10 445
16 609
3 270
21 632
23 240
7 439
11 651
25 317
29 972
2 848
8 517
23 384
19 727
18 611
28 800
18 615
29 323
23 359
5 279
6 704
14 726
13 361
23 364
5 823
21 584
13 215
2 388
21 344
19 496
4 826
16 706
18 469
2 428
19 890
22 652
11 951
18 413
27 716
16 835
10 386
24 929
7 854
7 703
15 949
26 477
15 704
28 777
25 576
19 697
29 363
29 926
22 754
15 361
12 587
8 696
24 237
18 279
6 360
15 716
23 454
7 912
19 778
10 244
29 943
16 376
15 349
14 664
8 375
5 625
8 368
3 547
6 694
21 605
3 652
19 342
26 897
17 319
10 390
7 560
12 595
22 205
2 264
4 734
12 781
1 830
6 589
19 617
16 783
9 982
27 280
20 563
24 694
7 379
2 353
26 684
0 343
28 504
12 601
22 235
8 767
0 489
27 244
10 906
6 502
15 449
7 391
10 868
4 556
7 755
7 686
7 365
18 649
18 954
2 526
21 213
10 849
1 996
28 246
26 349
16 870
19 361
23 437
14 483
25 223
21 287
13 821
16 803
2 947
1 519
14 784
4 457
13 651
6 528
21 810
6 431
14 746
19 758
26 820
26 688
23 347
21 698
5 516
27 583
17 381
3 906
12 387
18 465
15 782
12 817
16 629
9 235
21 823
27 896
17 490
18 632
1 594
2 618
26 556
20 490
24 336
22 705
19 335
6 915
7 708
19 367
25 801
15 212
20 712
19 435
19 775
15 382
8 526
5 900
0 829
20 977
0 683
14 315
28 453
28 513
1 520
2 362
20 767
13 637
18 630
9 636
25 994
22 490
0 580
7 462
8 855
20 883
4 285
8 929
14 623
11 954
20 669
25 888
7 465
22 764
27 575
4 751
29 425
2 647
21 900
5 243
3 679
7 473
14 678
9 830
13 345
7 863
12 809
6 787
12 501
3 260
28 536
29 684
13 223
20 265
0 979
2 896
29 938
8 379
23 603
12 923
21 992
4 566
28 791
0 734
19 582
17 301
23 556
19 814
12 858
1 710
17 670
3 536
20 962
13 454
7 986
20 459
14 215
10 988
1 991
28 316
25 900
19 334
28 598
2 239
3 927
17 306
12 611
27 200
1 715
21 317
13 988
1 412
1 893
25 501
4 270
1 482
25 679
0 715
2 865
14 646
17 270
2 325
24 368
24 202
12 454
1 657
10 356
20 595
4 388
3 537
0 834
24 963
20 959
6 516
15 289
27 911
25 649
13 508
20 495
14 927
10 980
29 935
23 314
23 539
14 257
4 803
21 503
4 585
28 425
18 595
4 228
4 450
17 774
5 286
5 309
29 606
15 712
20 460
14 237
24 232
13 375
9 715
27 223
10 414
20 367
10 333
25 765
8 688
24 521
3 770
15 437
0 514
18 417
23 260
2 439
10 824
26 577
3 361
11 208
3 411
21 705
15 900
7 606
25 741
1 479
26 507
3 602
13 574
8 509
6 385
7 300
24 613
14 845
12 347
14 843
8 250
14 327
15 730
19 698
1 510
3 631
12 591
8 999
11 212
23 432
24 690
0 625
23 995
15 944
26 632
10 738
12 773
15 737
21 804
23 933
27 261
7 311
5 472
15 233
29 986
10 857
10 809
5 318
5 231
28 989
7 763
27 315
21 701
18 700
12 722
1 222
1 875
14 444
24 758
19 521
0 567
2 323
17 258
0 440
3 243
5 704
16 507
24 976
21 765
23 737
14 767
25 971
7 919
26 574
20 638
1 643
27 845
20 861
17 415
25 403
1 983
5 810
15 291
10 441
7 928
1 636
24 679
22 515
7 581
1 540
0 969
10 443
0 510
26 202
17 859
6 957
28 637
24 979
0 456
7 838
22 587
9 723
25 394
7 597
3 513
24 787
24 966
28 928
20 734
28 861
11 559
25 436
23 772
15 968
23 434
0 216
12 681
1 992
4 208
15 713
9 228
0 346
6 693
2 359
21 304
17 250
14 551
28 573
25 518
13 700
21 959
23 960
22 774
3 457
18 963
29 907
26 791
10 741
22 385
28 558
16 541
11 998
22 899
1 253
24 835
4 793
4 758
9 489
0 221
29 882
18 476
2 343
25 803
21 225
11 266
7 480
7 537
3 869
28 200
23 410
14 955
4 422
17 795
23 343
17 657
22 952
15 895
15 970
23 548
20 967
2 481
26 551
2 978
20 803
14 861
12 885
17 249
6 281
5 744
17 576
0 728
26 349
14 913
1 489
16 253
18 303
7 690
28 461
10 958
1 853
9 886
7 347
25 301
0 904
24 764
7 854
7 591
4 987
12 447
15 578
1 849
7 910
12 365
11 219
13 915
15 467
14 388
7 403
29 277
24 375
21 360
18 477
12 840
25 254
13 728
23 415
7 528
20 897
6 353
9 733
23 598
0 495
11 261
16 894
24 390
3 316
11 383
6 405
28 284
10 749
6 291
1 404
17 201
3 644
13 607
29 503
16 734
6 959
0 465
14 310
16 324
3 864
16 757
13 685
1 818
28 498
19 332
5 989
29 648
9 828
3 807
12 960
3 945
12 734
6 677
29 245
18 663
13 354
2 613
11 919
10 462
25 774
0 679
25 297
23 284
8 866
19 811
16 598
4 287
18 728
14 273
6 972
10 342
28 439
25 535
16 949
24 597
27 640
1 975
3 865
29 669
25 719
16 364
21 773
19 201
27 494
14 746
23 555
16 367
6 921
8 447
11 320
0 523
28 679
14 668
12 439
17 500
16 713
27 514
25 607
13 708
6 895
17 339
0 316
9 202
10 555
15 360
3 762
13 701
21 335
21 490
22 352
1 531
13 919
13 891
25 680
11 594
24 968
23 264
2 784
13 451
5 966
14 699
28 504
9 342
28 642
15 266
19 427
15 280
2 399
8 825
6 855
15 512
27 419
28 448
26 959
2 584
11 408
26 966
4 393
25 673
2 689
20 238
11 667
24 578
27 768
9 363
11 447
23 611
16 892
24 591
2 938
21 420
8 306
29 499
9 554
20 227
12 927
15 733
14 901
29 961
6 811
4 831
21 728
15 890
28 404
22 586
25 461
7 669
19 594
6 972
12 821
23 222
10 232
0 453
23 325
5 392
7 765
14 908
23 693
3 818
4 461
3 347
27 502
29 244
20 285
5 616
18 927
11 334
16 557
3 910
26 702
23 538
3 753
29 876
23 899
7 862
15 337
1 768
19 706
13 874
9 700
0 657
3 900
15 553
0 562
22 893
10 893
0 833
0 286
2 248
2 443
15 415
24 924
7 961
23 362
11 870
24 923
10 903
15 922
17 479
9 253
29 375
8 743
27 947
9 223
19 736
10 732
9 234
11 578
9 262
24 947
5 459
7 476
28 731
28 529
26 607
2 436
9 629
17 719
12 878
14 499
24 809
4 277
1 491
28 343
1 659
4 334
28 232
6 391
6 468
7 1000
13 436
13 328
7 393
27 562
3 510
15 299
20 271
29 269
7 460
11 334
14 806
11 752
6 614
1 435
23 931
4 323
20 564
10 796
13 429
13 445
4 518
14 812
14 475
2 372
2 299
2 807
13 321
5 417
21 750
24 859
15 296
29 783
23 202
22 630
19 300
22 735
5 942
19 779
15 528
26 512
0 786
14 265
15 524
25 710
22 447
7 910
21 777
0 557
27 992
29 358
1 353
11 479
22 302
17 397
24 796
0 403
1 593
1 811
24 331
16 664
16 693
24 997
22 785
17 360
1 842
2 569
3 934
5 703
14 309
7 654
16 204
20 418
3 866
23 590
16 607
17 228
3 639
29 903
16 788
9 339
29 201
11 601
28 785
26 900
13 339
22 572
4 995
18 205
14 636
11 493
16 446
28 562
2 438
8 331
29 930
29 353
2 593
29 309
23 328
5 410
17 463
11 224
10 469
20 666
8 367
26 281
4 889
12 591
3 496
16 958
11 731
1 979
4 250
20 335
16 218
8 387
11 539
0 787
13 650
6 644
9 680
2 844
6 464
7 430
16 994
21 795
9 622
4 735
2 896
25 831
3 601
4 522
12 377
13 250
27 973
20 335
7 321
17 372
25 807
20 619
22 207
21 436
0 748
5 809
12 368
25 665
22 983
1 415
9 293
13 923
26 318
7 211
3 411
13 225
25 773
28 248
10 848
8 940
