2000
9 940
15 964
23 250
4 667
21 483
6 387
10 860
12 300
8 748
11 332
0 441
14 995
20 590
0 752
11 970
0 958
19 511
27 256
15 763
17 901
8 552
15 560
23 228
26 716
17 663
28 821
9 990
7 737
21 748
21 516
16 388
29 886
5 530
17 523
1 768
25 681
10 511
4 236
27 436
25 681
10 858
10 699
7 557
22 855
25 830
24 695
5 958
8 216
6 484
15 215
27 818
25 271
26 819
0 736
11 677
19 644
22 682
5 942
27 396
28 239
24 501
18 391
19 492
28 752
23 214
29 413
29 938
12 711
11 993
28 898
19 313
17 439
19 333
27 324
17 494
5 951
13 272
2 444
4 623
0 485
3 748
28 965
24 939
13 277
14 321
18 828
25 783
20 371
26 366
18 943
16 614
10 406
11 660
25 645
12 289
11 915
17 695
8 309
11 390
16 564
3 897
20 637
3 399
29 730
4 710
20 394
1 644
19 716
3 824
9 720
11 540
3 623
4 805
11 812
19 833
10 830
17 222
5 476
16 615
3 285
23 367
19 907
17 812
29 999
29 457
24 554
28 273
7 470
13 555
22 307
7 760
14 817
4 408
14 648
7 670
5 254
17 234
18 471
26 924
8 936
3 909
14 836
18 343
26 253
10 890
12 992
7 902
27 979
7 854
13 574
15 276
17 503
22 748
21 828
2 399
9 648
25 287
27 297
11 451
17 280
13 457
4 453
15 504
14 855
15 493
1 279
0 393
14 345
22 700
10 388
2 319
25 990
1 639
3 408
0 404
20 437
23 611
27 993
25 710
9 710
18 766
16 258
15 996
24 473
9 251
0 961
20 724
27 241
27 302
6 246
3 377
4 935
26 679
29 891
1 937
14 567
2 388
13 245
9 437
7 356
1 552
6 504
23 641
13 939
22 898
6 208
6 964
11 482
21 973
7 432
0 332
10 497
13 787
11 786
11 302
27 756
13 367
21 786
5 575
3 751
13 828
15 457
13 477
14 394
7 685
3 591
13 342
5 371
13 651
9 951
23 607
7 701
3 477
13 440
24 569
27 586
26 279
16 620
6 214
19 869
18 677
10 490
4 201
18 873
26 860
26 716
28 663
25 863
20 741
6 380
18 946
8 535
17 687
16 582
5 912
25 838
8 492
1 565
10 206
4 892
2 219
17 677
28 325
28 547
24 754
11 387
12 829
1 779
17 752
28 791
3 211
25 438
29 401
6 771
11 931
14 424
17 476
12 354
24 987
21 365
16 821
20 215
0 797
14 816
29 680
22 282
0 684
8 256
5 756
13 415
19 408
16 616
8 707
20 290
23 769
18 803
29 489
3 902
9 680
15 994
29 200
11 462
12 431
18 265
14 693
12 890
2 835
22 765
7 524
25 874
7 759
19 372
28 443
16 236
16 740
29 448
17 624
14 517
25 850
23 733
0 311
10 667
27 990
24 975
28 480
2 560
5 212
11 379
2 310
17 214
21 954
19 805
17 895
14 389
17 249
24 873
9 484
18 346
20 530
11 302
24 907
0 660
17 786
4 339
20 677
0 205
22 593
2 459
28 894
9 724
15 911
9 971
27 928
10 871
15 428
11 230
0 723
2 707
4 286
5 398
16 830
5 751
23 468
11 584
20 356
22 300
15 246
20 420
28 891
12 385
10 899
17 842
29 905
24 526
21 637
17 576
0 734
1 347
3 642
16 422
15 343
27 908
22 213
21 524
28 435
10 587
29 405
25 461
9 913
28 467
1 937
21 204
15 942
22 502
13 840
27 287
24 261
22 507
17 793
25 447
13 971
13 606
25 295
15 418
23 873
22 486
11 607
12 794
11 706
29 583
13 426
15 384
25 692
15 801
17 432
26 248
21 233
2 453
0 746
20 231
25 627
0 250
19 905
21 333
10 597
0 550
9 779
29 945
29 540
24 722
24 720
21 652
28 796
1 963
12 957
10 469
3 379
29 831
23 639
9 345
18 224
27 863
15 667
7 884
20 397
27 992
29 271
27 876
24 829
4 796
29 938
26 465
21 423
19 260
21 750
18 265
7 815
26 634
16 522
14 565
16 241
23 954
1 782
29 471
26 577
26 226
25 401
7 978
7 578
8 650
12 791
14 716
28 460
20 763
29 220
18 379
24 920
18 632
7 936
2 772
27 239
10 494
25 382
14 802
9 205
6 264
27 757
5 417
11 451
22 545
6 350
13 886
25 664
16 888
23 361
19 612
0 819
0 798
22 933
7 894
13 846
20 332
27 845
28 913
13 899
29 805
9 290
4 871
17 560
21 982
3 393
0 876
19 968
6 560
24 430
2 653
3 488
23 588
27 685
0 549
25 281
11 287
0 310
29 664
3 543
0 616
24 655
15 509
27 903
21 462
28 289
14 805
7 938
10 651
5 819
9 503
7 684
9 310
5 841
21 585
26 488
2 213
21 718
14 618
6 225
1 747
22 438
17 221
7 963
14 247
21 780
4 405
17 731
15 977
23 626
5 235
7 531
21 882
18 290
25 925
5 573
17 420
2 616
28 594
19 402
29 920
23 847
19 450
7 296
20 707
23 533
5 489
1 878
13 398
19 598
27 675
28 765
1 919
8 781
23 630
27 555
16 508
25 856
26 472
13 241
17 440
29 402
23 564
4 713
9 354
6 333
21 498
4 294
14 608
18 784
6 283
20 895
27 826
21 380
18 268
26 494
2 437
12 492
26 796
21 811
9 566
24 547
15 664
4 799
0 926
8 841
14 458
29 643
23 699
14 725
6 656
21 219
21 456
16 894
8 736
9 269
27 849
18 279
2 412
29 889
9 471
24 449
6 873
11 867
27 853
25 596
23 512
20 694
22 476
2 563
29 975
23 633
2 977
3 661
13 924
22 853
21 911
4 794
23 985
10 595
20 258
25 821
7 250
17 404
21 898
26 740
12 425
13 725
1 427
12 356
1 985
27 556
26 742
23 417
13 501
18 940
26 360
29 276
25 264
29 426
14 854
7 957
8 966
19 432
2 930
22 325
13 693
24 634
12 883
19 361
3 582
1 728
17 557
2 827
5 240
25 606
14 289
22 456
26 390
22 458
26 766
14 202
2 423
7 717
2 395
5 989
6 739
24 636
26 575
17 884
11 571
23 725
10 386
4 415
16 332
4 980
7 252
21 754
6 452
28 319
16 738
18 233
19 441
12 665
14 263
17 803
4 983
10 517
15 744
4 369
9 315
20 991
27 502
17 509
9 725
6 946
24 964
18 240
2 682
19 342
7 400
19 946
14 822
6 466
8 385
10 607
27 638
25 609
19 681
17 628
28 539
27 763
17 790
21 392
5 228
7 234
25 733
5 531
8 806
1 604
15 985
18 891
10 493
29 324
21 221
8 526
8 962
18 805
3 309
28 912
20 498
21 952
27 570
23 826
8 579
19 544
16 202
26 295
14 518
9 465
19 576
4 251
28 969
27 663
5 889
2 259
17 483
18 519
29 581
28 757
27 548
10 379
15 806
2 239
23 511
29 426
24 788
1 812
24 820
14 945
24 225
13 743
15 517
25 684
4 542
19 616
14 646
13 412
17 750
14 271
22 302
6 599
11 365
10 558
29 832
9 805
26 871
23 590
2 542
26 834
22 424
16 528
25 787
26 743
12 797
16 446
27 450
24 504
22 503
20 630
14 300
28 858
7 312
10 225
14 872
18 337
20 739
0 292
29 759
6 963
20 284
14 396
0 248
1 978
7 215
11 788
1 283
4 549
21 988
22 612
5 348
2 648
18 896
9 826
18 736
28 731
27 278
5 356
13 474
0 447
9 543
26 851
23 210
14 618
26 827
19 763
28 939
17 478
17 965
10 740
15 467
28 365
19 276
4 236
20 358
9 443
27 772
0 872
29 678
28 564
5 415
4 682
6 842
7 948
5 800
28 764
19 632
5 330
27 362
19 606
2 324
11 986
5 760
5 343
26 784
11 235
27 414
9 979
4 404
8 310
19 781
17 280
27 655
16 636
12 834
7 475
18 231
15 232
9 437
13 509
10 470
15 676
19 888
24 712
3 569
1 653
21 447
25 338
0 403
18 508
25 227
27 796
14 988
22 290
29 367
26 823
14 567
1 621
27 281
6 366
16 466
27 846
2 461
1 422
26 577
4 361
13 808
1 755
13 352
13 907
2 655
29 692
7 332
13 956
7 227
22 668
23 534
22 522
28 994
2 591
5 593
27 424
0 430
1 912
13 276
3 238
13 294
14 348
24 818
24 937
21 278
15 923
12 784
21 869
12 884
29 1000
18 799
1 552
19 262
22 828
4 919
7 499
9 822
26 642
21 228
0 651
4 465
3 873
14 377
16 441
13 930
4 298
3 827
8 612
7 701
19 740
3 282
3 430
20 972
5 434
0 967
11 598
12 477
21 787
0 737
1 839
27 825
11 617
3 985
10 876
16 847
23 742
0 923
24 976
5 496
29 476
11 922
5 378
2 976
0 578
14 467
14 824
10 396
25 538
16 808
20 891
12 204
19 415
22 806
25 532
9 870
22 213
14 328
2 680
23 857
11 654
13 315
25 427
13 200
1 465
6 792
15 310
13 993
28 980
6 222
9 377
0 932
3 570
27 241
6 549
16 308
5 571
2 665
23 365
14 348
5 599
0 471
14 565
5 221
2 747
6 482
27 558
4 851
9 272
3 620
20 883
15 875
12 998
9 821
1 312
25 788
20 813
19 981
12 333
15 461
15 647
28 655
24 233
19 668
0 226
21 529
14 587
22 647
21 997
6 873
25 965
20 597
15 975
14 821
2 215
13 297
8 275
8 680
6 670
25 241
27 820
11 961
12 268
21 753
14 825
24 729
23 461
9 610
21 475
29 524
21 385
28 655
1 461
20 546
17 694
9 210
29 501
27 853
27 451
7 607
5 359
3 424
4 666
18 293
13 630
16 332
10 989
5 406
27 796
15 537
22 652
13 222
23 714
25 708
5 739
10 473
4 831
21 811
15 862
3 930
13 366
11 276
17 803
29 741
19 794
25 581
8 849
18 994
28 410
24 743
17 811
21 207
28 484
1 910
9 781
14 408
25 921
12 923
15 499
4 360
2 278
17 552
25 678
22 661
20 624
25 933
10 951
1 729
12 482
23 629
5 900
25 269
13 720
4 570
19 971
6 864
2 297
13 435
19 358
0 945
7 206
22 826
6 459
22 737
20 941
21 961
7 308
13 780
16 744
6 806
20 563
20 235
7 915
15 626
12 624
25 825
21 562
22 617
3 925
21 305
20 905
10 889
13 218
11 512
12 404
9 442
19 607
18 668
15 297
15 469
26 283
7 701
15 644
10 568
1 360
2 654
0 755
6 694
29 209
15 783
25 819
29 696
26 945
25 628
18 742
9 999
14 451
3 675
9 921
10 930
10 305
16 988
20 245
28 443
5 874
7 285
7 770
23 956
5 579
29 349
11 466
1 856
4 536
7 761
6 296
0 692
5 334
22 884
8 366
26 701
8 835
15 801
5 388
12 524
22 420
2 450
29 979
28 950
5 957
19 938
14 735
20 335
14 963
7 581
7 513
3 206
6 743
26 238
20 464
16 764
8 803
8 441
7 216
21 232
20 602
2 252
22 366
2 625
6 344
12 834
24 548
7 699
9 489
23 779
11 752
13 970
22 278
11 357
10 305
28 793
15 667
3 305
27 306
3 489
2 226
10 651
5 859
27 502
18 469
16 754
12 694
11 441
13 834
0 546
3 616
29 494
5 625
3 936
16 311
9 406
26 749
5 386
29 292
2 613
24 523
20 599
13 274
14 595
10 662
21 981
9 793
10 719
22 591
9 468
4 362
25 570
17 295
16 265
14 931
12 541
14 825
5 429
28 416
19 841
23 262
3 881
2 630
18 256
12 624
1 731
3 646
25 293
8 631
26 432
29 908
1 525
14 427
5 815
4 854
1 265
26 573
22 426
18 558
5 401
5 607
28 311
12 622
14 481
22 791
21 828
22 483
3 433
10 685
23 615
24 254
27 408
29 637
29 293
26 377
1 667
14 964
25 928
7 722
11 882
16 263
20 583
17 391
9 264
22 849
28 239
29 459
0 563
28 853
3 777
1 668
27 378
22 412
4 589
9 609
15 251
14 593
12 320
19 948
11 964
22 646
5 787
7 780
18 580
5 209
7 508
25 204
18 716
28 207
0 449
16 411
7 499
20 576
16 820
6 470
21 475
24 342
13 266
11 457
24 363
6 675
24 937
29 661
12 489
0 676
17 893
15 971
1 747
15 295
0 850
19 284
2 863
5 855
10 360
5 600
13 994
23 244
24 817
3 327
13 343
13 594
23 717
3 746
16 437
22 973
10 613
23 974
9 314
1 733
9 840
18 444
10 970
21 439
23 989
18 855
29 208
20 789
11 839
22 865
0 396
1 279
22 366
5 370
12 273
28 271
23 539
29 851
11 927
7 626
18 352
29 623
1 695
20 210
5 324
6 434
5 296
10 714
17 933
2 726
19 430
12 407
25 757
15 265
12 998
8 576
26 654
7 601
15 356
10 377
18 505
13 959
3 586
15 845
27 734
12 631
8 273
14 278
25 453
12 541
6 452
10 438
25 619
27 516
3 997
2 358
13 500
0 348
6 823
12 604
26 391
0 857
14 351
18 433
7 240
16 323
2 804
19 893
8 200
20 787
8 854
13 298
23 965
24 486
25 785
5 476
0 318
0 911
10 731
26 997
3 505
11 412
11 446
6 870
3 245
25 976
23 366
2 581
29 841
1 209
20 330
23 958
21 332
20 452
1 730
8 231
4 248
28 610
15 240
12 543
4 491
24 748
17 340
17 880
20 996
6 261
7 984
21 571
17 389
4 333
5 726
17 268
19 775
24 277
6 806
4 824
11 416
8 610
27 481
20 900
6 996
17 268
7 343
1 273
20 945
14 278
26 396
28 542
7 841
28 772
19 261
21 876
16 282
19 824
12 926
18 689
10 699
0 728
23 420
6 903
19 482
11 644
4 481
3 588
22 703
5 250
23 678
5 441
4 540
20 652
11 974
27 705
17 705
1 631
4 405
0 341
10 594
4 899
3 293
17 586
15 975
7 731
25 290
8 765
26 533
10 592
19 596
10 765
24 276
11 558
29 379
11 219
5 248
18 307
4 258
1 641
14 898
14 294
28 677
5 228
15 474
15 762
24 787
26 700
26 728
10 935
14 236
24 401
10 874
28 735
28 548
11 808
23 926
11 873
16 845
8 349
7 337
8 365
20 442
22 231
2 530
7 406
3 349
26 565
0 254
16 977
24 828
3 369
25 208
9 219
10 625
0 928
26 845
26 875
24 716
1 977
28 570
15 462
11 495
28 327
17 400
5 875
18 282
29 951
7 390
27 549
4 580
4 636
1 968
4 534
8 598
20 386
9 370
13 811
24 893
13 892
9 282
26 204
23 895
22 985
8 877
24 622
26 215
20 975
10 876
1 281
14 836
21 782
26 975
15 503
26 422
15 280
29 456
22 526
26 629
27 519
11 662
2 469
15 968
5 252
29 592
24 738
28 598
7 282
7 209
20 736
21 756
25 634
17 895
13 891
20 266
6 690
21 441
24 442
12 943
23 253
8 487
25 876
8 483
16 423
22 638
4 789
27 754
20 511
6 714
3 287
13 314
25 735
2 692
23 641
17 687
9 592
5 886
16 510
8 855
15 578
3 901
19 615
27 764
28 718
11 947
11 381
3 380
19 288
13 773
22 853
25 950
17 911
11 433
24 850
29 579
12 533
10 441
16 888
27 338
9 301
23 996
22 452
10 647
12 370
14 918
12 550
11 294
16 769
16 794
4 229
14 202
18 910
26 271
27 413
15 848
9 672
23 625
1 986
28 460
8 889
17 520
7 261
8 904
19 217
28 350
27 881
28 324
20 221
21 345
22 314
1 267
2 931
27 575
4 997
26 425
17 810
15 218
26 339
9 404
2 749
13 727
13 257
25 557
0 690
9 208
5 596
24 859
24 412
12 208
10 909
24 480
25 888
20 798
23 550
16 624
10 237
6 868
4 740
15 920
8 505
13 873
11 548
6 393
8 824
24 696
7 384
23 921
15 856
8 928
10 213
5 634
28 726
22 314
0 752
20 960
24 804
17 415
28 390
20 827
26 284
25 905
6 720
5 844
9 613
26 760
12 671
10 346
26 245
17 621
7 216
21 667
21 814
8 783
20 809
7 575
24 956
16 892
23 334
4 804
25 898
22 872
1 865
2 834
14 620
11 886
10 403
3 460
21 563
7 954
29 954
8 354
8 395
21 335
25 936
3 805
12 671
1 611
13 436
14 943
17 861
22 334
7 361
22 725
28 350
14 329
17 872
23 729
24 777
21 980
23 634
22 631
13 624
14 288
12 697
27 428
29 234
26 519
1 930
16 405
18 739
25 597
4 974
5 891
12 908
5 496
20 576
28 393
21 406
2 950
15 512
2 971
24 404
29 886
17 788
12 932
10 527
3 320
5 284
4 884
24 500
3 613
26 488
21 311
3 997
29 322
16 588
23 461
6 947
18 401
17 286
7 614
19 931
1 556
2 491
2 694
19 969
8 433
8 289
25 475
12 586
8 713
21 596
3 332
5 859
8 964
9 891
1 573
6 618
13 253
18 355
12 698
24 423
5 685
15 687
16 760
16 886
6 389
27 349
4 300
27 899
5 265
15 789
16 434
24 994
18 944
2 976
0 505
19 361
12 411
15 449
18 429
23 382
16 924
3 230
14 916
12 363
21 932
14 422
12 640
14 279
3 591
5 789
0 666
12 296
15 373
29 705
21 753
15 436
5 774
23 425
11 669
22 346
10 564
18 814
0 214
10 515
14 813
4 927
4 445
4 671
26 390
3 916
18 443
4 877
15 255
23 621
0 477
4 393
9 239
23 768
13 827
2 872
2 320
20 232
26 423
3 660
29 477
20 890
17 413
7 935
0 421
15 972
3 737
26 891
10 203
7 348
21 254
29 777
21 398
14 530
22 868
