2000
4 664
20 492
3 451
13 573
6 546
21 389
5 613
4 636
23 990
29 312
1 765
22 461
15 338
29 799
0 434
10 939
22 710
0 799
0 725
1 828
9 818
27 308
9 971
15 659
23 639
13 856
1 533
7 610
17 945
22 595
27 761
1 873
9 852
19 328
11 833
8 338
1 556
16 728
12 514
6 382
3 300
10 812
12 893
28 447
17 986
23 490
15 320
29 792
28 402
21 713
23 792
15 981
15 495
16 989
26 342
23 999
19 708
24 556
20 213
21 505
10 914
7 451
17 995
29 456
16 254
7 968
24 407
13 770
19 643
10 726
3 803
8 829
17 808
21 615
17 756
25 721
18 560
16 825
11 903
16 735
1 535
4 589
18 248
3 269
23 272
10 828
2 900
5 220
19 910
9 308
18 699
17 516
6 395
27 367
18 882
24 299
15 853
18 549
23 220
10 430
13 387
28 858
26 664
8 598
20 800
27 362
11 487
2 930
17 760
26 228
23 559
29 691
5 911
1 367
3 528
2 335
9 480
9 842
7 533
0 375
0 236
23 678
12 443
3 206
5 842
1 960
15 446
18 520
11 678
16 736
22 880
12 480
20 434
3 559
28 290
25 953
18 600
15 717
2 947
16 373
27 540
9 266
6 651
2 201
11 210
5 935
27 838
15 693
16 748
7 352
17 880
5 838
15 243
29 965
7 586
16 790
8 544
8 432
1 892
14 241
19 946
2 523
17 581
7 907
21 737
21 902
28 465
9 416
6 446
7 929
15 527
20 570
20 564
26 985
12 971
23 698
15 449
17 331
16 856
5 731
20 700
10 969
20 429
6 746
1 703
0 888
28 971
6 394
26 853
22 759
29 830
4 949
29 821
13 776
19 453
11 822
0 986
0 729
1 685
19 754
17 551
7 206
9 536
27 553
24 219
28 684
26 875
4 295
26 389
22 935
13 783
1 272
6 596
13 723
24 320
17 926
8 883
16 997
3 202
20 229
21 586
24 811
8 911
23 269
28 755
3 792
27 957
14 374
13 697
14 279
17 435
23 619
8 532
28 436
7 823
6 413
7 870
10 749
4 410
7 655
0 852
5 484
0 365
0 251
9 644
16 544
26 498
27 382
0 998
2 755
28 553
6 319
2 385
12 270
9 621
11 521
4 788
4 877
19 873
15 790
18 995
17 225
0 438
15 807
4 517
16 573
18 686
4 356
21 566
25 908
29 543
25 224
22 781
24 269
14 718
21 672
18 929
3 835
2 831
15 240
11 534
14 816
22 405
4 672
6 447
8 872
5 840
10 259
20 229
11 853
2 470
7 308
0 228
6 709
15 494
14 439
22 932
1 690
22 677
25 309
13 591
9 932
4 385
11 360
29 533
19 814
13 675
20 513
4 470
24 409
3 205
26 396
10 534
18 569
22 402
5 253
20 963
24 760
7 384
23 583
5 671
28 627
17 620
18 548
19 677
28 200
15 523
18 625
7 750
12 696
8 654
5 772
6 784
19 943
27 393
25 530
8 286
21 509
26 681
26 762
16 687
25 657
26 994
2 858
23 230
7 870
2 931
19 567
2 492
5 398
17 937
16 592
6 208
20 388
2 279
22 848
27 702
3 639
20 364
29 831
4 665
14 484
28 707
22 385
11 620
29 751
27 708
21 571
4 471
18 200
16 230
4 812
0 850
17 293
16 672
24 422
28 631
17 439
11 257
7 691
3 927
27 557
10 354
0 277
17 958
5 368
12 736
17 202
13 422
11 657
7 950
9 950
0 371
3 513
16 203
12 372
9 768
28 215
27 499
3 564
3 837
7 223
18 558
14 520
16 433
15 500
19 775
18 439
3 979
18 631
29 482
8 977
15 674
16 618
8 777
23 746
22 664
17 339
23 609
9 427
17 666
14 969
5 650
16 457
19 718
27 210
12 526
10 380
5 963
5 715
5 543
28 522
25 284
4 975
16 872
19 513
23 542
7 247
27 302
0 943
3 563
2 794
21 693
24 599
7 872
10 589
14 791
18 537
3 824
6 345
7 926
26 207
11 225
14 983
9 775
19 512
29 386
14 827
15 711
12 564
21 513
14 938
27 422
25 625
16 218
14 438
25 708
25 302
24 999
22 964
25 755
23 578
17 282
19 444
6 968
12 513
23 622
13 956
0 624
21 744
27 689
29 416
25 980
13 467
2 394
26 488
4 514
0 285
17 479
23 296
23 301
4 756
17 484
1 217
8 724
7 417
2 461
22 952
26 662
24 215
25 581
10 263
9 783
3 602
16 560
23 589
24 867
22 886
21 400
18 289
18 456
16 294
19 913
12 738
0 422
18 959
5 893
12 276
9 397
4 516
27 536
2 578
8 239
26 718
8 858
25 728
10 887
0 893
22 644
26 677
9 721
15 468
21 247
16 690
8 788
9 993
4 461
2 921
23 425
19 850
26 580
12 998
15 562
26 306
20 679
19 248
7 827
24 753
24 522
28 404
19 381
0 343
0 911
8 950
8 337
23 374
25 926
24 585
22 815
9 395
17 751
6 858
28 558
28 903
14 763
19 974
19 859
26 665
4 439
27 952
12 463
12 675
14 938
16 783
23 433
2 854
24 823
23 615
26 543
21 367
14 578
21 647
19 978
24 725
26 228
17 936
5 942
8 352
8 738
28 453
25 439
2 546
10 588
19 540
11 855
7 719
1 621
27 819
15 638
6 964
6 562
12 890
24 343
25 994
8 778
21 226
27 547
20 926
13 508
26 871
15 641
1 301
0 453
17 293
17 784
18 557
6 593
16 588
16 451
23 774
28 707
25 951
25 913
15 654
20 727
18 666
20 320
9 628
27 330
1 914
28 751
9 473
11 991
7 740
26 456
7 627
23 833
4 587
20 609
11 217
3 447
23 970
14 578
12 483
24 870
17 510
8 422
9 368
21 335
20 714
0 341
22 845
4 959
1 508
17 297
25 214
5 216
21 661
24 433
1 687
13 835
25 746
27 431
11 701
20 283
14 805
2 552
14 515
18 991
0 399
27 954
0 733
26 873
9 596
28 651
14 246
12 227
13 275
10 528
22 328
22 699
7 926
0 303
0 450
6 630
8 641
3 761
29 294
23 688
23 702
18 920
13 1000
16 432
1 563
28 664
26 270
8 307
2 717
28 451
25 773
12 934
7 381
27 327
29 949
16 517
19 491
3 436
0 516
6 301
19 572
25 716
20 254
10 517
4 909
4 268
29 877
20 406
2 527
18 355
25 921
0 913
15 774
17 584
24 808
7 590
8 680
23 415
25 491
22 671
21 852
5 791
7 463
6 383
13 248
22 723
14 462
15 958
11 230
16 633
19 284
13 770
21 534
0 663
2 322
26 342
9 754
23 315
14 814
22 888
14 586
19 214
19 842
28 574
2 353
22 852
26 623
0 594
12 884
4 490
4 397
16 745
20 990
17 575
13 677
8 833
4 313
27 461
26 228
13 670
3 871
4 935
15 487
28 458
21 205
15 847
28 774
6 657
8 747
21 460
14 256
9 844
12 343
10 227
26 509
19 412
9 982
6 664
3 703
20 771
17 429
22 247
5 684
7 263
16 525
14 982
13 657
21 699
27 482
27 263
11 620
4 979
15 696
17 709
13 507
1 654
25 980
26 212
9 663
0 847
23 225
17 736
29 972
4 494
23 799
21 315
5 577
13 393
9 682
7 941
7 706
28 447
5 455
17 622
13 496
14 617
22 466
9 630
5 637
20 218
19 609
17 960
25 948
7 260
9 236
0 357
7 658
2 325
0 576
0 318
12 571
3 246
3 547
13 274
5 653
2 629
11 251
22 647
19 370
10 503
16 768
17 390
24 254
7 313
29 829
22 956
2 449
22 490
24 482
29 308
10 467
25 763
25 886
9 801
20 338
19 224
17 886
0 755
20 796
16 469
2 370
13 666
8 533
0 782
4 312
1 397
17 972
10 275
5 570
2 360
0 483
13 273
13 478
0 518
2 465
1 868
22 284
3 405
21 915
7 418
12 239
26 351
6 903
11 347
23 223
21 665
10 525
6 403
11 279
23 475
15 582
3 223
13 594
22 758
15 467
15 882
28 276
15 639
17 629
13 512
13 998
28 351
3 894
21 822
3 597
20 908
14 332
26 725
18 766
1 261
13 589
11 438
9 799
23 445
9 990
25 840
11 396
25 977
23 835
29 307
1 523
23 593
9 994
18 696
5 442
0 597
21 491
25 933
19 512
11 468
5 234
6 604
4 683
22 274
5 317
12 979
1 629
0 352
22 452
4 889
19 815
28 699
11 556
20 285
6 992
28 200
16 803
15 399
19 205
5 521
24 929
24 896
7 471
16 583
24 256
4 859
24 207
15 583
15 345
29 524
14 527
8 898
13 374
24 382
19 563
27 258
20 896
28 553
2 991
22 250
4 671
29 961
13 951
7 579
20 422
21 290
4 755
6 882
18 741
27 795
14 482
29 367
22 986
20 780
18 885
4 706
2 815
15 557
27 383
19 543
11 490
16 618
20 993
24 503
12 434
18 896
19 873
29 693
22 596
8 905
24 428
12 810
4 485
13 737
5 671
2 954
10 478
20 732
12 929
3 424
9 876
22 638
27 684
26 379
0 804
13 720
18 899
8 501
20 277
15 679
18 471
11 329
29 595
22 371
6 728
5 394
18 840
19 840
23 475
12 711
28 826
15 764
24 651
22 829
3 666
23 224
27 645
16 780
4 851
6 580
9 580
11 917
27 849
19 674
13 532
29 663
22 740
17 231
29 230
4 721
27 418
8 802
14 838
11 395
1 346
29 608
7 697
20 218
26 752
9 705
17 461
20 742
16 274
22 690
1 496
26 698
23 330
10 428
2 718
10 352
10 685
27 374
7 217
1 567
8 741
3 297
15 870
22 819
21 638
2 205
27 753
21 840
24 309
7 405
21 666
22 341
27 617
17 621
23 460
3 354
17 255
19 639
16 779
7 653
3 308
4 770
5 449
10 250
19 410
13 682
28 536
14 648
18 904
10 990
12 343
1 856
4 278
27 566
12 761
4 258
13 298
12 318
8 704
5 752
19 958
15 638
11 618
9 473
23 538
19 702
2 914
21 703
5 238
16 846
1 807
3 299
17 264
17 962
20 741
8 586
29 767
6 267
29 523
12 698
14 985
5 263
4 1000
0 600
27 427
1 603
2 458
19 690
11 465
10 696
19 712
4 234
7 849
18 599
6 578
10 456
13 361
11 856
17 993
29 531
16 980
7 313
6 661
9 248
26 880
24 868
15 431
15 408
17 891
1 217
20 611
27 610
8 749
22 299
6 653
9 894
22 496
17 658
29 787
9 437
9 507
2 596
2 893
22 508
27 237
19 657
25 546
13 333
29 732
18 741
15 563
4 531
8 681
6 771
16 366
24 684
6 473
23 381
0 887
7 746
12 402
2 347
17 210
26 202
8 717
3 905
3 873
12 956
26 436
16 757
12 765
21 301
26 572
16 310
15 803
2 405
5 289
0 265
10 989
24 804
20 256
19 359
13 431
18 557
20 912
9 626
25 603
24 998
8 285
23 254
19 725
29 592
8 544
9 609
15 247
26 764
6 847
19 581
17 367
22 512
27 873
15 825
1 375
26 318
20 367
27 856
11 352
22 507
18 501
3 432
11 543
21 527
19 293
25 722
1 794
7 742
19 357
27 599
26 700
5 877
10 853
25 534
13 274
28 468
21 991
13 673
8 565
18 692
28 611
2 761
26 736
12 714
22 254
11 495
14 233
20 550
9 359
24 535
23 462
8 836
28 602
4 207
3 825
11 638
1 941
3 473
10 240
4 753
11 761
9 245
4 808
28 792
22 662
8 702
28 276
23 253
15 307
10 975
27 699
1 450
5 894
21 833
29 606
11 218
28 826
19 991
22 733
24 933
21 247
16 639
20 647
27 582
3 657
13 274
13 725
25 736
7 202
24 674
25 270
13 649
5 939
6 464
13 433
5 605
1 775
2 376
8 633
5 954
4 922
14 245
22 831
0 935
26 469
17 859
6 905
2 952
9 331
5 525
23 230
25 492
28 345
4 877
25 867
3 227
13 525
17 355
27 383
15 334
15 569
19 542
2 417
10 737
18 762
6 795
4 517
4 276
23 917
11 346
2 776
15 571
14 274
19 780
13 214
3 859
9 244
20 623
10 679
27 324
0 802
11 871
0 200
15 346
28 726
8 958
18 508
1 852
29 910
24 231
0 994
25 462
16 203
20 726
16 300
15 318
22 695
10 606
10 333
24 959
22 557
23 326
10 678
3 357
0 908
29 482
19 483
28 228
10 582
2 641
25 284
7 419
6 340
19 312
13 769
25 291
3 254
21 222
10 663
12 809
21 886
25 899
27 517
1 746
28 390
1 902
8 410
10 592
28 749
27 822
2 890
10 741
27 508
18 430
29 984
7 226
28 236
12 625
10 360
17 344
14 482
29 598
5 520
21 944
0 902
13 826
14 845
16 795
14 562
11 515
3 847
4 313
9 793
25 518
19 577
26 561
9 366
5 398
8 844
26 808
22 515
22 571
9 356
8 220
26 577
23 914
1 240
16 705
26 600
2 850
3 241
20 244
0 506
27 429
29 631
1 235
10 917
14 542
19 460
26 991
13 829
28 994
23 612
4 573
0 900
28 975
20 823
19 642
13 535
17 205
23 549
23 382
3 456
6 391
29 470
8 824
16 878
11 790
25 832
6 887
26 527
20 704
3 712
28 467
3 716
2 754
25 295
3 344
29 993
15 604
1 843
2 216
3 498
29 635
18 447
4 585
19 354
29 228
14 335
11 807
5 970
12 426
26 820
12 268
26 724
7 709
13 753
7 675
21 955
2 589
9 376
17 925
0 726
17 350
0 691
5 737
25 680
23 848
8 339
13 796
29 906
2 949
28 804
21 637
0 609
9 255
13 355
7 747
21 622
13 217
1 503
21 929
20 549
20 674
4 969
7 438
14 914
12 431
2 515
20 369
6 814
16 215
8 362
26 487
0 980
9 841
3 471
23 746
3 325
17 897
6 277
0 300
17 880
11 886
5 489
18 211
24 244
21 231
24 680
10 287
5 585
23 755
28 736
14 781
4 325
0 456
3 672
17 452
5 363
20 281
11 723
14 248
16 887
1 413
10 749
22 399
1 708
27 308
15 962
29 661
6 462
6 908
23 823
0 289
16 816
8 398
13 469
25 415
26 297
0 1000
23 424
20 741
26 422
18 454
21 593
8 660
0 255
25 931
27 472
21 346
13 975
19 662
29 549
25 461
22 386
28 353
17 972
2 236
3 843
10 287
14 726
12 590
20 839
24 341
8 665
3 729
10 604
13 797
21 747
22 350
10 656
11 683
27 558
18 585
11 630
5 484
19 717
14 275
10 963
10 323
29 813
12 643
27 812
10 743
23 299
25 744
16 824
12 651
20 477
13 672
27 401
3 408
18 216
12 373
20 715
10 454
8 724
10 832
19 270
26 775
2 819
2 894
12 214
17 380
12 818
9 851
12 522
19 594
0 941
26 460
6 839
25 562
5 978
25 676
29 915
8 843
18 555
13 632
15 722
15 417
10 937
18 603
8 687
1 305
3 211
27 860
25 647
26 288
29 499
28 928
22 388
20 521
6 505
4 617
7 898
15 294
26 680
1 825
10 835
11 298
26 397
11 886
15 217
0 278
13 427
25 685
17 219
18 207
4 438
26 327
13 931
11 727
2 908
10 927
0 943
12 641
12 363
23 861
25 240
2 978
6 879
20 674
15 378
12 524
19 513
4 424
26 621
2 774
13 861
8 802
25 864
21 443
24 790
22 950
0 288
6 345
8 561
11 680
4 817
9 859
24 607
28 471
0 809
17 547
0 468
17 939
2 368
10 726
21 305
1 458
4 876
23 986
28 394
8 290
13 562
15 205
27 601
27 884
14 267
25 313
4 778
18 945
15 517
20 713
12 531
7 712
18 333
8 853
17 919
3 807
3 440
0 763
24 980
5 779
13 561
8 742
1 851
2 250
19 935
7 982
13 303
10 265
20 739
28 733
16 734
10 788
28 864
15 609
3 251
14 590
12 607
5 555
24 542
11 556
8 865
16 549
27 510
22 367
26 631
2 980
24 902
28 666
21 877
5 686
3 925
23 286
16 795
18 548
6 471
22 910
0 935
27 527
14 498
1 805
25 600
5 823
0 437
18 617
8 292
0 438
28 305
27 337
2 549
12 869
25 308
20 527
11 274
11 797
13 316
22 221
20 218
13 261
10 902
18 333
26 765
0 215
7 513
1 947
2 321
24 898
3 727
24 252
10 439
17 656
0 302
25 857
4 494
10 510
8 209
6 982
22 668
11 407
5 243
4 534
9 358
27 394
25 976
17 952
5 398
4 960
29 861
9 943
29 878
9 422
9 337
29 559
11 411
18 591
7 232
14 403
0 463
5 881
3 712
15 468
0 707
18 231
21 802
24 857
28 486
3 371
7 229
13 356
17 948
1 870
3 741
18 423
14 271
28 394
6 521
18 380
5 835
13 277
19 775
15 728
5 690
25 400
12 425
2 802
0 948
13 703
13 486
29 632
19 680
6 751
9 757
23 431
1 910
0 575
26 807
19 687
28 409
27 308
28 694
21 207
18 625
8 279
22 941
24 957
7 223
15 263
17 792
23 751
27 618
28 468
4 522
2 856
18 213
11 586
27 626
7 698
26 388
12 835
14 941
20 787
11 304
22 611
0 210
15 583
11 345
25 1000
15 701
6 839
20 891
29 848
7 712
10 614
26 233
1 710
24 803
25 995
17 881
1 474
2 566
4 696
16 579
3 723
2 369
10 532
19 313
27 277
14 820
6 261
14 760
1 625
9 538
23 679
6 733
23 623
6 515
0 394
4 507
4 706
25 765
29 284
21 701
2 763
21 364
14 902
21 432
26 232
19 784
27 878
7 449
4 255
29 325
5 454
7 833
21 351
18 223
19 475
8 912
10 502
8 213
26 892
19 382
18 962
5 784
26 502
8 945
