2000
4 983
22 342
19 946
24 430
29 260
27 566
8 479
9 762
4 431
26 381
9 417
4 949
5 597
23 527
23 529
2 376
24 882
12 454
7 967
17 460
3 222
4 251
24 502
10 515
26 940
9 293
17 782
28 885
27 353
16 620
23 300
3 434
23 705
7 732
25 634
21 509
7 845
27 563
9 412
20 544
16 729
2 592
24 464
13 412
23 631
27 364
11 331
28 200
15 631
3 968
11 916
13 897
14 829
27 941
16 470
13 290
26 610
20 531
14 422
27 839
1 343
26 435
14 437
0 404
21 888
18 617
24 520
29 825
3 462
16 272
26 770
20 437
10 466
21 752
17 796
16 277
15 925
27 343
22 328
12 632
17 698
10 501
23 909
2 957
25 295
27 215
7 844
28 211
27 914
15 527
6 372
8 962
25 585
29 741
12 955
22 328
4 783
0 339
7 505
26 894
19 959
25 721
24 334
7 272
13 719
5 541
3 217
20 842
21 223
21 888
8 718
28 326
17 396
22 326
2 487
14 631
8 759
1 628
28 561
0 359
14 528
21 562
21 393
1 633
2 732
20 924
0 779
14 452
23 569
0 360
24 276
9 802
13 718
24 887
16 581
12 784
12 410
26 725
20 620
2 957
1 621
14 819
5 242
19 707
3 345
15 220
17 800
15 946
20 946
14 813
18 941
4 716
17 880
25 929
8 777
8 758
16 905
9 224
27 569
10 383
0 878
25 577
13 635
17 780
7 388
28 889
24 459
11 818
3 591
13 708
24 363
2 229
21 596
0 388
5 581
23 889
11 772
16 433
18 237
21 950
28 330
24 890
26 460
15 660
14 897
2 480
1 555
28 203
0 852
18 676
12 684
16 899
27 347
4 394
7 239
21 281
16 686
2 252
28 726
19 234
4 704
9 612
9 537
23 647
20 691
19 955
9 786
21 582
28 394
26 325
5 869
6 904
0 221
24 958
6 323
11 428
14 580
26 425
4 679
5 229
18 326
11 930
6 221
12 914
10 992
24 890
23 431
20 418
8 724
14 657
9 265
1 642
22 922
16 272
11 204
15 583
4 669
3 863
16 995
14 351
19 223
21 331
6 312
17 572
0 893
26 971
18 858
6 976
27 256
20 545
2 623
20 449
27 554
3 414
16 205
25 695
27 328
15 971
21 231
18 806
10 706
27 244
13 724
11 412
5 251
22 253
14 730
27 729
25 233
11 904
26 962
18 351
25 249
22 751
26 514
17 611
10 693
29 407
7 543
2 311
20 207
17 334
16 933
24 664
1 319
11 443
2 674
2 994
19 510
23 295
24 773
14 361
19 544
0 779
20 941
22 804
0 550
23 401
27 241
5 334
11 368
1 736
24 482
15 344
5 723
17 366
14 447
7 592
0 389
14 455
9 268
2 407
23 300
22 612
5 270
17 610
1 984
29 553
6 972
4 487
19 933
10 719
12 656
6 709
4 898
5 900
0 831
24 955
17 760
16 383
28 361
3 953
25 742
19 941
2 268
16 821
4 629
19 235
14 892
19 622
9 864
13 637
25 253
22 779
9 583
17 486
5 620
0 543
11 656
7 491
18 207
5 737
5 764
10 633
24 970
24 370
4 626
14 698
17 739
5 819
24 711
15 404
3 588
11 936
16 602
13 646
23 986
18 280
19 650
11 644
6 865
11 378
14 742
18 920
24 376
21 509
9 735
0 860
21 651
7 355
12 669
20 588
0 563
17 551
18 700
1 656
23 650
15 728
4 600
2 501
25 879
28 724
21 611
24 209
2 212
18 263
21 287
23 991
16 911
23 303
28 531
3 506
6 466
16 548
25 252
13 648
16 834
9 597
10 747
26 999
28 628
0 371
21 748
0 671
27 854
2 551
8 403
28 273
23 493
26 456
8 709
2 518
25 266
0 705
12 951
26 511
4 244
21 974
25 850
20 805
16 595
3 991
21 425
12 904
17 785
5 633
19 805
27 642
10 793
3 417
19 230
1 754
21 466
24 973
20 560
19 884
14 353
8 766
23 613
14 804
2 713
8 790
25 351
26 571
12 431
1 913
23 316
9 294
22 374
21 849
20 988
24 391
13 459
12 706
1 549
12 383
14 428
9 722
19 767
28 731
16 828
15 296
3 217
4 323
15 404
1 638
26 885
11 296
8 525
14 363
21 924
1 937
10 482
17 884
22 491
23 486
7 460
3 402
16 959
25 350
1 322
11 350
20 478
19 433
22 931
12 716
12 853
14 611
16 439
23 836
10 984
6 313
1 938
20 883
28 453
3 441
3 824
8 341
29 501
2 204
6 704
9 522
29 301
22 999
26 754
23 374
27 987
13 913
13 745
10 827
10 522
0 847
25 742
6 982
22 859
5 512
11 494
23 409
24 304
13 906
27 508
21 212
2 483
11 862
22 645
26 641
14 533
7 325
8 506
0 339
3 546
27 964
26 556
0 801
27 369
19 589
12 519
26 868
27 334
12 909
19 897
0 580
5 487
20 598
17 716
19 968
16 375
27 510
27 870
0 286
8 613
19 437
3 644
3 239
27 364
17 343
9 832
8 825
23 276
5 378
19 290
14 201
21 308
2 733
22 419
24 234
16 633
25 985
18 296
19 977
2 997
7 782
6 515
20 756
19 203
6 557
28 875
25 241
17 917
7 766
21 436
6 672
20 930
28 836
2 798
21 631
3 777
12 613
14 561
1 971
8 731
1 665
23 935
7 539
16 566
26 385
2 385
14 695
0 640
6 644
9 300
1 788
19 921
22 675
4 677
25 689
24 411
4 480
25 977
14 612
10 353
19 565
2 378
20 990
23 967
13 744
24 479
17 637
13 333
9 257
28 412
25 633
4 948
27 394
5 803
16 740
25 388
8 447
9 969
13 203
2 432
19 202
5 666
12 645
0 884
8 370
25 269
11 600
20 576
5 261
21 868
21 809
21 626
18 378
23 432
12 805
12 559
4 218
22 399
1 838
12 491
9 734
8 705
3 377
5 756
10 957
12 652
3 921
17 953
26 413
14 905
28 363
27 441
1 496
4 346
2 263
7 829
14 811
25 813
13 531
5 965
28 923
18 873
21 252
1 351
17 276
13 647
2 240
21 976
19 621
14 567
12 710
27 721
17 814
14 799
21 621
1 226
28 205
6 883
2 975
0 222
23 997
15 546
18 591
4 380
24 525
21 932
16 530
10 647
2 980
6 773
6 286
3 689
11 234
19 336
18 459
11 276
2 825
16 471
17 661
17 209
19 889
24 439
9 354
29 880
25 562
7 963
12 418
22 747
8 913
22 328
6 558
3 345
2 825
5 277
12 593
19 487
3 301
24 497
27 385
7 714
24 479
9 845
12 211
18 528
8 699
3 909
29 456
25 266
8 795
13 321
21 393
10 597
7 211
7 534
2 690
2 860
0 451
3 845
20 872
8 553
6 689
15 468
3 850
19 527
7 241
23 553
29 747
6 588
0 793
10 881
18 593
18 569
24 814
19 384
28 251
26 657
20 204
19 212
19 720
17 297
9 310
26 533
2 273
1 723
6 420
21 388
25 395
21 313
11 448
12 796
21 687
11 804
2 464
26 346
25 793
22 410
28 427
12 418
23 740
27 362
11 404
16 395
3 853
3 862
12 415
14 264
25 792
17 545
4 343
5 308
16 222
14 609
27 230
24 254
15 719
9 938
18 375
6 336
28 885
17 421
27 842
6 271
20 719
19 417
15 674
12 701
28 455
13 571
16 540
21 566
3 790
10 389
13 747
26 740
23 741
20 988
4 469
8 359
27 291
1 527
0 336
19 367
14 345
29 388
5 333
13 830
23 576
3 319
18 237
22 340
29 746
2 546
8 923
19 498
15 743
13 468
25 333
23 301
14 926
5 694
17 225
6 665
17 639
4 265
21 829
26 763
0 720
5 514
5 760
0 524
20 430
6 588
5 655
14 446
13 956
1 550
12 357
26 661
1 403
1 228
29 303
16 252
7 509
18 202
24 349
8 920
11 809
29 630
21 699
6 350
22 530
14 297
6 206
3 864
18 982
27 740
14 718
28 653
20 227
20 501
0 544
25 550
23 430
29 669
9 345
15 378
25 786
17 434
8 716
27 950
20 602
2 440
26 669
24 895
23 312
15 718
19 341
19 707
12 560
0 593
2 340
28 803
18 200
23 287
13 974
10 392
24 865
1 271
21 388
4 839
21 489
4 928
28 590
5 210
23 647
9 594
27 801
25 838
5 641
6 723
28 276
12 298
8 345
9 962
29 652
27 596
15 746
10 698
9 834
10 910
6 414
21 326
10 585
23 994
23 767
15 536
1 380
22 362
10 253
28 739
9 792
20 908
5 971
5 752
12 580
19 713
18 418
26 329
24 970
17 573
23 831
28 808
18 670
17 914
1 205
10 843
16 857
6 843
3 981
4 550
21 966
0 741
17 628
1 906
13 837
21 587
28 250
5 404
20 645
23 666
24 577
12 370
5 387
7 907
14 283
12 620
17 306
5 295
13 888
1 425
8 292
18 253
17 654
28 336
2 515
7 633
29 464
16 802
27 621
4 259
29 572
6 386
25 260
24 715
21 369
24 504
22 977
12 502
14 288
20 840
1 876
24 864
10 320
0 342
22 610
29 319
5 665
12 853
9 337
2 992
27 739
23 353
16 709
18 399
19 381
0 642
6 213
3 460
7 853
21 448
18 223
2 565
28 681
11 885
2 674
15 500
6 292
10 666
18 534
23 460
29 559
23 620
13 755
18 423
22 620
3 683
10 568
2 967
13 670
25 217
2 424
29 760
21 572
20 952
28 546
7 535
0 733
22 382
1 998
15 778
25 766
17 829
8 569
16 398
13 916
11 551
9 962
25 545
6 893
21 968
28 442
13 389
7 663
4 970
11 430
5 399
3 735
23 336
29 957
25 664
24 377
20 297
9 595
18 630
2 521
2 768
21 860
5 548
19 547
1 798
0 695
27 512
6 291
26 525
3 886
26 251
20 604
25 689
3 385
17 802
21 792
29 255
4 393
3 521
14 702
10 263
1 553
23 348
8 729
14 721
20 313
11 689
25 592
25 587
29 259
25 695
16 410
16 586
22 217
24 355
11 939
27 986
14 253
10 732
27 464
3 475
9 261
21 476
22 887
20 795
22 564
27 223
28 579
27 391
5 288
9 662
25 601
19 714
28 645
26 918
10 215
24 463
19 905
1 996
1 692
11 201
13 843
15 869
17 384
16 315
1 390
21 467
3 785
4 537
8 335
2 977
27 901
28 404
18 784
3 995
26 234
20 837
24 359
5 743
19 491
15 595
7 966
7 297
24 632
24 346
23 712
28 723
28 520
18 672
5 956
17 983
20 221
17 366
14 229
5 835
21 872
7 360
5 319
14 840
25 643
2 655
8 886
24 986
20 666
8 382
21 589
9 868
16 406
27 713
7 782
23 857
27 294
21 236
4 862
0 460
10 812
0 514
16 776
21 510
6 552
10 328
1 225
10 550
12 621
23 472
21 285
16 878
26 804
24 498
2 323
26 378
6 945
13 487
20 698
21 492
17 328
23 507
17 884
7 952
21 504
6 383
21 902
14 569
5 901
28 516
24 591
13 938
9 288
8 839
23 581
26 676
13 541
9 456
12 781
20 318
18 504
20 606
16 752
19 262
24 703
18 888
4 231
13 831
5 880
20 826
22 792
9 901
14 457
27 338
9 300
10 815
12 360
28 339
28 659
12 318
12 578
11 403
21 300
8 583
0 342
21 268
17 523
17 250
0 821
26 288
21 619
11 901
2 864
29 532
1 833
20 678
10 1000
5 230
17 421
29 609
17 444
6 897
9 741
24 873
18 679
18 748
22 938
21 430
12 559
5 489
21 489
4 386
22 475
7 380
5 485
4 728
5 626
24 600
0 680
23 266
2 221
13 202
18 572
1 508
16 444
22 414
4 422
26 622
3 335
7 493
23 580
29 812
23 233
14 755
19 719
27 990
12 923
26 781
26 828
24 549
14 419
21 670
11 497
10 201
11 799
28 607
18 947
16 276
25 744
20 744
8 376
24 549
0 319
27 733
24 752
22 303
20 700
0 678
27 605
1 259
5 832
21 809
12 717
21 443
25 444
16 618
12 680
6 933
27 231
8 939
3 358
1 853
14 445
19 711
4 648
26 813
12 461
29 306
20 379
13 711
10 732
11 510
14 410
13 518
18 213
24 693
11 655
17 820
24 273
3 557
10 647
21 310
29 973
0 664
18 355
24 228
15 641
15 585
5 314
17 381
18 616
15 464
4 491
11 529
10 970
7 297
16 507
23 470
2 513
3 649
20 738
29 882
26 613
1 681
15 682
5 744
4 228
27 530
27 918
27 593
11 235
2 404
15 833
24 484
27 473
8 509
2 626
18 419
11 583
19 802
10 281
25 823
8 605
22 777
9 511
0 763
11 273
11 662
0 342
25 860
12 641
21 748
21 716
0 730
5 328
6 728
9 632
29 679
5 753
16 975
11 330
2 779
27 651
6 642
21 416
6 642
21 332
4 988
7 508
8 279
10 882
27 334
12 321
27 490
12 247
19 385
15 964
28 435
7 740
27 355
18 942
9 524
22 626
25 409
28 608
4 328
8 738
10 690
16 467
24 221
11 710
9 961
19 273
2 438
21 778
22 973
18 776
29 796
20 988
0 826
23 293
19 519
14 574
4 340
1 534
28 817
6 469
24 955
22 657
9 566
19 770
15 275
8 778
0 381
28 688
14 940
5 430
21 254
15 395
26 637
22 239
13 203
13 996
24 779
21 672
17 796
27 293
4 499
14 734
0 285
3 956
11 658
18 634
16 284
12 808
9 835
17 710
23 338
19 462
19 280
9 396
13 994
3 421
17 881
19 503
1 724
13 731
5 723
16 978
21 581
7 664
12 395
28 856
26 470
10 552
5 289
26 211
17 674
19 309
19 894
7 502
4 259
18 644
5 502
6 529
23 668
12 531
26 687
3 787
2 343
9 833
22 856
29 235
28 717
12 206
7 503
3 712
5 807
2 345
1 784
15 239
18 902
14 917
3 744
0 533
16 424
16 412
0 685
23 391
6 352
2 667
12 312
2 828
12 393
18 589
14 418
8 553
5 590
7 804
29 326
23 496
0 462
7 815
9 739
8 932
26 692
1 974
0 387
4 205
2 842
7 234
25 959
6 456
13 900
3 615
26 340
3 571
16 235
0 323
29 266
22 629
20 918
26 639
21 688
7 412
24 601
16 253
23 563
25 926
4 649
13 343
15 301
16 305
7 653
29 332
27 943
21 808
9 563
17 695
13 780
1 387
26 338
9 401
17 846
26 811
21 774
14 440
11 475
23 214
15 454
22 593
28 321
20 287
5 268
4 619
16 351
7 546
23 428
8 413
24 945
21 263
22 635
0 404
22 397
15 684
5 668
14 923
21 901
18 643
13 801
28 539
16 218
24 791
7 288
21 530
18 758
20 691
6 619
2 855
6 376
1 287
29 485
5 418
10 649
15 383
15 490
3 775
3 350
10 676
1 360
7 405
17 423
22 397
0 471
13 377
8 774
10 949
12 590
21 510
13 225
18 441
7 724
13 914
16 696
13 474
1 444
5 384
4 729
21 936
5 424
13 450
22 673
29 656
3 203
22 839
16 433
17 721
18 714
28 803
2 467
15 514
18 633
21 328
23 938
19 811
7 934
14 988
11 332
28 856
15 933
0 405
24 899
24 800
17 297
4 882
7 345
10 971
16 312
25 591
16 453
15 513
10 475
25 263
18 996
18 909
5 948
27 680
5 294
12 667
16 372
22 451
12 990
25 874
9 462
11 442
4 936
12 813
2 527
29 828
18 453
11 741
19 571
14 306
7 218
20 347
3 531
19 508
28 707
15 312
12 762
27 896
25 226
5 504
10 844
15 309
28 323
13 730
1 980
25 407
10 710
14 731
1 271
9 411
25 584
6 773
26 676
5 731
4 792
12 991
8 424
17 614
28 840
29 399
12 667
19 973
1 923
8 855
9 799
22 922
14 668
25 322
0 445
12 544
29 731
2 215
29 754
21 360
28 797
19 449
29 734
14 735
18 488
5 517
26 735
20 400
9 636
24 281
16 983
23 354
13 832
13 825
11 387
1 910
11 732
5 314
17 755
5 653
21 982
23 495
10 305
15 245
6 283
22 689
7 958
17 681
7 310
9 667
25 415
21 546
19 265
19 942
6 573
2 472
5 895
1 478
6 845
17 896
27 875
5 399
12 738
24 851
11 277
13 461
26 991
22 504
21 342
11 890
23 501
21 319
12 647
2 790
9 924
2 618
26 342
21 655
9 226
17 410
14 799
10 875
25 325
14 438
28 424
9 499
15 380
10 657
16 580
19 855
29 970
5 334
0 378
5 833
13 618
7 871
10 663
14 615
20 719
7 861
27 258
17 850
6 310
23 535
25 823
5 753
8 305
11 986
19 995
22 326
20 775
22 478
7 680
20 551
6 953
17 262
3 458
4 435
13 482
10 833
19 817
0 761
2 646
13 988
10 258
28 233
11 281
18 892
20 290
7 785
17 273
10 466
16 312
19 935
6 925
4 530
26 843
8 449
27 383
1 991
22 740
8 399
15 660
8 580
21 615
24 499
2 905
21 409
22 311
4 970
11 925
0 460
18 639
23 567
16 206
25 683
6 335
19 884
23 377
15 662
1 977
20 362
7 862
28 580
0 397
2 814
20 811
22 271
11 423
1 748
27 760
24 573
17 859
7 932
15 958
27 554
0 938
12 457
16 371
13 477
13 908
0 323
28 302
8 466
1 525
28 764
21 353
14 266
17 868
6 524
15 544
6 414
3 212
8 205
9 769
20 502
9 417
16 371
23 822
18 825
7 653
6 934
28 268
8 702
23 591
29 746
25 387
25 745
15 611
18 271
10 838
15 565
6 389
14 346
27 626
7 902
12 444
9 799
15 757
11 253
29 681
10 240
0 270
0 578
13 829
21 379
22 416
27 450
25 391
28 692
28 297
0 763
