2000
25 379
6 759
15 568
20 847
12 708
22 711
7 288
20 733
3 414
9 966
20 720
8 381
29 845
2 751
18 957
24 809
23 828
7 766
10 239
3 494
9 716
10 437
21 871
0 689
8 214
14 910
13 696
25 843
6 743
0 786
9 263
19 996
10 576
25 909
2 359
15 485
14 802
2 432
5 954
3 682
17 414
22 382
21 815
1 267
28 830
7 970
14 308
27 360
13 567
16 889
19 399
23 742
5 972
21 768
24 752
27 877
10 296
23 623
7 553
26 584
16 393
21 349
10 274
16 675
17 909
27 879
27 883
5 656
17 782
6 425
0 900
19 997
1 445
12 836
14 581
0 885
12 759
0 397
20 760
8 723
14 484
4 493
25 449
24 232
21 507
2 393
21 606
13 353
17 938
16 834
26 504
8 953
16 677
20 778
15 365
12 832
29 723
26 937
20 412
6 267
7 959
20 369
7 222
1 948
16 922
2 416
28 956
6 267
26 652
3 528
23 329
7 935
7 760
24 933
24 962
25 368
20 568
18 699
9 929
4 281
12 803
26 931
17 650
3 257
8 646
0 221
19 784
3 449
12 334
9 999
12 201
1 323
12 265
16 472
25 931
19 495
20 215
14 861
12 570
5 251
28 644
23 580
3 319
25 605
13 554
12 360
1 717
13 476
8 764
6 803
18 257
2 702
23 235
0 206
17 287
2 357
4 661
10 966
11 739
0 206
4 964
2 333
21 519
24 286
26 702
21 405
27 699
5 805
21 840
1 531
2 566
14 491
21 648
16 827
20 831
8 298
25 702
9 912
19 739
7 709
20 433
29 905
2 955
12 638
17 354
3 254
5 246
16 783
27 486
13 775
10 246
15 631
25 642
24 683
5 598
24 822
26 320
24 952
0 461
11 714
15 655
17 502
3 310
18 343
20 754
14 607
21 797
23 880
19 825
25 270
9 836
17 779
26 501
17 325
28 238
5 666
20 792
26 297
21 284
10 302
4 607
7 730
8 528
13 441
1 941
6 808
16 467
23 873
17 556
17 578
4 544
21 242
6 479
12 546
7 853
25 321
28 590
26 236
14 390
29 536
12 588
12 248
13 375
22 956
29 686
21 460
26 361
2 746
9 254
2 483
9 950
12 873
1 470
18 686
0 304
25 280
6 998
16 629
16 427
2 404
15 601
25 548
18 787
11 666
16 750
3 851
5 557
22 639
28 314
28 747
3 223
7 769
17 540
17 810
23 329
29 997
22 691
14 216
26 358
18 349
20 496
12 978
4 316
12 232
26 948
15 226
5 596
11 533
8 769
23 795
15 335
17 448
2 311
12 233
25 225
22 297
13 947
3 508
4 691
9 928
16 637
2 837
10 282
11 337
23 331
16 724
16 477
9 374
15 690
13 425
24 758
10 280
17 743
13 789
12 607
3 557
13 989
10 693
3 900
24 275
20 432
10 683
0 555
15 728
2 202
20 533
7 596
29 423
3 273
4 900
22 760
27 754
27 945
19 376
11 656
4 999
16 766
28 265
2 495
8 575
1 547
6 649
11 500
29 724
1 408
25 853
8 523
5 799
10 781
17 262
10 421
8 589
14 490
29 374
19 975
19 662
5 931
2 861
12 667
9 447
24 210
6 797
10 829
22 993
15 399
26 357
16 485
24 319
25 669
27 659
25 732
7 587
20 352
19 557
19 829
5 502
29 793
15 398
6 655
10 365
9 282
29 359
12 202
27 992
13 906
14 818
21 286
17 377
6 980
12 699
22 642
19 303
8 853
27 975
24 244
5 929
3 810
19 536
28 758
16 599
5 340
3 522
14 273
20 462
27 724
0 356
0 873
22 595
8 510
18 907
21 915
24 706
10 783
12 569
10 841
25 969
27 487
18 717
24 613
3 651
4 268
29 775
29 240
9 433
16 463
28 370
14 966
3 956
16 724
27 776
25 404
29 294
15 321
23 676
21 323
14 704
17 555
1 581
25 283
25 854
17 708
21 487
5 988
23 956
17 969
29 584
3 461
10 817
6 312
15 373
5 532
28 969
28 316
11 224
7 863
21 324
16 944
26 260
25 410
27 510
22 259
2 571
26 853
28 262
12 475
11 994
1 740
2 251
19 364
16 422
3 287
17 680
2 996
18 565
29 975
18 641
16 751
24 222
20 489
10 894
12 827
24 398
24 589
19 349
28 560
17 236
8 855
7 923
8 987
29 964
6 386
21 431
7 367
4 962
8 881
27 219
27 995
11 489
4 486
2 227
22 983
26 326
23 335
15 442
29 214
5 839
18 214
2 969
1 829
5 376
16 667
23 883
2 404
8 421
29 493
13 770
6 809
11 774
7 315
24 947
13 560
1 734
12 338
29 442
13 770
4 550
11 779
15 207
28 431
24 473
0 938
9 850
15 390
24 456
15 228
8 930
13 923
20 725
12 922
15 527
6 706
20 784
7 928
26 201
2 319
10 502
17 743
1 819
24 916
2 949
28 708
23 786
5 200
10 990
5 425
19 626
28 438
25 451
0 733
11 446
15 645
10 663
21 926
1 835
8 403
27 311
6 622
13 452
24 477
3 869
22 820
4 901
13 506
19 660
1 801
23 379
27 411
27 273
10 251
5 676
19 963
9 428
1 930
16 314
3 238
6 950
19 520
4 397
5 244
25 482
23 286
10 212
1 527
3 297
19 381
15 360
28 487
0 998
12 979
7 749
13 407
16 236
4 242
24 883
26 275
8 948
5 639
29 599
18 339
16 499
29 568
9 405
13 493
5 747
28 454
21 380
18 668
7 694
25 541
23 311
22 536
25 563
28 896
28 871
21 601
23 981
15 321
3 235
27 700
25 991
16 582
15 223
28 585
25 500
20 852
25 522
2 776
17 434
0 646
12 447
21 537
22 296
15 551
1 647
22 780
7 772
19 518
12 282
14 263
21 563
12 281
20 765
18 941
16 364
14 627
13 258
7 547
1 295
21 673
13 213
17 364
24 802
17 823
4 694
7 443
5 867
29 565
19 709
26 386
25 626
4 754
3 556
12 305
12 488
12 565
16 287
26 978
8 604
24 272
9 719
14 260
1 410
13 671
27 582
15 914
24 391
12 815
29 402
7 329
4 665
3 516
14 351
7 398
11 296
11 623
8 200
27 282
19 504
28 987
23 571
23 695
26 378
29 725
1 421
28 386
16 683
16 622
18 949
21 911
25 293
26 865
6 804
8 768
22 862
29 583
23 778
21 341
10 311
6 643
6 962
8 423
17 814
23 639
16 420
9 976
5 861
3 830
6 563
25 993
11 931
20 709
16 675
6 576
7 355
17 763
8 416
18 267
27 542
12 644
23 858
24 533
21 261
24 759
10 812
29 944
18 787
11 607
12 608
25 961
29 677
4 247
27 531
12 848
7 388
21 948
3 629
27 488
3 559
0 413
10 534
9 593
24 991
23 655
7 741
1 722
16 986
29 577
14 663
6 822
20 257
4 679
23 468
19 332
24 656
7 586
25 509
18 990
27 208
12 826
18 999
19 303
29 935
23 849
15 937
25 491
25 754
10 718
12 452
2 224
21 584
11 508
20 397
15 742
21 543
15 413
27 805
12 489
20 662
5 793
10 427
2 935
1 217
6 623
10 256
21 610
13 971
15 885
1 566
6 940
10 703
27 943
26 361
14 908
21 969
24 903
23 953
7 218
29 962
17 211
7 763
12 740
0 536
18 704
29 439
28 380
0 934
22 916
13 898
2 369
23 495
27 749
13 794
8 560
7 919
22 384
23 219
3 629
11 322
12 871
0 418
12 997
7 759
6 817
28 334
24 640
1 839
20 612
25 429
8 262
14 704
9 626
22 878
4 952
1 808
6 594
2 393
2 403
14 457
17 406
14 263
7 516
10 721
28 809
18 685
14 827
11 846
27 218
19 365
19 787
24 745
18 984
29 723
28 510
21 707
2 820
16 828
23 904
15 377
25 388
16 743
6 458
15 523
9 305
5 878
26 499
22 202
25 975
22 400
18 604
19 924
23 835
15 239
23 429
27 845
11 574
15 241
25 540
25 818
24 271
14 308
17 552
23 805
19 899
25 771
15 661
15 382
15 689
0 219
2 492
14 883
22 634
12 541
27 322
17 516
8 489
8 207
4 658
14 454
27 518
11 1000
1 664
7 738
14 715
22 655
12 232
11 444
17 245
26 467
3 562
1 888
1 715
9 477
18 811
21 761
26 665
9 517
2 844
28 927
2 525
13 503
18 347
5 442
16 327
23 396
17 804
20 562
10 804
25 309
23 852
9 501
13 465
14 884
6 615
15 601
10 416
16 719
5 543
4 283
0 266
13 864
6 794
3 923
18 263
17 617
26 827
20 849
8 786
26 717
2 544
14 387
10 902
16 403
19 735
25 550
24 456
27 389
19 601
25 736
20 581
0 751
25 397
23 685
18 841
10 336
18 384
12 584
12 367
28 210
3 567
14 781
26 209
25 885
18 396
22 820
5 521
13 836
10 957
22 529
25 818
19 269
0 389
11 508
16 437
14 547
3 763
22 228
27 858
4 281
6 274
9 328
12 636
18 511
1 277
1 943
10 859
21 751
23 908
9 901
13 530
19 657
22 332
27 337
19 315
22 957
16 800
20 480
0 563
20 505
26 763
18 203
2 270
19 418
28 853
25 656
12 233
26 405
5 718
20 460
26 566
13 362
2 643
16 511
27 305
24 522
10 449
29 752
10 558
29 589
11 368
24 268
11 488
14 802
22 832
16 642
24 582
11 308
24 689
9 221
22 291
19 375
3 462
7 512
27 386
20 812
22 766
28 291
12 755
0 630
1 223
24 565
23 457
8 703
18 290
12 677
22 284
1 535
13 424
29 966
26 725
0 687
25 540
12 548
27 557
8 438
13 829
17 821
17 300
17 818
12 673
1 892
29 509
19 351
28 916
16 514
23 761
3 268
27 489
29 282
28 747
24 362
15 386
2 696
2 546
17 445
26 796
0 705
16 519
11 298
4 985
17 846
3 586
12 828
0 527
24 996
2 614
5 935
4 279
25 581
3 257
15 778
7 715
24 552
14 734
4 909
8 203
10 892
6 612
20 932
24 343
8 533
4 852
0 273
22 498
13 440
6 838
25 215
13 868
21 341
17 852
29 251
9 755
13 236
28 653
6 604
14 382
5 340
24 841
6 830
26 787
26 745
25 405
23 921
27 403
6 918
12 250
1 463
2 961
6 817
0 351
16 321
26 807
21 711
8 707
12 695
18 347
14 854
1 565
17 820
18 956
9 333
24 688
12 683
3 906
13 318
4 976
19 290
10 740
28 889
24 269
18 441
8 575
4 814
16 684
17 330
0 343
9 226
6 983
13 217
0 778
21 924
3 960
18 246
25 765
27 779
16 204
11 459
5 836
15 368
7 937
13 515
25 814
11 506
2 984
29 460
20 817
19 727
22 526
1 933
16 233
7 689
9 422
27 375
0 422
18 837
18 599
25 246
17 783
3 925
15 294
8 828
21 784
13 788
24 882
29 953
12 280
6 616
17 502
27 726
19 977
25 552
14 858
19 509
29 625
7 964
24 364
21 390
10 212
19 459
4 493
28 816
27 481
21 780
27 738
11 416
27 573
28 426
13 932
14 726
25 557
28 653
23 986
26 865
28 388
1 796
8 916
5 689
26 305
26 836
29 460
22 550
10 918
14 723
28 390
18 731
26 769
28 401
2 578
19 431
16 501
4 972
3 977
9 745
12 755
3 386
12 245
1 545
13 485
1 605
23 302
19 997
13 673
29 917
2 438
7 218
4 468
12 435
23 712
8 639
4 892
1 795
18 530
17 434
15 530
26 552
11 884
22 845
1 407
28 429
1 289
7 550
3 713
10 507
23 256
6 954
15 967
28 768
22 323
11 741
22 639
27 816
7 267
21 436
12 259
14 727
22 833
15 408
17 747
21 296
24 482
15 537
21 639
20 384
29 777
6 276
3 345
21 282
18 222
6 244
21 297
29 437
2 229
7 949
27 490
7 321
24 675
25 535
2 273
27 363
23 543
11 407
17 791
13 217
26 682
16 805
8 755
9 457
9 213
22 672
6 895
27 636
9 918
9 265
22 776
22 707
13 840
26 782
8 575
12 505
23 821
29 310
27 294
25 763
20 349
8 905
22 456
26 744
21 327
26 457
7 323
4 504
28 985
19 905
4 853
11 586
7 456
20 260
20 925
1 791
4 727
15 256
15 201
10 510
7 231
10 817
22 719
4 490
17 346
0 589
23 229
8 777
4 969
13 344
4 639
29 212
25 488
3 574
10 704
9 954
5 631
5 966
3 870
12 272
25 420
27 383
10 960
13 840
21 928
16 923
2 900
28 408
25 909
2 531
24 762
9 749
10 686
1 609
0 713
9 796
17 694
23 498
12 589
22 242
0 727
26 502
21 824
21 468
2 510
0 613
29 804
20 815
12 568
23 843
11 649
22 251
2 927
12 624
4 244
4 448
19 985
29 358
26 479
26 813
12 672
13 532
11 993
4 773
23 899
25 690
24 452
7 705
3 885
27 373
16 827
16 316
2 843
4 647
23 497
7 714
22 719
20 967
29 282
1 893
4 522
20 364
18 414
18 834
16 230
20 955
8 512
14 543
29 899
19 300
29 564
17 634
28 389
21 802
0 993
9 592
10 925
5 836
27 854
4 524
2 243
1 950
10 927
3 513
1 273
23 878
13 619
17 516
4 960
7 251
18 623
12 880
13 721
17 322
21 712
1 686
3 298
27 269
19 748
18 216
22 661
5 828
10 258
14 338
29 524
17 641
6 656
14 977
16 720
2 771
27 701
25 228
8 480
29 325
9 836
29 486
4 423
16 261
17 495
15 417
10 374
25 400
16 726
0 351
3 534
3 598
24 233
16 778
2 999
12 430
22 825
22 561
1 919
0 698
24 531
13 316
25 852
26 708
9 837
10 783
12 661
20 934
18 887
21 920
12 764
15 462
21 662
14 403
26 263
21 723
12 710
25 272
17 680
1 584
17 468
6 555
2 319
25 299
13 638
10 927
3 586
1 735
4 381
18 809
7 450
21 791
15 279
20 938
5 625
20 272
29 805
28 998
25 494
14 354
22 931
3 387
14 272
17 992
5 343
5 812
27 336
25 289
17 673
17 588
28 336
2 328
15 369
9 561
10 556
25 598
24 609
26 586
14 553
0 695
18 248
5 419
2 518
12 416
26 709
15 210
15 401
12 784
6 224
4 726
28 875
4 863
22 426
27 592
20 706
5 258
15 525
29 799
17 256
21 483
27 647
19 413
8 257
21 786
22 254
1 972
29 943
23 666
25 675
3 774
4 912
28 966
9 490
2 270
12 407
16 907
18 949
13 299
7 945
17 717
8 435
15 424
3 374
7 327
18 229
11 711
25 754
9 488
16 775
21 210
6 702
28 327
15 693
4 254
27 632
7 866
23 412
29 474
9 414
4 354
15 220
7 906
23 874
9 207
13 899
14 927
21 519
1 359
27 845
1 269
21 923
7 525
8 371
16 901
9 599
17 570
2 275
28 719
15 261
13 615
0 590
17 864
15 934
16 338
7 520
2 443
5 240
27 998
13 510
16 709
13 941
23 518
11 546
21 591
6 805
12 639
20 996
18 947
4 442
4 291
27 923
20 310
12 623
29 567
19 387
16 444
29 695
0 740
27 977
23 405
14 702
14 593
27 200
23 418
12 264
9 968
24 524
14 952
27 716
27 328
4 829
22 588
10 699
1 874
29 281
18 431
10 451
16 621
23 283
12 871
19 280
26 671
26 647
10 371
0 388
20 809
20 947
16 438
13 423
9 641
14 510
19 363
17 523
14 789
4 507
25 849
19 645
25 485
6 265
15 641
1 418
21 1000
27 635
20 410
4 851
1 739
24 838
6 254
3 525
29 875
9 682
29 359
24 259
18 319
5 571
17 622
3 636
10 541
12 672
16 696
17 479
15 280
26 316
21 447
10 776
2 743
19 383
27 834
6 517
18 900
8 924
27 453
11 878
0 468
28 436
10 426
10 820
20 546
10 638
21 731
0 496
25 532
25 573
9 387
2 660
13 431
5 610
2 630
9 248
10 302
3 545
14 465
17 977
13 657
17 925
19 227
18 314
3 968
25 991
3 796
15 250
14 565
0 231
5 618
23 685
15 704
13 398
29 735
6 858
1 624
21 384
14 668
24 312
24 481
12 228
12 720
11 397
20 559
28 261
14 799
1 436
28 272
1 828
16 274
6 683
11 923
4 221
6 894
18 482
0 501
17 452
24 491
1 899
11 926
28 754
24 713
11 875
8 577
25 694
17 716
12 402
12 414
28 854
26 987
22 784
25 418
11 330
6 817
12 330
6 383
7 746
29 570
6 832
16 937
21 523
6 517
27 834
2 266
19 741
0 266
13 469
15 304
18 308
16 562
18 393
1 818
25 819
7 655
13 490
10 331
3 625
13 281
17 274
28 751
15 868
5 829
11 707
18 325
0 845
5 547
17 265
27 971
23 938
4 688
20 982
25 908
22 293
20 413
24 472
19 445
20 582
26 509
13 267
27 701
26 822
24 484
16 397
7 436
7 248
12 390
15 373
23 636
17 695
9 735
22 276
25 649
24 509
16 510
14 651
15 246
22 374
18 970
16 702
13 744
27 744
6 450
17 926
23 841
6 207
15 342
23 820
20 456
5 812
2 873
8 372
10 862
7 238
19 738
15 917
28 243
8 286
6 683
8 353
5 390
3 493
18 558
22 909
8 513
10 684
9 410
20 905
8 871
8 507
17 377
13 795
11 229
19 840
11 605
2 626
22 996
6 275
8 662
27 759
21 935
1 567
26 839
9 968
11 865
28 469
22 290
27 565
0 392
11 732
24 249
14 911
6 418
1 677
17 848
8 470
2 975
24 371
3 592
23 974
23 974
4 782
0 620
22 306
15 346
6 588
21 805
4 427
29 957
10 226
13 291
16 400
18 844
9 231
27 220
18 385
16 482
12 649
25 921
10 593
28 204
