2000
3 448
21 614
10 202
26 522
24 915
7 207
18 997
24 336
6 269
11 998
18 988
7 644
11 439
23 212
11 795
21 845
7 403
13 410
2 517
21 882
0 365
27 203
25 219
20 893
10 524
13 211
19 377
17 609
15 204
3 996
20 541
27 784
18 404
7 830
3 574
12 338
18 653
29 725
1 375
4 487
10 304
19 952
13 225
22 396
26 972
26 558
19 711
22 393
25 245
6 370
16 284
17 221
18 431
24 781
24 704
15 247
0 616
29 985
15 482
23 557
26 906
9 455
22 934
21 956
24 501
12 209
17 203
12 505
25 457
10 372
13 601
23 619
25 343
19 483
26 498
24 437
27 760
24 529
7 208
13 786
3 710
25 231
2 752
20 667
14 679
7 984
22 992
9 534
18 372
3 207
9 373
5 737
19 413
17 294
9 629
20 676
23 713
17 302
12 566
10 455
28 932
5 936
10 458
8 291
18 949
20 648
18 261
12 409
22 567
25 479
15 417
22 956
10 974
4 856
25 406
27 595
7 325
15 793
10 896
28 215
10 565
6 318
13 389
15 496
20 527
10 919
13 523
10 762
24 514
23 792
8 900
21 785
14 769
18 934
20 213
1 388
25 531
14 742
29 810
18 977
15 960
21 861
12 571
1 498
3 622
19 588
14 745
15 297
2 459
24 408
20 484
11 686
16 512
5 288
26 256
22 674
18 795
5 683
29 278
20 415
10 677
11 959
27 771
21 814
26 605
17 663
8 887
12 332
3 745
3 551
25 603
24 307
23 367
3 409
2 719
26 227
25 482
21 566
3 880
27 899
10 488
15 608
11 971
5 877
10 339
20 380
12 629
11 638
4 464
22 666
3 280
5 887
24 845
21 608
27 299
9 832
22 507
25 504
1 414
25 396
6 801
7 947
3 402
14 783
12 227
12 707
12 378
8 356
23 415
24 845
10 774
27 614
27 416
2 469
20 201
25 715
0 640
6 458
19 786
21 861
0 754
25 962
19 349
0 911
4 411
13 721
7 753
3 614
2 791
22 854
19 380
14 587
6 567
2 870
17 409
8 453
29 742
7 334
25 996
3 545
7 756
7 828
9 607
22 567
23 742
1 960
9 386
5 305
8 884
27 360
27 607
22 812
10 830
24 778
1 542
13 491
1 579
16 783
11 464
25 448
20 814
27 202
3 867
1 974
29 214
1 386
0 271
24 781
4 756
20 423
6 383
16 521
9 430
18 521
21 450
0 321
23 888
9 419
21 781
5 393
5 546
8 458
20 345
29 544
19 696
22 587
22 279
22 501
27 632
4 981
8 889
13 752
21 938
8 796
22 251
6 588
12 334
0 493
8 334
13 940
11 911
18 334
1 853
4 987
21 549
20 641
21 723
6 987
0 807
8 324
16 840
5 512
16 713
27 700
17 625
19 951
15 893
0 353
6 786
2 792
28 567
10 253
13 678
7 685
16 718
29 689
0 471
4 594
10 430
26 424
28 979
20 483
15 990
19 780
17 762
13 505
12 498
12 630
29 841
17 200
21 876
17 732
20 362
14 311
2 520
7 805
18 564
12 342
23 401
0 692
4 784
12 726
20 484
1 435
5 885
25 458
10 516
3 506
9 914
18 202
8 646
26 896
7 796
0 921
13 832
1 724
20 294
7 890
20 816
23 808
18 582
22 552
7 222
18 886
29 964
29 881
18 888
10 306
21 470
18 609
29 260
6 214
28 819
14 410
9 495
3 950
25 993
22 382
6 546
28 332
2 434
2 229
28 922
23 436
10 872
7 593
28 337
17 338
6 546
26 649
14 709
22 316
8 727
2 636
7 303
7 974
9 706
13 892
15 677
0 557
24 729
18 376
17 385
20 405
21 569
14 335
11 484
29 423
4 756
21 886
12 474
25 219
6 253
29 414
6 351
0 567
23 698
16 946
19 224
6 201
1 265
3 355
4 630
14 520
23 570
18 914
25 227
14 285
1 762
27 270
28 770
14 825
23 205
8 547
10 754
2 819
10 803
13 974
4 947
6 215
16 656
21 259
5 536
29 949
17 478
12 437
25 984
28 251
10 832
16 493
0 231
8 785
6 321
16 634
20 597
14 945
8 970
27 768
24 666
17 841
24 209
17 481
20 353
13 632
7 957
15 466
10 333
2 683
6 680
29 953
7 431
14 511
10 299
14 779
28 912
27 745
20 208
9 377
15 791
2 328
8 502
16 930
0 338
21 200
6 871
25 929
26 835
23 322
5 470
0 883
12 313
5 986
8 685
21 864
18 781
27 770
11 673
7 510
5 218
0 345
10 824
16 500
17 593
17 926
9 464
17 421
9 920
8 646
18 372
1 609
9 838
0 922
21 550
22 307
3 746
28 522
8 537
23 549
3 916
6 939
3 685
12 890
11 885
21 825
2 349
7 203
18 415
16 995
20 519
7 364
4 958
23 971
24 755
28 271
20 996
23 715
12 959
4 777
2 401
17 328
1 950
22 379
1 439
26 433
16 902
29 472
0 702
11 945
16 713
19 839
21 829
0 789
0 771
1 396
9 997
13 296
9 554
13 917
15 420
14 808
6 950
18 984
17 216
28 585
18 848
3 925
26 716
5 402
10 923
26 576
24 733
25 946
14 817
18 259
9 345
27 421
24 689
1 234
5 997
12 208
12 908
10 524
20 689
14 890
19 461
18 822
26 476
2 208
10 228
16 344
24 950
10 213
10 213
4 987
18 436
3 537
0 807
29 462
1 739
3 529
2 688
26 344
21 921
14 996
13 904
23 305
21 544
8 909
19 327
7 326
9 434
9 594
27 294
10 519
1 798
10 889
16 424
11 929
5 303
15 954
10 510
19 375
28 604
25 777
0 446
21 650
23 936
27 500
6 842
11 604
6 930
13 278
13 661
15 906
3 334
19 387
23 858
17 557
13 971
24 710
5 896
17 262
7 448
6 714
7 653
3 824
19 491
15 738
14 558
4 946
5 741
23 749
17 514
29 840
12 529
10 272
12 666
0 295
1 599
4 617
22 540
0 563
20 221
15 637
7 980
16 861
10 320
11 237
28 219
2 826
13 929
2 681
4 715
28 763
22 832
17 680
27 273
29 481
0 711
16 659
16 420
29 518
15 512
26 623
5 364
27 463
29 311
1 424
24 961
23 516
12 530
5 635
29 261
27 385
6 682
6 426
28 986
26 303
28 782
25 820
11 403
23 370
16 834
18 764
25 338
17 519
9 963
18 819
5 664
14 432
11 647
23 791
7 575
9 820
12 631
24 444
9 583
18 988
13 516
25 749
16 242
17 959
11 311
3 795
29 219
25 624
5 949
2 383
27 969
28 446
22 487
5 314
16 329
7 420
12 534
16 297
19 340
22 209
4 696
3 778
17 996
3 873
27 765
23 717
28 368
6 925
28 217
13 561
13 756
28 422
2 724
4 976
22 962
20 921
27 722
8 984
5 428
6 277
20 703
21 890
0 274
8 525
28 993
20 515
2 466
27 380
23 820
24 383
1 626
20 430
0 673
22 600
18 232
16 776
20 892
19 787
20 780
11 680
22 393
10 253
28 914
27 806
23 896
19 544
23 516
11 398
16 655
24 232
26 652
18 757
16 960
16 880
27 470
2 582
21 650
29 457
18 743
26 660
21 807
9 802
18 256
8 345
16 955
6 709
11 327
10 739
7 654
5 820
21 957
21 381
17 989
17 778
20 974
23 626
7 600
15 599
20 654
24 906
3 354
2 451
17 538
13 482
12 272
21 464
3 648
23 639
5 596
8 324
27 864
0 668
9 436
26 898
11 943
4 654
11 450
2 858
7 514
3 937
2 917
0 719
4 244
25 243
2 540
12 500
21 319
7 786
12 756
15 223
18 486
4 904
21 851
9 542
15 600
27 203
3 722
8 498
24 238
0 895
24 290
24 552
3 536
1 836
13 391
14 265
27 866
12 968
8 531
14 602
28 952
4 894
12 846
28 412
1 544
19 972
8 237
25 397
7 315
24 821
14 490
12 249
28 294
13 811
27 467
20 399
13 698
17 348
25 796
27 995
24 414
2 778
13 865
15 383
9 563
15 951
16 750
27 202
4 836
8 251
0 538
12 392
9 308
2 427
3 313
3 285
24 313
12 547
26 416
15 352
24 299
7 402
2 952
27 921
21 255
23 854
2 826
1 276
2 543
20 562
23 594
11 303
0 417
11 249
5 599
9 916
29 892
16 974
14 818
1 360
26 455
15 380
3 837
14 658
7 971
3 970
15 683
6 333
23 924
1 288
8 465
15 773
0 947
11 706
18 384
3 571
24 897
26 746
14 734
24 319
21 304
17 486
14 515
1 355
12 805
27 508
25 832
0 831
0 979
2 757
9 658
13 729
18 210
8 586
0 577
25 229
4 954
24 912
4 452
9 316
4 966
29 801
8 375
8 329
27 476
20 342
13 491
29 824
5 800
15 548
7 888
16 655
29 350
3 733
6 220
10 403
29 701
16 207
3 687
1 530
6 819
6 885
2 819
25 760
8 813
7 494
29 794
28 897
24 326
4 376
25 783
8 445
24 731
18 259
26 813
12 954
7 674
29 691
21 825
12 467
19 582
25 333
3 627
29 864
26 933
14 692
29 672
18 912
15 573
24 343
19 366
13 585
11 866
9 595
1 690
24 270
7 922
5 487
27 542
4 863
1 579
18 370
7 502
8 779
15 884
16 896
7 703
26 620
29 607
21 868
6 234
13 456
23 372
16 709
9 710
15 862
29 499
8 830
22 295
13 532
15 920
9 497
23 431
11 690
7 959
29 307
19 346
23 415
27 701
15 334
13 766
11 736
8 570
20 255
4 261
23 366
22 214
12 813
3 308
1 594
11 405
3 500
6 438
24 265
28 273
9 753
25 215
28 407
21 668
5 855
7 713
26 544
24 751
11 786
15 695
17 390
26 218
19 724
9 631
25 744
6 747
17 820
16 357
6 672
28 578
7 971
5 680
6 768
9 838
0 767
10 498
22 201
27 248
12 737
11 773
24 200
4 801
2 532
24 696
8 559
9 520
18 690
21 414
29 489
19 406
2 231
18 550
24 519
14 434
7 378
15 322
6 536
2 336
18 598
14 383
9 449
19 768
22 868
19 545
25 280
22 374
10 868
2 230
18 553
27 535
27 711
25 962
17 795
17 337
13 487
22 475
8 240
5 754
23 904
2 986
22 932
20 927
13 347
1 427
20 416
26 874
21 476
12 985
19 978
27 869
17 545
25 637
29 789
7 529
26 736
23 571
28 480
14 906
21 655
27 360
10 798
16 675
21 677
25 778
20 212
22 974
10 645
27 506
8 832
26 834
10 302
12 924
23 821
19 454
11 273
5 792
18 204
14 663
19 920
6 268
15 452
16 558
23 717
15 841
8 540
16 977
27 290
5 515
20 832
16 525
17 483
15 492
7 430
16 752
3 378
0 970
16 865
23 300
19 944
13 792
21 235
0 409
11 835
28 820
27 751
3 972
29 629
2 305
15 755
5 899
5 307
6 336
22 416
27 470
10 524
2 455
13 312
11 641
19 300
27 648
29 391
10 555
24 249
17 774
12 691
21 784
16 619
8 919
3 567
29 363
3 551
12 445
24 420
1 272
6 958
24 898
9 929
20 844
23 904
29 380
4 982
11 376
1 494
20 292
12 316
2 711
2 532
5 862
17 859
7 908
11 770
18 719
21 586
22 549
14 892
22 333
2 489
28 759
21 776
20 214
14 506
24 958
10 518
10 925
11 713
26 847
0 925
4 703
17 906
1 653
20 602
1 261
2 282
19 906
18 726
10 949
29 357
5 604
16 318
23 615
6 862
25 569
26 842
6 444
9 211
19 433
7 446
23 524
12 501
0 751
24 601
23 630
4 1000
7 498
9 835
25 400
19 470
5 733
29 614
13 389
23 295
1 839
8 259
25 274
18 980
8 857
14 893
14 681
11 475
6 964
28 322
29 856
14 842
4 207
29 972
14 290
10 343
7 384
12 901
9 924
25 924
22 563
28 891
24 708
21 633
15 281
14 962
27 401
11 572
28 999
10 748
3 471
4 937
3 696
12 954
25 892
16 292
20 746
22 517
25 592
9 759
21 484
9 575
16 954
26 617
20 650
26 875
10 403
21 286
22 843
5 511
27 321
28 294
7 282
23 797
17 952
26 663
19 970
21 202
2 684
13 914
4 332
28 500
29 924
20 354
13 507
4 320
10 773
26 309
28 583
25 703
16 343
0 725
20 520
10 448
2 557
14 736
21 624
5 942
12 451
11 573
17 939
16 352
5 784
6 781
4 947
27 889
7 656
10 797
22 643
15 678
19 558
25 742
6 746
8 282
1 941
18 310
2 404
25 278
17 836
5 763
10 489
11 835
26 252
10 428
9 837
6 616
28 248
11 599
5 722
12 620
2 744
3 331
13 454
7 344
14 844
21 427
23 204
6 284
28 441
15 686
10 277
28 727
0 497
10 229
23 428
23 748
0 991
9 803
24 280
22 239
20 873
3 596
16 863
17 326
24 511
0 888
10 430
24 410
17 791
22 650
12 885
24 907
17 847
24 681
12 429
14 746
1 418
4 875
3 357
18 471
9 269
25 527
12 623
28 599
13 679
5 981
9 943
17 744
13 726
10 659
25 988
28 939
28 330
28 761
8 804
24 272
17 863
11 827
24 492
4 671
2 237
23 984
3 943
26 898
26 566
12 747
28 729
24 403
15 840
13 677
18 224
23 646
23 708
13 453
9 312
18 700
22 257
3 503
7 388
6 404
15 527
15 497
5 947
13 695
3 729
22 544
1 594
26 661
24 371
0 450
4 434
26 228
28 594
27 502
5 559
9 546
8 815
22 349
2 770
13 515
19 603
13 377
23 546
14 972
27 209
14 386
10 325
19 932
28 697
28 358
13 867
11 394
6 576
22 477
5 866
5 672
7 211
17 812
15 877
2 429
18 958
3 798
18 793
4 987
1 891
16 473
14 872
11 905
13 550
12 718
0 741
3 257
10 599
29 306
13 426
15 472
16 749
24 950
13 811
0 805
1 277
8 858
10 265
7 327
28 669
25 444
27 680
17 489
6 747
1 773
16 371
4 523
9 657
18 972
4 802
26 796
27 427
26 547
24 975
6 677
5 353
14 382
7 372
16 473
15 737
29 770
25 593
21 679
9 675
24 401
4 308
8 627
4 529
16 857
25 448
25 604
13 750
27 608
0 913
25 205
20 741
20 567
2 700
24 338
18 876
27 691
17 536
11 585
17 878
27 237
19 872
16 580
4 659
28 872
16 282
2 534
22 404
2 876
23 881
1 791
10 545
9 220
5 373
20 916
28 625
4 406
14 916
21 587
0 398
3 742
27 384
21 657
21 381
22 767
3 838
25 953
25 370
4 772
25 651
16 349
29 496
22 458
5 234
12 283
21 670
7 950
16 474
24 390
26 851
7 905
23 498
7 943
8 360
28 314
26 318
18 699
5 201
1 648
24 769
8 706
7 583
21 238
26 277
11 652
27 916
10 600
18 448
14 543
6 740
20 918
28 618
15 439
28 350
28 738
28 629
7 941
21 897
23 328
4 330
1 702
28 780
1 571
22 856
21 507
19 257
23 293
20 525
22 725
17 452
13 637
17 341
6 903
27 465
2 842
7 354
11 626
13 390
16 270
12 378
13 836
28 711
26 382
11 681
5 972
13 940
13 630
26 935
7 356
16 773
13 698
18 762
22 961
27 653
1 829
25 448
3 514
6 547
14 535
17 996
7 647
25 961
27 843
17 778
13 354
13 540
16 871
19 481
1 616
16 723
4 542
4 711
21 774
26 302
5 821
13 293
9 869
12 983
14 472
13 953
16 326
6 263
11 683
25 469
17 765
7 477
11 271
8 940
26 981
17 391
25 452
6 505
11 958
15 700
15 548
10 362
28 284
0 601
18 224
4 887
28 320
12 702
9 589
15 979
21 440
9 877
24 273
27 522
8 335
8 893
21 414
19 246
4 580
11 703
2 431
21 647
23 273
16 558
14 618
25 324
27 917
7 689
5 708
13 424
20 621
8 877
5 431
15 373
12 477
15 585
5 619
8 262
11 241
5 439
8 494
28 376
28 297
2 716
10 763
22 309
22 347
13 588
15 425
10 587
8 482
26 923
11 921
13 464
27 286
25 978
23 206
0 482
28 672
24 519
22 211
16 622
16 314
3 533
9 650
13 360
28 738
9 423
1 657
28 891
26 837
24 471
13 257
13 908
27 741
22 998
27 313
11 468
7 545
27 832
13 474
11 359
4 318
24 297
15 776
1 333
26 503
10 556
9 510
6 413
15 920
25 252
4 793
20 698
24 649
6 945
28 792
24 422
0 484
0 419
3 737
8 853
2 794
6 891
18 533
15 490
11 740
25 885
23 256
9 638
23 252
4 324
19 671
18 883
26 847
15 994
20 879
17 419
28 680
21 673
2 462
5 610
17 647
2 208
21 503
22 384
1 548
21 330
29 678
20 695
11 875
11 435
11 856
11 619
2 754
1 367
21 891
3 983
20 537
21 396
12 604
10 212
28 917
5 320
17 595
5 863
23 628
5 889
11 653
10 968
26 425
17 918
23 797
12 337
13 867
0 323
2 891
10 461
14 580
8 364
18 985
16 473
20 291
2 466
14 391
22 464
5 378
29 885
8 515
2 803
27 860
16 963
4 386
10 488
12 432
6 495
26 752
8 847
28 514
1 835
27 792
20 815
21 599
1 572
8 284
10 386
29 564
22 901
10 651
21 541
4 304
7 961
18 543
16 730
29 517
13 841
3 488
1 492
8 539
12 569
23 840
6 363
4 631
17 317
2 283
19 576
24 398
21 809
12 844
2 417
2 462
11 477
21 560
21 531
10 485
10 750
8 321
13 775
3 668
26 952
22 685
9 781
11 776
16 204
15 327
13 640
1 427
19 451
1 605
9 802
1 466
11 245
10 459
13 922
25 577
0 946
16 546
15 559
24 481
2 470
27 246
20 707
12 587
