2000
5 389
4 362
5 774
12 931
16 861
8 835
4 439
3 294
16 757
20 279
2 574
25 394
23 999
27 942
10 277
10 539
27 649
21 780
19 505
24 392
0 420
13 682
15 967
10 222
11 865
3 425
22 245
13 589
25 310
10 987
18 434
20 816
1 545
25 402
23 372
0 370
16 225
20 984
15 796
19 728
13 657
12 646
25 927
8 437
27 402
21 405
21 794
17 493
28 429
26 530
23 658
17 618
19 613
6 925
12 216
17 259
22 207
10 630
15 956
23 837
28 301
28 620
17 439
20 598
1 317
18 600
18 376
14 880
15 519
17 723
5 687
27 724
10 939
22 931
13 727
28 280
7 739
16 866
10 271
1 601
0 445
27 921
4 225
1 576
6 448
24 653
4 591
13 698
5 520
27 253
27 829
4 496
13 473
23 854
1 375
14 897
27 278
23 572
15 941
24 845
21 868
27 654
5 347
15 898
0 608
23 754
11 586
8 709
28 981
2 822
26 891
14 651
3 356
18 305
29 424
27 251
21 467
26 694
13 353
6 427
2 929
13 746
22 223
24 510
0 962
2 937
28 926
21 728
2 273
0 517
24 973
0 332
27 579
17 228
24 303
4 221
8 265
13 331
27 257
11 866
25 717
12 863
19 779
23 315
14 902
8 928
6 379
3 457
2 935
2 447
8 522
21 805
29 451
14 515
10 322
16 795
16 329
7 445
27 746
6 227
24 661
11 335
10 424
18 881
16 890
0 537
26 547
5 315
26 790
16 639
25 882
17 739
18 869
12 447
5 494
6 555
8 912
19 473
1 223
10 841
22 625
12 881
25 352
17 800
2 910
26 200
26 286
10 658
10 263
16 806
17 278
22 540
2 262
16 705
16 331
13 840
13 470
14 313
16 349
10 919
11 586
26 966
6 984
16 391
29 593
19 662
25 879
11 625
27 328
13 348
5 536
28 407
1 645
10 442
11 872
17 590
8 346
7 734
24 985
5 914
16 250
29 630
18 416
27 760
27 427
5 996
29 210
18 768
15 507
16 580
14 631
19 415
5 294
11 440
11 553
16 940
21 854
26 261
0 545
28 561
7 767
29 922
8 817
6 717
5 649
0 597
20 537
0 603
15 926
10 465
18 523
5 770
20 318
9 305
13 987
5 279
28 711
23 761
18 577
15 561
11 663
4 917
22 441
19 585
11 649
9 691
18 781
10 203
11 934
6 689
2 831
21 670
13 358
2 545
9 428
2 923
0 649
21 715
5 571
8 726
11 544
26 377
16 986
19 767
8 662
28 660
5 982
9 701
0 994
24 219
24 415
7 562
9 734
6 355
23 821
4 868
23 403
1 706
15 330
9 525
20 292
21 683
4 679
11 883
29 613
25 418
0 486
17 240
12 370
24 545
15 923
10 669
13 707
6 961
20 663
21 597
25 851
20 304
17 310
27 632
23 923
19 259
6 829
19 834
9 618
10 825
18 853
2 727
6 240
22 801
27 501
25 449
4 984
21 271
28 530
4 431
6 231
16 358
15 354
21 584
1 546
5 350
22 724
20 782
20 952
3 702
11 786
19 631
17 562
22 563
1 990
20 878
14 946
15 259
13 936
15 411
22 928
21 791
8 574
27 334
8 550
18 365
15 876
13 927
15 607
2 943
7 385
1 600
12 687
5 844
25 247
22 647
20 902
24 943
7 851
16 935
12 937
22 478
17 676
6 207
5 461
15 621
3 633
21 554
8 556
19 584
7 739
20 585
7 620
22 428
20 455
28 253
17 463
12 302
29 555
23 790
29 842
3 979
14 699
23 641
22 716
20 475
16 947
15 284
26 356
11 924
15 950
20 927
9 704
19 538
13 486
21 775
28 675
19 850
24 791
26 762
16 514
25 649
15 596
12 307
23 838
3 724
27 899
9 525
13 264
24 212
21 535
6 463
5 752
17 248
19 689
10 288
29 921
11 475
13 732
6 482
18 645
29 375
4 523
14 888
26 362
13 215
19 617
18 578
23 378
20 829
8 662
25 815
16 943
7 513
23 754
10 744
18 462
27 217
29 246
25 555
20 310
1 517
16 615
13 206
9 290
8 603
18 611
6 312
2 740
28 870
4 540
3 569
22 755
13 800
12 264
22 733
9 636
28 240
18 329
9 681
9 664
15 898
17 318
10 811
6 291
4 833
11 381
14 806
25 535
27 888
3 460
29 592
22 650
17 897
1 740
14 800
7 760
18 406
22 245
12 926
15 562
9 372
19 989
11 303
10 228
18 461
11 624
8 294
15 633
7 500
10 824
18 291
2 654
22 269
9 330
26 579
16 887
15 376
26 653
21 977
25 759
9 211
12 942
3 883
4 231
19 556
16 831
1 944
15 902
17 215
4 498
0 850
3 558
13 217
15 384
29 497
17 968
20 607
2 611
28 236
13 607
12 837
27 946
14 308
28 491
6 329
29 458
28 211
15 381
13 232
22 289
27 965
7 574
16 691
29 337
15 600
22 697
16 724
13 861
9 723
20 703
3 901
6 741
4 1000
2 861
6 762
27 482
3 877
19 740
10 555
3 980
13 207
21 321
4 622
17 697
21 862
5 361
23 875
2 508
7 586
29 582
13 253
15 412
12 212
29 886
17 237
9 271
19 384
28 520
1 324
8 701
20 749
17 867
4 452
16 540
18 878
0 725
0 681
27 840
17 999
21 290
29 252
29 623
0 508
0 401
15 702
29 502
8 860
13 889
16 390
9 890
21 803
21 748
6 800
23 558
17 927
9 972
18 986
26 509
19 804
18 657
2 597
9 747
12 844
2 924
18 835
11 854
5 403
21 676
16 210
1 692
13 528
6 458
4 850
19 492
2 653
8 781
5 209
24 364
22 626
23 364
26 443
4 616
9 434
13 378
13 795
24 897
1 307
28 796
10 991
16 805
19 606
29 692
1 449
8 392
14 905
22 883
8 208
16 552
21 839
3 760
13 540
14 816
11 520
15 363
0 205
15 337
7 677
25 582
5 432
9 704
3 541
26 506
5 314
25 487
9 994
8 886
16 896
13 254
13 627
22 712
25 485
19 559
14 369
13 921
13 453
14 476
25 570
9 970
13 239
2 389
18 733
7 544
18 665
12 637
10 804
4 519
8 259
26 206
17 472
27 917
22 864
22 485
18 887
16 818
13 890
10 427
6 377
1 464
0 218
11 870
2 686
5 716
12 945
11 429
15 253
3 871
16 550
29 961
13 756
19 892
6 726
0 631
29 264
6 631
25 605
12 306
6 673
21 355
24 445
17 276
5 307
11 697
5 516
27 893
9 920
22 599
22 846
24 224
1 271
2 213
16 308
26 316
0 423
7 556
6 212
14 822
26 392
19 810
29 310
13 312
18 834
7 506
12 510
16 886
28 543
16 621
7 968
3 391
18 354
17 707
28 607
9 513
24 491
28 609
12 837
10 833
13 438
23 961
22 417
3 715
21 480
7 686
22 673
19 762
6 326
11 562
7 786
15 611
27 360
24 324
18 755
17 840
6 387
19 531
3 301
16 586
2 213
12 827
26 377
14 659
6 919
27 744
20 222
27 470
1 285
24 422
18 931
20 393
9 957
25 849
10 717
0 958
29 822
20 391
1 681
28 929
5 943
9 552
22 698
15 879
0 642
26 884
9 929
5 607
9 568
23 259
24 223
10 780
0 882
20 502
15 684
8 498
15 534
28 833
29 967
5 587
0 912
0 952
9 856
12 679
10 735
1 738
16 252
5 525
21 597
4 614
3 940
22 760
27 432
17 799
27 349
9 496
20 326
22 519
17 809
13 419
29 255
25 488
28 484
9 668
13 821
26 557
4 399
25 529
27 371
16 877
25 417
29 366
24 567
2 353
19 560
5 692
15 666
9 896
23 921
19 584
28 493
20 236
12 553
21 536
13 224
0 759
4 491
1 537
20 256
27 291
23 970
14 649
28 692
26 568
5 584
3 706
12 974
22 515
23 841
24 882
25 682
11 556
0 503
20 943
1 316
29 521
12 814
4 745
10 965
9 580
17 942
11 910
22 793
5 648
28 861
28 465
2 344
28 272
22 865
11 604
10 463
6 784
15 764
3 729
26 440
22 366
24 279
19 943
19 730
5 208
15 230
25 377
25 777
11 876
12 225
9 443
21 816
4 493
28 831
11 729
20 401
0 699
9 216
8 553
8 421
24 788
10 612
4 686
18 608
27 978
23 664
27 297
23 757
10 650
18 531
23 649
1 707
20 588
3 744
9 892
24 858
6 796
4 566
21 738
22 497
21 887
2 347
3 604
22 893
2 851
21 333
2 443
19 867
2 373
7 281
0 778
1 978
9 673
23 649
26 256
26 444
12 794
16 799
8 935
4 342
18 855
26 987
13 212
22 899
27 249
2 946
12 604
21 438
26 990
1 943
5 817
23 737
21 410
14 769
8 730
22 397
15 455
16 672
1 711
22 337
20 643
2 769
6 596
18 422
5 790
9 319
15 657
8 512
5 449
20 971
4 591
12 954
24 366
5 399
17 904
15 790
12 657
29 524
9 848
3 746
22 710
28 959
29 736
15 825
25 392
12 720
17 437
5 902
21 603
27 313
22 490
3 208
10 448
18 636
27 506
8 665
20 424
19 255
20 219
4 222
5 786
17 877
13 981
9 912
17 905
10 941
15 232
25 438
10 911
20 275
25 837
22 480
20 854
7 428
18 993
13 480
18 243
22 809
13 499
14 977
12 385
23 839
17 861
18 306
25 536
21 386
8 463
3 388
13 269
3 729
3 750
25 900
23 780
0 318
27 821
24 573
22 578
12 319
14 595
27 523
28 956
12 923
5 563
18 854
13 217
29 524
15 250
20 604
3 670
5 910
2 593
18 473
29 777
12 820
8 626
20 845
23 818
13 358
26 746
28 966
24 510
20 710
12 509
18 613
6 992
26 364
1 258
29 927
15 266
6 862
15 833
3 224
14 796
8 860
23 828
10 561
23 434
19 241
19 443
1 731
26 496
23 417
18 748
27 446
4 888
19 835
7 925
27 825
20 836
18 205
24 620
26 762
16 652
20 355
16 813
29 275
4 999
18 663
16 245
22 789
9 638
23 383
11 396
8 440
7 877
22 686
16 850
4 388
8 359
26 243
16 468
9 632
19 968
28 522
16 224
8 763
11 360
13 609
0 918
18 414
23 393
23 594
26 370
13 806
16 702
9 464
12 786
27 210
17 599
22 704
17 802
25 686
27 835
28 534
23 737
29 204
27 976
2 566
19 785
13 999
29 970
26 588
17 972
26 474
13 704
0 369
20 400
7 587
6 399
13 650
11 377
0 859
28 544
22 737
4 653
22 869
2 710
17 969
20 360
28 288
18 303
21 919
1 216
17 250
13 207
11 272
0 395
18 286
25 899
19 860
10 922
0 962
11 984
9 844
24 341
25 718
21 350
8 937
18 354
8 798
23 445
23 529
3 286
0 308
18 869
13 599
20 665
17 696
11 817
21 598
20 219
17 328
17 392
17 332
12 287
17 393
23 340
20 720
15 917
20 397
10 531
12 673
2 358
1 976
10 828
15 564
28 950
11 204
10 991
20 252
17 726
14 909
13 814
1 410
4 960
5 723
29 298
18 556
22 951
21 761
0 743
18 617
10 979
18 651
11 228
25 793
2 505
6 927
4 945
3 320
8 997
3 241
17 596
27 486
27 551
14 887
2 890
5 615
18 799
27 358
0 325
9 724
25 280
15 347
0 925
13 654
20 503
8 798
17 807
1 362
25 996
11 605
23 905
14 532
16 322
3 505
23 574
2 1000
8 806
24 224
18 642
0 617
23 776
29 340
18 651
0 980
1 901
10 289
4 953
11 496
5 296
14 776
11 392
15 465
0 935
24 611
27 770
16 764
26 366
22 319
23 567
29 271
21 903
9 508
27 776
21 736
10 514
29 352
15 797
15 921
6 836
12 299
19 751
14 326
15 559
4 557
6 867
3 777
14 321
3 339
17 671
28 823
23 724
9 651
11 215
0 505
19 459
21 781
8 743
28 478
24 310
24 367
11 611
28 225
8 980
7 508
19 931
20 852
0 848
11 880
19 967
3 550
26 217
18 880
29 601
17 671
26 859
13 451
18 625
10 652
10 645
15 552
26 263
22 912
25 211
10 494
13 691
26 328
6 620
7 921
9 872
2 950
16 815
14 481
21 964
22 784
25 212
14 741
15 327
1 991
12 259
6 816
10 915
16 882
14 610
21 629
28 964
0 875
8 917
28 462
8 397
18 374
15 815
29 236
0 948
3 255
18 717
3 291
22 505
21 624
29 720
6 213
20 425
2 828
20 749
28 451
27 268
9 231
10 676
16 603
5 334
29 578
11 397
15 808
24 371
9 216
8 298
20 609
16 582
27 387
9 688
8 241
27 289
9 838
2 741
10 636
2 908
22 214
4 605
11 998
28 868
25 724
10 489
8 950
23 832
4 712
28 612
12 503
18 825
1 509
2 985
2 958
8 806
28 574
18 875
24 681
21 631
28 376
11 933
18 446
26 841
10 828
3 700
12 959
13 240
7 729
17 523
6 859
27 896
3 778
2 912
22 862
2 513
6 233
8 618
25 845
4 963
12 766
26 579
29 692
6 333
28 495
0 292
9 843
3 208
28 273
28 453
21 490
26 250
7 883
0 946
10 405
20 433
15 369
22 565
6 806
19 874
14 222
27 725
19 821
22 280
23 905
28 888
24 500
19 822
3 441
5 694
27 985
10 545
26 322
15 360
11 518
10 297
16 551
5 976
5 781
20 788
13 858
28 522
10 583
7 538
5 467
15 557
21 950
3 610
18 393
13 653
4 564
8 746
9 701
18 831
21 388
5 447
28 313
28 892
15 688
12 336
22 437
9 336
21 306
18 276
11 724
20 427
17 651
25 289
8 555
11 458
10 784
11 512
8 842
5 653
24 587
12 348
9 669
26 674
16 970
18 741
1 298
9 982
1 262
14 242
15 357
25 974
25 524
5 219
5 683
22 378
20 741
6 374
28 387
19 504
1 837
13 412
23 990
6 835
21 200
22 396
10 527
28 571
25 800
1 736
26 758
19 240
5 984
1 253
16 215
15 833
14 354
6 955
19 211
20 883
6 281
11 553
12 226
23 905
22 805
19 223
16 631
22 854
4 626
3 959
25 876
10 287
29 739
19 417
2 551
3 707
20 817
13 648
7 704
26 645
4 512
6 392
17 894
3 240
27 240
5 748
11 993
28 602
8 753
20 495
17 286
8 926
11 668
14 725
2 281
17 702
24 292
29 252
25 724
20 703
1 803
19 688
27 790
5 826
23 832
23 323
11 724
26 561
24 766
16 685
1 644
17 890
29 431
23 469
13 338
23 957
4 228
20 374
24 509
4 403
24 376
11 914
23 751
27 705
11 640
25 817
1 865
15 902
18 774
2 475
20 708
22 316
24 332
19 262
29 272
29 254
1 413
15 886
10 243
9 534
16 605
11 431
0 790
29 718
4 906
13 445
1 345
1 323
28 454
4 670
16 245
5 929
20 977
22 842
25 999
29 920
6 587
22 248
15 582
18 773
2 221
24 954
26 931
10 870
22 945
25 831
2 295
17 921
24 610
15 234
26 527
26 480
17 405
19 783
18 842
21 377
11 641
26 392
22 636
28 402
13 709
4 980
9 348
6 572
15 333
1 774
22 576
20 408
6 236
7 434
15 557
3 866
3 378
12 760
17 318
3 986
10 942
12 734
15 828
21 337
29 803
28 295
5 807
27 225
19 341
25 372
8 531
25 493
12 359
12 865
10 833
6 655
8 283
12 747
18 839
29 651
11 491
2 907
16 953
16 535
0 471
9 612
10 482
15 647
10 494
6 647
9 352
13 908
16 878
9 542
8 939
22 405
3 678
0 285
14 706
12 702
20 489
8 384
17 636
1 627
3 202
11 981
21 285
25 301
5 672
23 225
4 339
26 358
25 708
26 417
11 527
23 784
6 504
19 370
8 791
13 204
19 337
22 669
17 808
2 203
13 711
0 618
29 324
21 757
0 395
27 805
18 332
26 478
3 367
20 881
22 636
15 736
4 831
29 738
1 884
17 401
23 376
7 813
24 484
20 736
27 843
28 922
3 990
24 394
1 570
13 488
2 879
14 899
12 224
29 752
19 338
6 304
1 427
3 442
17 618
11 576
20 423
9 922
19 897
23 495
21 880
2 597
20 920
11 905
16 501
16 867
7 647
2 882
5 403
1 263
9 339
23 680
3 513
21 982
21 711
21 867
0 489
1 693
12 912
6 518
29 912
16 283
5 821
9 527
20 254
11 859
27 372
28 567
25 256
19 930
26 515
19 224
6 289
10 593
22 814
0 438
24 995
9 856
6 538
7 709
9 202
27 242
4 983
16 401
16 444
25 970
14 344
2 481
1 208
15 847
24 468
7 222
22 714
26 835
14 787
25 212
18 976
13 921
17 780
9 764
12 592
3 959
18 467
26 299
6 269
20 260
14 951
0 485
6 413
16 745
8 399
23 522
26 523
8 225
22 417
13 258
28 398
27 960
25 292
6 319
8 447
5 648
23 452
15 739
20 784
4 687
16 854
21 497
2 437
6 553
27 400
3 823
12 812
29 672
16 322
13 728
15 910
1 351
21 543
17 428
7 377
14 356
10 643
26 982
16 823
28 869
8 858
27 894
3 958
17 969
2 850
10 835
18 472
26 770
26 527
29 404
13 327
13 214
5 663
13 376
14 645
18 924
21 286
0 918
18 655
11 641
21 754
23 474
19 851
28 450
6 667
20 263
18 626
13 203
29 555
10 427
24 894
15 319
15 682
29 582
19 662
3 930
27 779
14 759
7 404
5 552
2 887
24 586
1 482
15 999
1 776
1 666
20 220
7 666
6 426
23 596
2 264
21 274
20 908
24 391
20 608
3 415
27 768
15 833
29 597
17 251
10 238
7 347
27 932
28 877
24 868
4 508
18 810
4 891
15 243
19 225
12 320
29 788
15 263
22 574
29 791
