2000
25 796
28 499
11 826
19 240
28 861
7 290
13 720
28 449
24 330
10 668
25 848
23 917
19 524
25 445
10 820
5 508
2 671
15 511
6 657
16 280
14 292
21 783
6 952
3 408
1 594
9 994
15 905
2 416
5 319
8 421
27 630
23 226
10 330
15 502
19 314
2 605
15 799
2 289
9 806
19 630
27 897
27 746
13 854
25 1000
10 297
2 969
12 975
24 854
26 813
15 309
1 434
0 900
24 218
7 528
29 995
1 758
3 714
29 836
20 792
4 788
24 401
15 758
25 691
0 719
23 713
4 397
21 496
4 690
8 777
5 604
3 673
25 386
25 757
26 976
7 237
20 744
5 306
23 270
1 968
9 993
13 506
23 222
0 609
3 542
28 263
20 316
2 347
27 727
29 886
15 440
8 619
1 424
16 368
4 752
27 845
16 937
13 256
27 557
4 416
7 219
14 950
6 586
12 579
20 647
13 851
3 465
1 555
25 766
29 272
17 219
29 696
13 943
27 763
11 449
2 532
7 700
2 728
4 770
3 486
0 744
0 839
1 625
5 896
6 764
17 690
2 813
5 995
5 331
14 262
10 538
17 989
27 245
28 737
11 335
12 750
23 829
1 837
6 209
8 207
21 883
19 949
18 676
6 818
4 324
4 403
15 561
3 473
6 951
8 377
14 624
20 974
15 644
28 569
27 536
3 675
8 467
0 867
24 593
21 591
2 372
10 876
15 621
12 901
22 649
12 362
4 726
24 753
16 404
15 674
27 386
19 739
22 578
2 392
13 801
13 422
21 360
11 618
7 561
15 208
11 497
7 952
23 821
29 433
24 720
1 726
13 715
7 862
27 857
4 783
20 959
11 685
28 231
8 555
26 643
24 968
15 713
19 362
17 440
9 626
26 733
7 825
11 430
29 703
8 715
21 255
11 233
18 540
18 351
1 503
6 537
25 812
29 317
9 505
24 550
9 969
7 853
8 625
8 666
9 294
28 563
6 538
9 209
5 591
18 827
29 325
11 389
14 475
2 608
25 872
29 295
0 947
18 445
26 579
19 381
29 487
13 992
16 425
15 729
17 387
23 642
18 246
28 430
27 757
8 770
1 360
11 296
27 208
2 843
28 483
13 975
10 609
24 675
21 792
14 377
6 797
16 660
15 340
14 633
23 862
8 228
5 211
16 829
19 475
11 820
2 595
28 336
8 531
28 631
23 671
20 341
16 994
1 338
8 780
17 571
8 836
1 310
4 255
21 495
9 845
14 577
6 482
26 350
18 626
18 435
25 455
19 391
18 942
2 475
20 204
1 404
21 378
1 975
15 402
17 630
21 426
13 222
3 454
10 869
6 472
21 675
16 283
28 833
24 205
27 917
5 792
9 826
6 668
12 555
27 795
14 861
5 350
29 793
28 904
20 411
12 672
1 663
24 638
6 878
16 741
22 221
8 897
16 826
18 359
20 258
14 993
10 934
14 630
17 645
21 388
25 506
27 762
6 528
0 773
7 595
12 832
25 490
27 675
19 399
1 702
15 581
27 360
11 286
21 896
29 700
23 759
11 545
12 225
9 425
29 608
16 543
28 701
25 405
14 385
28 888
12 850
23 806
20 333
24 988
8 504
7 437
25 272
22 437
4 994
3 215
2 726
19 961
15 330
25 522
29 314
25 282
28 980
23 519
2 392
18 314
0 719
0 650
19 211
1 489
19 989
15 584
15 665
26 996
21 594
6 914
28 835
26 669
8 621
9 672
21 717
14 913
9 252
7 934
29 469
6 831
5 718
21 474
3 357
27 480
16 357
16 739
13 717
4 978
16 983
9 481
15 382
25 526
10 245
22 867
13 937
15 231
15 554
20 366
1 401
24 449
24 398
4 324
14 567
10 933
25 987
23 703
17 743
5 932
11 837
12 947
19 809
2 969
11 708
2 443
7 801
7 436
15 441
17 333
8 463
21 443
14 455
25 435
13 915
24 407
14 985
15 776
28 461
25 571
18 538
28 662
8 479
14 858
5 517
15 509
11 902
8 600
20 982
25 730
5 346
16 755
28 747
12 701
0 358
29 374
3 431
2 786
0 770
26 461
27 784
5 639
0 990
15 876
2 487
22 272
7 650
4 968
6 599
8 764
29 979
19 657
7 244
0 837
9 307
15 507
12 592
4 595
0 309
12 442
2 732
10 638
21 499
22 499
11 589
8 711
10 204
28 471
14 220
27 850
20 836
0 649
13 621
23 827
25 287
27 461
8 392
0 890
18 658
22 215
16 374
3 321
14 509
9 791
15 581
16 287
3 580
10 584
27 505
17 944
15 502
12 264
20 942
20 599
8 264
20 384
2 991
28 490
15 643
1 632
3 234
0 428
7 265
0 943
17 894
3 503
7 799
19 295
13 589
0 438
16 607
15 727
27 453
15 571
2 715
28 201
24 978
28 294
13 947
10 336
13 762
0 952
26 365
29 761
9 722
17 470
15 914
26 585
1 220
20 559
17 637
9 516
12 495
2 704
10 749
16 923
18 458
25 954
14 346
15 577
17 755
25 905
24 499
2 421
15 930
21 556
16 900
4 393
23 402
20 564
29 564
15 953
18 752
17 237
7 892
7 805
16 368
26 928
11 376
2 574
7 735
29 355
7 810
27 841
29 455
26 873
24 628
2 424
18 920
5 679
20 812
16 410
3 884
26 875
8 360
29 386
24 635
6 691
19 725
26 575
1 470
10 410
11 987
14 604
3 293
24 788
25 427
29 847
28 953
21 880
14 460
0 363
20 321
0 544
2 877
18 392
22 427
25 752
13 431
3 530
9 436
18 666
12 853
19 229
20 633
22 975
1 912
12 661
2 676
0 789
7 884
1 819
29 732
7 869
16 321
3 691
14 988
17 478
0 678
15 976
26 611
1 955
16 978
5 890
27 454
2 969
18 528
14 828
17 512
6 564
11 669
24 679
12 600
22 445
24 528
16 954
11 671
22 404
13 826
20 818
24 858
19 512
29 390
19 587
10 510
12 317
8 608
11 259
5 967
2 336
0 250
8 730
3 711
21 244
5 557
4 338
14 201
7 951
3 970
15 314
1 780
6 717
18 243
28 530
24 385
11 233
0 209
15 931
15 642
2 439
21 641
11 268
1 464
18 230
12 764
29 586
29 499
13 675
23 743
11 739
20 604
2 871
12 413
0 620
9 912
19 798
10 686
4 672
2 569
8 629
2 397
10 624
26 679
15 289
5 510
8 565
13 598
8 770
20 339
0 513
16 797
17 836
22 753
16 474
28 440
25 843
13 612
26 739
10 674
28 860
4 813
2 424
3 252
18 452
5 503
16 961
16 589
6 931
3 458
18 591
6 504
7 866
3 635
11 223
5 281
20 880
4 577
11 499
1 711
0 346
24 953
14 613
3 830
29 243
28 993
6 578
15 633
18 688
6 891
9 377
12 408
2 866
26 516
2 754
4 567
18 575
14 277
14 859
13 926
6 724
2 487
26 433
1 377
2 519
21 488
11 809
13 438
10 593
14 918
9 797
25 670
19 235
19 524
5 796
27 796
15 556
19 480
5 756
11 699
22 329
12 298
1 305
5 699
29 359
17 916
20 354
0 660
25 512
3 862
28 215
22 859
19 498
10 616
17 482
12 852
11 358
14 756
26 219
21 671
19 920
10 285
5 721
27 849
22 242
13 535
20 359
8 235
13 614
14 641
5 418
9 556
26 712
22 685
18 634
16 991
16 595
21 236
20 955
22 795
24 941
23 663
12 492
28 238
5 935
29 487
11 333
20 894
0 254
25 594
25 370
25 296
20 469
5 866
8 905
28 651
10 803
9 467
5 977
20 982
29 802
28 579
4 437
10 808
22 285
17 347
5 412
18 265
6 534
29 718
3 793
18 211
9 924
8 459
14 734
8 901
27 335
8 433
8 267
26 874
14 906
21 577
0 217
10 917
13 990
19 962
23 761
16 999
9 411
7 690
23 893
14 386
17 744
26 339
19 618
17 556
2 591
21 260
4 301
8 588
12 603
29 558
6 230
10 501
9 850
25 421
18 538
29 265
27 746
13 397
19 699
21 555
21 283
1 349
2 928
18 412
8 372
25 737
2 721
15 344
20 988
8 250
12 926
8 971
27 706
29 889
11 870
11 855
20 226
19 825
23 370
3 347
8 360
1 354
16 219
16 282
0 617
6 226
7 275
20 897
6 619
26 824
20 557
27 771
0 771
15 714
17 837
25 761
4 720
14 890
4 616
21 360
13 844
23 829
15 316
12 805
13 383
6 452
25 268
29 594
9 301
21 467
29 428
3 294
24 866
26 293
12 351
12 258
19 465
21 417
25 726
5 448
20 612
17 774
9 622
25 479
2 420
1 411
28 758
3 258
19 946
8 356
19 811
1 990
0 919
18 792
19 854
25 914
11 862
7 444
6 935
29 871
22 808
21 713
20 567
5 775
3 518
10 332
2 636
9 529
29 276
14 662
4 715
19 832
12 246
11 394
16 954
29 425
18 295
3 761
25 614
25 889
14 978
19 927
16 221
18 343
12 435
11 457
9 419
2 505
26 983
25 657
23 634
27 567
16 596
27 597
24 726
20 549
4 485
28 431
1 584
18 490
13 203
12 870
11 390
9 697
14 378
5 234
14 464
27 329
7 331
9 536
13 675
12 425
21 552
28 384
2 700
19 567
28 407
4 282
6 213
27 826
21 999
23 209
22 780
4 777
3 269
5 953
8 914
19 543
17 440
21 526
29 663
6 979
26 966
27 752
24 374
16 265
16 800
9 289
6 428
23 856
10 598
22 414
12 316
25 759
1 570
9 458
12 822
7 230
15 695
0 321
1 316
10 749
18 321
27 215
14 997
6 244
11 748
28 410
27 972
5 874
9 759
5 549
18 344
22 278
18 514
20 214
14 685
29 886
19 845
26 932
29 786
17 563
16 435
24 867
20 979
20 496
20 470
22 543
24 835
12 489
17 299
4 426
4 250
29 755
22 237
13 769
9 422
22 557
1 561
27 278
21 789
18 840
23 556
29 698
22 345
5 790
20 302
20 537
1 979
11 983
0 548
8 781
1 945
22 485
23 457
24 670
22 555
19 913
23 445
6 243
13 650
12 322
9 554
21 999
15 975
28 485
28 605
11 389
14 950
8 891
7 883
23 653
28 238
26 570
8 442
7 921
24 283
27 673
10 517
18 333
16 625
11 534
10 668
12 865
10 328
29 230
25 924
9 516
12 231
19 528
4 840
25 865
10 415
8 417
11 485
17 361
8 522
2 614
6 387
5 860
6 204
23 678
14 585
11 905
22 905
12 288
27 837
5 756
22 263
23 636
0 205
22 252
10 827
9 885
0 734
23 804
12 815
11 470
7 739
4 346
19 640
25 810
12 701
29 223
24 681
28 662
9 734
16 764
8 780
0 347
24 778
22 307
29 994
25 611
23 258
18 796
13 912
6 270
16 904
21 655
2 545
1 488
15 260
15 754
19 929
14 629
8 268
19 538
21 993
16 912
15 362
13 386
8 963
23 284
3 616
17 337
22 421
5 466
4 802
1 644
6 973
2 626
14 275
12 300
17 592
7 353
14 254
9 294
21 545
5 789
5 300
7 624
29 348
12 730
16 988
8 280
19 483
7 446
14 765
5 904
16 783
28 660
26 590
11 315
10 250
8 409
15 587
29 395
10 325
14 796
5 256
28 615
28 586
25 389
0 713
21 568
29 422
3 572
24 816
1 461
18 713
12 561
19 712
19 407
13 407
2 704
23 724
28 542
21 591
18 383
5 761
19 436
2 848
11 731
3 992
11 889
26 778
24 271
2 551
3 867
12 319
17 605
13 365
8 772
15 838
24 803
19 483
13 986
28 974
17 516
29 921
18 360
18 404
29 411
15 964
16 572
2 981
27 261
22 992
9 762
21 296
0 208
25 365
29 638
9 351
2 885
11 246
15 874
9 661
22 779
18 457
3 295
21 843
29 470
0 209
17 886
20 844
17 323
15 513
27 422
23 445
7 792
17 803
26 877
18 738
11 630
12 663
21 484
0 575
28 348
8 897
0 876
1 970
3 582
0 522
24 403
0 582
13 490
4 519
0 369
19 311
17 286
13 403
21 394
29 323
24 829
13 623
20 812
4 889
4 256
24 645
8 267
12 598
1 321
8 432
22 925
10 299
14 583
1 232
21 358
10 556
4 618
16 731
26 904
17 716
17 616
16 524
7 308
23 741
9 366
13 353
4 387
15 938
18 396
19 488
4 753
25 438
4 433
2 894
11 901
28 349
18 552
12 928
10 991
3 951
16 596
21 369
8 863
13 741
28 470
28 930
20 898
7 398
23 511
11 384
23 501
24 648
19 580
29 364
18 501
4 636
13 533
19 359
18 248
22 883
1 378
22 362
21 313
0 213
23 297
13 985
12 634
21 440
22 662
19 861
11 267
1 993
12 543
15 563
25 361
15 538
8 464
3 221
27 533
8 943
7 352
20 471
16 227
26 509
4 590
12 443
29 778
8 311
11 979
1 992
16 601
16 641
25 476
25 758
29 883
10 252
3 681
21 519
24 858
17 645
25 972
2 659
15 404
14 918
29 325
15 783
27 385
4 613
4 394
29 651
6 437
13 757
28 759
2 413
26 524
20 551
27 479
20 957
16 969
17 508
0 685
21 285
19 276
6 337
23 679
8 211
16 962
19 481
1 962
1 378
0 592
25 254
17 857
4 827
18 849
26 654
29 923
25 879
20 651
0 565
25 509
20 701
15 370
2 268
12 702
21 346
1 252
23 547
12 519
17 353
10 779
8 478
17 645
15 464
18 700
15 807
12 547
8 398
4 986
5 719
12 825
27 387
6 984
8 248
19 428
1 256
18 347
22 233
10 705
24 865
8 396
8 635
13 543
23 330
24 635
17 745
8 520
7 564
20 481
29 373
11 289
12 547
12 453
2 382
0 768
17 903
13 384
29 398
16 744
23 341
6 910
15 227
16 965
5 832
8 327
21 735
28 584
29 472
20 725
0 821
11 954
9 400
13 405
25 401
2 884
11 652
23 572
21 899
10 349
27 401
8 825
11 216
9 464
8 474
23 383
16 395
6 673
19 968
17 269
20 476
13 455
24 679
18 306
24 983
11 709
12 482
15 858
2 910
4 221
29 447
2 888
5 922
6 755
12 761
9 536
25 784
8 486
21 717
20 963
9 336
6 825
23 937
20 914
15 457
10 927
6 201
15 910
2 806
15 623
25 830
19 677
24 341
16 375
4 673
25 458
29 323
20 975
9 738
1 578
17 856
7 728
29 201
16 880
13 250
3 244
12 464
8 212
10 760
6 635
13 951
4 700
6 278
0 355
18 782
28 353
17 597
19 457
29 290
12 431
6 963
1 462
17 601
6 387
29 613
4 839
3 411
8 601
13 592
15 267
12 248
26 914
0 676
15 573
6 211
15 712
19 707
13 290
25 232
19 449
29 852
26 765
15 619
6 780
0 485
27 215
23 399
7 455
19 331
9 960
15 243
28 314
9 895
22 497
8 585
6 744
29 574
14 277
24 934
21 861
26 713
13 871
4 535
28 772
29 496
0 821
12 298
9 437
26 975
24 737
22 253
10 353
7 832
7 825
3 257
4 693
3 219
0 945
9 233
4 848
23 629
10 242
3 698
7 627
29 445
10 853
22 807
2 787
14 517
26 288
16 644
27 320
18 438
24 814
22 320
15 365
23 999
19 467
0 697
27 418
16 540
20 271
16 548
8 695
11 596
29 499
15 921
21 331
24 211
16 390
14 540
24 296
20 923
28 335
17 635
24 402
16 912
29 835
29 447
24 362
9 710
19 586
2 655
11 267
25 949
29 856
12 385
18 549
7 809
1 724
1 880
12 493
27 741
9 632
15 517
14 435
26 501
25 425
5 981
8 744
2 903
17 707
9 680
13 821
1 311
14 808
24 458
10 890
3 267
12 513
5 314
8 522
15 359
3 599
8 255
16 989
25 686
26 689
6 238
6 678
15 393
23 248
20 498
10 663
23 342
18 970
10 763
23 988
23 359
23 532
1 491
7 350
21 556
11 272
10 850
28 263
11 768
14 442
0 403
28 957
7 222
22 511
26 794
2 817
25 318
8 255
9 776
22 380
11 508
29 791
23 610
29 814
18 938
16 398
21 744
18 508
17 530
9 929
10 443
9 574
13 735
14 336
8 765
28 239
26 899
3 819
29 571
18 622
15 887
3 343
0 598
3 217
9 678
28 653
29 287
18 493
5 421
23 888
14 612
24 431
23 834
14 920
22 274
20 212
3 661
6 828
22 212
23 613
1 745
7 921
16 837
18 721
13 901
23 384
18 733
10 816
26 622
27 410
17 697
10 628
21 831
26 240
15 452
6 275
10 470
26 412
6 332
28 780
8 757
8 531
14 256
9 905
13 703
13 404
15 867
3 262
4 529
17 790
16 684
20 222
7 460
17 361
15 448
23 412
20 696
24 991
27 877
9 710
10 486
27 638
26 455
28 489
24 200
4 761
13 529
16 816
16 221
21 985
1 957
24 341
24 402
18 347
14 685
28 680
25 740
26 616
14 237
27 980
16 763
10 945
4 479
11 469
28 780
12 770
23 287
19 365
24 375
9 985
8 943
28 611
20 923
14 610
19 771
26 619
13 263
27 964
22 468
28 778
22 535
18 438
22 986
13 966
1 861
4 839
26 345
21 938
11 884
0 221
6 823
0 995
4 986
14 768
2 339
16 818
14 634
20 595
29 324
2 210
22 271
13 781
18 276
22 503
16 275
12 577
17 921
13 464
4 842
20 563
7 445
16 571
18 785
16 704
25 824
16 560
16 523
24 286
9 273
17 519
23 841
26 418
4 369
15 504
22 353
15 252
25 609
26 676
20 696
17 688
11 643
17 791
7 892
15 626
13 883
10 300
26 367
0 950
24 817
0 700
18 892
8 669
19 472
1 774
23 279
17 753
8 507
11 508
18 425
29 507
22 400
5 781
14 646
21 928
13 984
