2000
7 477
22 654
10 678
2 651
9 438
3 937
13 381
4 763
21 746
7 520
23 899
17 418
15 776
20 455
26 330
16 919
23 642
20 986
10 393
0 723
10 393
3 451
5 958
16 804
19 897
2 500
27 911
11 208
4 217
24 248
10 823
6 234
19 282
1 576
24 623
18 436
7 964
6 457
20 515
6 755
23 720
26 780
7 789
26 441
27 742
23 741
27 297
25 948
24 990
17 934
18 399
2 462
14 756
27 750
26 949
27 948
13 929
9 576
28 462
3 843
17 979
22 540
2 463
12 246
0 397
18 343
26 331
14 595
7 987
26 275
25 657
5 492
22 859
7 207
17 534
28 348
4 959
2 222
7 830
12 586
27 424
8 783
22 414
20 944
2 424
14 230
0 935
21 405
5 510
11 258
7 345
28 716
21 508
17 789
23 519
0 601
1 370
23 933
21 797
17 631
2 376
12 865
12 823
22 223
28 972
1 748
0 906
0 239
8 447
23 864
22 433
2 310
23 470
6 708
29 358
9 704
16 745
21 956
19 279
5 544
19 446
18 785
26 860
11 244
22 488
7 379
12 214
16 963
15 725
4 379
5 863
19 450
17 656
9 355
12 548
12 247
14 452
25 635
25 581
1 545
29 682
2 533
3 982
8 295
15 221
23 422
17 445
21 744
2 511
19 787
2 318
21 585
24 275
26 399
28 461
2 956
28 564
18 264
27 995
4 547
27 803
17 869
24 557
4 326
0 629
1 942
29 495
16 751
20 575
3 669
0 649
28 835
8 866
17 812
20 407
16 409
7 584
20 275
2 429
17 446
7 292
8 757
18 467
24 666
0 702
5 753
1 206
0 768
11 766
9 1000
13 960
22 868
27 776
3 912
0 820
16 270
6 203
3 819
17 795
22 932
5 440
26 403
15 659
16 632
5 888
23 563
17 928
0 403
12 890
6 440
2 870
8 562
7 416
0 332
20 472
2 931
26 841
23 923
3 445
26 926
17 689
25 581
15 857
29 274
8 790
10 541
26 260
14 614
4 931
1 264
21 944
8 304
18 260
13 858
3 323
2 501
22 534
2 299
15 503
7 871
11 300
10 866
12 562
21 932
11 527
25 588
25 306
6 487
19 223
14 855
3 279
21 774
9 835
10 481
16 530
15 915
3 613
24 893
4 538
7 992
12 539
21 991
2 253
5 814
8 242
3 729
29 597
23 471
29 559
29 409
3 911
25 356
26 208
16 428
4 392
14 221
0 713
27 942
1 482
4 656
8 421
1 803
25 835
29 529
14 712
19 759
24 372
6 818
15 967
7 826
9 493
28 426
23 210
8 430
8 986
3 319
20 314
2 355
12 994
21 530
20 839
14 324
14 751
23 945
19 402
24 554
23 263
24 555
17 439
21 543
2 686
6 775
19 908
15 241
15 622
23 737
2 273
3 764
11 281
25 514
11 222
18 833
12 809
26 737
27 855
29 673
1 294
16 284
14 846
12 223
24 689
5 920
8 419
7 508
16 731
19 808
12 776
27 267
9 906
1 914
8 383
5 936
28 518
13 724
17 286
3 483
16 807
8 541
10 737
22 910
21 721
20 871
29 596
1 212
13 345
26 983
16 755
13 711
13 455
14 240
18 988
22 937
8 960
9 392
11 895
22 927
24 732
27 413
13 652
0 244
14 875
8 279
8 891
24 288
27 961
13 602
0 786
4 458
10 868
18 792
9 203
4 327
15 579
25 751
13 362
23 533
20 229
10 506
10 936
21 952
6 443
11 492
17 622
24 741
11 212
7 351
12 820
13 744
23 618
21 537
7 537
9 556
28 991
17 957
6 928
15 539
29 793
3 278
26 621
13 426
7 485
0 506
22 584
10 571
6 519
2 401
23 750
7 981
5 515
16 384
20 825
19 355
27 753
19 567
15 456
15 986
16 488
6 623
5 663
23 525
1 702
11 581
4 315
3 428
17 850
2 707
1 478
29 668
26 280
13 633
4 440
2 551
4 785
6 708
8 310
16 409
4 479
11 429
21 897
26 673
23 313
3 440
4 602
17 488
10 913
20 465
3 491
11 782
15 631
10 695
4 520
6 967
15 851
21 527
10 489
3 206
20 491
21 557
28 879
23 928
2 434
3 820
5 619
1 701
27 950
1 706
10 645
3 535
14 368
29 995
25 984
21 290
21 792
22 549
9 636
24 518
24 355
28 982
3 684
9 208
16 767
27 637
11 917
18 739
26 986
24 826
19 313
11 542
18 824
16 589
16 593
20 436
5 651
28 799
29 650
12 369
27 242
17 668
0 479
6 658
22 321
14 926
0 829
17 558
8 804
18 570
27 856
28 782
10 586
13 416
14 680
24 841
5 283
24 852
0 533
8 902
17 450
19 936
12 904
10 839
3 672
7 793
16 202
6 731
7 958
20 818
21 488
10 669
1 837
24 253
27 364
10 977
1 423
17 752
25 838
7 409
0 817
0 586
5 914
19 266
27 767
23 807
28 524
7 422
15 581
3 202
8 830
22 816
4 313
24 607
28 239
7 410
2 769
16 335
20 423
25 237
7 523
10 727
18 527
25 265
14 346
17 524
26 828
13 901
10 940
5 447
1 749
22 992
27 561
24 776
11 611
10 585
18 462
2 364
2 539
23 958
14 654
19 376
12 398
18 239
4 417
9 843
0 545
13 563
7 924
27 942
5 216
7 337
13 949
13 897
21 795
24 278
24 954
0 927
14 439
4 653
9 632
19 581
14 451
20 625
1 563
0 467
15 681
26 671
17 204
25 969
3 345
18 771
1 284
8 217
27 262
26 531
25 624
16 767
9 779
15 506
9 369
18 987
16 675
17 909
26 994
9 440
12 304
29 265
10 368
29 439
17 995
13 439
10 917
0 576
17 587
27 972
24 406
26 338
8 428
29 782
17 612
10 597
10 340
14 261
26 717
9 284
27 400
29 390
6 845
12 633
4 326
6 830
5 565
12 813
12 524
8 608
11 446
10 724
28 356
27 341
0 809
17 887
24 666
23 573
25 635
10 937
12 793
29 962
21 799
18 508
22 298
4 882
1 756
12 684
10 522
6 380
2 237
6 324
11 915
8 603
17 209
4 588
9 657
29 279
4 849
26 440
6 776
12 329
21 873
2 599
20 968
15 865
2 584
29 712
12 375
2 537
6 644
11 964
14 435
18 997
11 464
0 952
16 371
16 470
1 509
24 891
13 787
11 870
1 613
22 473
14 947
0 586
24 975
12 717
22 862
4 796
23 546
24 270
2 909
2 260
24 342
26 425
1 730
18 490
5 500
12 293
4 383
20 289
22 859
21 871
26 685
0 984
8 392
11 548
12 552
17 530
11 246
10 708
6 950
28 807
24 317
16 534
4 240
0 352
20 386
19 395
9 291
7 207
2 540
28 336
17 448
4 217
10 565
13 698
22 821
17 343
5 881
1 368
12 947
28 466
6 615
18 328
16 287
21 640
26 457
18 490
0 310
22 202
19 767
17 690
13 894
12 921
10 514
7 394
26 723
1 521
20 858
18 441
17 839
13 421
27 220
7 234
25 682
14 939
4 831
24 779
19 827
13 877
10 903
11 277
23 522
14 903
29 281
12 418
26 787
16 256
5 388
1 582
26 544
20 893
18 609
5 622
13 723
20 792
19 293
3 234
9 597
21 255
7 609
9 221
7 406
3 721
12 908
4 934
3 244
19 569
25 957
8 608
20 549
24 425
10 594
17 793
12 331
1 535
18 282
10 968
12 293
26 782
12 724
1 988
14 671
17 657
20 907
18 295
13 838
23 410
15 687
28 763
7 421
5 919
7 954
18 439
10 319
4 412
3 885
27 500
9 291
8 710
7 261
1 855
22 795
19 718
12 670
19 558
8 485
11 395
15 264
4 521
25 714
14 563
10 625
23 671
0 808
22 713
22 931
8 552
17 593
21 485
25 441
1 783
28 476
28 482
11 457
1 979
20 969
0 512
10 423
7 650
2 762
26 407
14 614
16 699
9 369
17 347
5 812
6 244
14 991
20 316
17 802
8 213
5 261
17 272
20 528
28 212
5 924
27 393
19 628
1 510
11 387
25 992
16 837
11 363
21 577
10 898
6 465
20 944
2 699
7 931
18 931
13 586
26 355
24 619
13 645
10 325
0 684
8 872
28 285
10 545
11 844
26 464
28 226
12 212
6 269
14 791
12 302
28 594
21 723
18 436
26 341
27 787
9 365
17 642
2 739
9 432
20 896
0 553
17 480
8 483
3 617
29 689
23 831
10 694
18 833
24 408
17 914
26 201
4 330
29 365
18 416
3 364
26 925
3 423
9 620
26 933
21 951
22 724
9 854
10 611
19 710
8 981
11 362
14 459
13 647
20 542
11 906
29 618
7 316
26 414
18 291
1 298
15 378
27 225
15 646
27 626
4 812
26 576
16 422
1 859
9 531
29 792
7 575
27 356
29 318
26 206
25 566
2 685
3 339
25 593
8 855
11 855
26 260
8 209
7 711
8 226
10 395
12 737
1 264
21 489
18 401
29 313
12 657
26 313
27 549
25 711
1 960
0 603
9 319
28 487
29 665
2 734
14 999
26 332
27 940
10 615
14 297
21 779
3 826
16 370
5 723
13 626
14 767
20 651
4 430
9 844
13 483
16 418
7 693
16 803
4 962
18 265
21 920
14 770
21 317
8 989
19 966
25 374
0 735
9 593
15 933
0 419
13 580
21 335
18 685
8 979
10 469
15 652
14 805
6 803
26 473
15 617
5 704
9 869
17 873
20 914
1 508
5 691
6 804
28 282
11 870
14 925
5 630
27 998
24 845
11 956
10 875
1 455
9 932
3 683
15 936
8 313
6 576
14 985
4 778
7 578
19 724
27 931
18 533
17 500
5 562
5 739
29 924
12 932
25 571
1 288
2 540
17 465
23 736
4 884
22 558
4 764
21 361
19 402
7 220
0 461
2 372
19 546
0 581
29 709
23 900
5 379
27 379
25 441
24 807
28 340
22 737
13 706
11 409
26 315
14 205
19 617
17 551
1 706
29 311
18 947
2 897
5 376
15 914
20 866
0 969
9 958
0 592
9 410
27 522
12 338
5 723
1 945
12 856
1 979
0 415
6 396
17 633
10 672
19 261
6 805
23 764
19 842
14 323
21 498
16 697
14 520
5 352
10 255
19 856
17 370
7 674
15 692
13 335
17 996
3 602
19 476
6 791
15 702
24 701
5 725
3 280
18 874
18 707
10 305
5 908
8 471
1 829
27 723
10 506
7 784
12 691
6 837
23 999
29 558
6 884
29 534
16 220
25 666
29 890
16 744
6 256
28 702
8 807
2 288
10 372
7 259
11 639
8 231
23 288
28 558
5 373
28 974
19 566
19 293
22 509
23 232
29 937
0 622
10 609
5 609
0 265
24 820
13 326
23 704
1 787
5 724
22 796
27 903
2 886
26 779
15 973
9 749
3 796
21 874
9 945
25 725
7 724
20 405
4 715
18 906
27 606
26 865
1 293
25 841
27 519
21 246
18 655
27 556
18 477
0 835
25 436
16 312
13 523
6 589
29 333
27 329
12 266
27 910
4 395
26 645
25 475
11 500
3 876
19 874
18 897
11 397
15 311
4 674
1 685
27 369
4 361
8 439
26 396
20 419
15 348
3 242
28 482
24 398
3 451
15 504
15 386
7 457
2 731
7 584
3 308
19 440
13 488
21 900
16 227
17 396
15 312
24 910
13 965
5 351
8 271
14 400
6 621
21 647
29 290
5 619
6 246
2 436
2 943
24 814
1 342
15 825
13 993
27 511
9 685
29 666
21 945
7 330
10 218
26 583
5 344
22 467
8 501
24 395
24 826
6 653
24 297
4 915
22 567
11 928
27 337
9 389
6 969
20 286
22 324
27 960
4 962
7 606
20 260
15 561
8 406
6 260
7 342
7 202
10 567
26 376
28 299
25 653
2 599
6 707
16 692
12 468
16 351
17 277
13 574
16 347
3 511
8 609
8 463
1 977
12 345
29 740
12 360
4 266
16 754
4 222
7 581
2 699
17 814
20 592
17 752
14 439
12 460
18 588
3 489
7 415
22 985
17 815
5 273
14 426
14 486
4 415
27 573
10 338
25 943
27 405
25 982
9 427
13 408
23 902
1 251
29 441
16 705
0 368
21 497
9 379
0 509
17 686
21 464
2 308
26 884
15 790
26 853
29 962
25 308
3 334
4 811
7 252
7 910
24 850
20 573
19 456
25 974
12 893
17 453
27 795
12 898
3 747
3 221
3 229
15 427
24 609
28 982
11 741
8 991
21 338
12 547
0 688
23 522
17 508
26 500
28 324
15 714
5 507
16 530
28 669
10 353
28 804
9 941
16 969
7 258
16 445
0 389
10 829
23 521
1 855
25 401
3 816
2 330
10 280
19 255
17 531
29 477
27 937
12 465
8 526
26 401
3 487
23 607
20 993
25 369
25 768
17 796
24 291
3 713
7 360
4 557
7 591
24 788
24 714
10 660
26 871
4 502
7 897
12 590
17 414
15 801
0 319
7 490
12 780
13 410
4 920
25 487
6 324
7 701
12 954
5 726
3 816
5 680
6 586
20 448
22 805
1 925
15 592
26 603
13 314
13 384
10 731
21 204
14 507
16 324
27 827
14 823
11 313
7 267
3 422
3 412
25 852
2 626
19 885
9 631
18 588
19 719
21 452
23 923
14 700
10 273
16 848
13 946
15 340
8 509
19 578
5 737
19 846
25 893
15 836
9 989
7 651
9 326
17 950
21 234
3 625
10 785
15 798
6 427
10 821
23 762
4 744
5 690
8 296
19 898
22 1000
15 735
19 222
20 791
11 224
11 981
12 940
16 375
12 657
24 893
24 431
7 686
29 910
28 458
29 941
5 574
29 601
26 799
8 319
10 615
6 340
19 297
9 902
27 312
15 942
9 467
17 876
23 865
13 806
19 211
16 254
19 961
23 580
12 780
0 891
8 905
2 976
18 719
22 316
0 492
28 309
12 692
13 858
18 433
21 896
19 766
20 520
2 836
17 881
28 584
1 569
5 664
11 603
13 912
9 514
7 842
14 201
7 389
2 397
5 806
1 849
23 426
10 985
24 298
11 573
14 413
29 371
17 759
24 787
28 721
16 353
8 830
20 469
9 897
0 498
28 864
2 939
22 361
17 374
3 427
13 435
4 257
1 590
11 964
1 766
26 761
1 722
7 741
16 659
2 712
2 794
23 539
25 992
5 466
21 433
23 243
6 723
13 693
13 534
22 423
14 588
21 210
4 784
16 514
1 252
19 268
28 303
20 747
6 832
11 740
8 586
17 489
7 409
28 245
29 651
8 603
21 896
28 767
4 207
10 960
6 717
3 993
0 373
27 656
12 291
16 331
23 389
25 602
9 334
24 737
11 993
4 344
3 906
1 330
19 312
0 249
2 743
22 672
23 316
0 724
13 508
10 420
0 1000
17 590
4 985
0 246
14 833
11 230
15 778
12 478
11 436
17 299
12 504
12 492
1 798
18 970
13 861
20 443
24 437
13 424
26 800
16 433
23 846
29 732
14 305
9 558
29 330
4 986
27 552
23 611
17 843
24 831
23 313
14 727
18 549
21 759
14 277
29 908
26 634
9 200
4 505
28 343
26 955
11 712
13 543
6 738
25 569
10 337
24 389
7 651
24 967
19 389
8 914
7 815
0 382
3 425
15 884
28 371
27 764
10 229
20 354
19 811
16 660
10 879
22 448
5 206
8 308
12 421
20 650
16 219
2 390
5 984
22 878
5 208
24 649
28 842
28 510
26 316
5 564
16 251
12 833
13 481
23 486
3 229
15 805
4 648
18 444
17 300
9 207
27 889
29 984
25 458
11 544
6 833
14 203
6 643
23 212
26 924
26 708
10 828
29 670
20 404
25 264
22 349
19 780
17 924
25 443
21 580
18 875
0 746
22 604
7 667
16 831
10 238
10 811
7 907
17 794
19 788
9 734
21 631
2 773
19 508
7 505
27 956
21 728
26 394
25 542
2 730
1 728
7 909
19 370
29 590
7 668
17 336
28 695
1 726
2 250
20 878
8 324
29 546
12 907
7 527
28 806
0 842
0 852
16 783
17 390
15 814
21 962
12 801
29 334
21 492
9 769
0 623
26 589
0 709
6 723
14 673
22 845
7 1000
16 496
5 916
19 851
23 510
14 689
29 674
26 288
18 418
10 508
16 450
27 977
27 462
5 218
8 242
19 353
5 414
1 405
29 620
17 737
6 304
20 717
2 452
15 565
28 931
23 731
28 990
25 884
13 270
23 817
22 866
17 343
2 834
13 898
18 602
12 245
27 987
21 277
23 527
29 742
8 434
5 443
13 204
24 918
18 529
19 403
22 259
13 552
1 489
9 385
8 892
22 383
4 293
5 839
7 731
5 233
13 567
17 311
11 276
23 631
4 643
4 596
11 312
25 263
26 577
10 782
16 845
27 347
1 815
28 990
26 592
7 937
27 405
28 577
29 772
4 774
14 974
16 982
12 255
13 564
8 948
2 444
11 964
2 503
6 458
14 711
7 552
7 332
2 625
9 536
13 639
5 515
10 412
4 894
10 349
18 705
14 830
19 653
3 775
10 391
18 880
4 370
15 789
16 436
17 588
12 943
3 700
18 724
1 360
6 545
10 959
2 887
18 286
18 834
25 658
24 216
3 893
3 930
6 597
4 828
3 893
17 553
10 636
18 639
8 361
9 963
7 517
27 363
1 226
6 661
12 945
28 803
3 954
6 953
3 265
12 517
22 572
29 275
10 208
1 459
29 269
7 545
22 409
26 837
12 940
23 450
20 615
29 438
13 841
18 474
20 634
10 797
19 410
0 255
19 696
29 840
4 689
6 226
4 402
21 394
24 267
19 417
15 683
10 895
9 378
2 779
12 483
21 921
17 454
6 573
7 834
1 414
24 392
10 459
6 577
11 302
25 518
23 289
9 791
9 437
6 357
10 225
12 913
26 778
28 252
1 706
