2000
4 760
13 836
11 842
28 294
1 634
17 611
14 657
5 816
2 608
0 625
5 910
2 437
21 529
14 880
18 357
22 758
25 332
17 490
19 892
29 223
23 354
13 977
8 375
14 787
13 466
24 301
25 485
29 536
11 312
3 318
4 697
28 433
20 675
8 332
18 927
17 327
5 290
8 467
11 841
5 972
29 898
24 427
24 390
5 370
17 602
27 323
5 524
1 931
26 206
15 363
9 586
15 547
23 618
27 875
23 408
28 851
0 550
10 275
3 513
3 809
0 381
0 652
21 625
29 926
29 684
9 601
0 358
28 923
28 231
4 973
28 630
26 683
1 628
13 653
19 761
27 438
12 966
14 490
4 654
13 214
7 703
24 284
0 273
7 933
4 867
27 289
21 370
19 574
5 794
11 305
1 411
24 549
2 798
5 261
10 921
29 427
25 537
20 594
6 218
14 267
9 488
2 702
15 704
26 826
25 611
10 505
12 257
4 245
4 234
22 284
3 741
17 241
16 973
10 719
28 990
26 760
8 913
22 601
1 429
11 785
21 607
15 427
26 516
25 969
4 573
27 722
28 502
22 716
23 535
10 380
26 646
26 439
24 226
12 393
28 285
23 445
16 408
11 611
5 750
16 531
22 887
21 958
15 435
10 542
8 805
7 622
4 552
0 279
23 700
6 733
1 492
27 486
2 465
16 275
0 475
22 783
10 354
22 902
18 694
23 592
18 982
12 983
16 239
4 793
0 584
0 848
8 396
28 413
27 581
18 454
24 891
22 774
8 394
10 633
9 798
23 790
14 855
2 812
22 222
24 873
10 798
7 397
6 934
28 908
15 660
4 802
17 889
21 863
13 257
2 821
9 231
12 995
25 222
29 204
10 372
14 975
7 671
10 682
22 950
17 656
27 456
4 645
22 423
23 781
5 675
5 353
15 397
29 762
9 593
18 314
2 864
7 478
28 363
26 679
13 817
11 793
28 859
12 832
12 472
6 441
8 532
24 747
21 944
2 817
28 995
27 358
8 832
28 954
10 456
5 282
16 245
25 243
13 291
16 274
13 344
26 396
22 688
4 755
23 567
26 391
6 360
16 293
14 239
16 373
1 559
25 941
13 606
5 401
10 595
22 901
7 396
19 754
9 379
8 437
6 871
7 532
23 816
2 823
24 456
1 768
14 627
11 599
10 828
6 767
15 348
27 372
14 791
4 994
3 733
13 232
2 302
4 855
11 238
2 753
13 412
25 283
11 656
29 927
14 769
15 973
2 546
25 748
21 460
22 675
22 563
10 320
18 956
4 647
25 523
9 660
7 695
15 225
18 937
9 777
20 831
2 285
25 311
25 817
16 689
24 883
18 390
25 757
29 844
4 447
21 958
8 936
26 366
24 660
29 620
12 241
28 344
22 380
2 478
1 502
25 750
3 571
7 465
0 638
18 882
6 665
3 973
7 591
12 846
12 891
3 844
28 611
26 398
2 945
13 830
16 557
23 689
0 279
12 528
7 985
14 967
3 430
23 707
17 445
10 926
16 649
23 768
11 653
11 305
9 873
5 603
22 545
13 542
25 206
0 233
21 717
3 942
23 488
28 290
25 385
10 720
3 692
7 292
19 767
22 789
14 945
23 505
18 533
17 644
7 535
13 698
11 612
17 437
12 502
27 316
6 983
9 873
11 486
20 608
8 276
17 530
14 720
5 448
8 267
18 418
12 502
10 659
8 373
1 730
17 990
9 507
29 305
9 506
8 714
4 822
23 761
13 559
20 978
6 492
22 472
14 201
11 737
2 529
4 825
13 210
24 626
11 874
25 994
2 208
21 546
2 463
27 533
16 241
15 962
4 815
28 981
14 769
4 349
17 698
9 810
10 479
9 898
20 362
21 444
19 448
3 233
18 683
24 399
18 335
27 266
12 692
2 640
13 626
16 533
28 209
23 249
24 324
8 980
19 288
14 537
23 468
13 828
3 536
25 924
23 700
11 405
15 450
20 881
24 368
5 308
8 709
1 860
15 967
3 204
25 470
2 221
18 416
26 380
9 767
14 723
19 584
27 831
19 652
6 935
7 427
10 636
22 579
0 297
4 807
10 566
25 850
21 538
1 432
14 204
20 217
12 439
21 681
0 917
3 472
0 668
20 245
18 658
23 966
1 390
16 429
13 333
1 305
17 546
24 570
19 954
2 589
13 310
18 489
12 771
4 428
7 902
21 989
22 646
20 454
14 566
2 518
2 752
12 610
9 877
6 779
21 288
14 873
21 305
4 684
16 642
6 892
27 228
24 519
13 566
8 408
15 981
2 407
24 377
23 318
20 803
0 522
17 998
9 748
14 409
28 216
18 904
24 996
24 699
9 391
0 647
14 604
18 784
2 223
16 446
10 755
21 852
13 966
27 792
6 329
10 329
25 388
7 551
16 633
24 757
4 852
27 209
14 611
3 816
29 366
12 577
24 312
8 299
12 458
4 962
7 957
2 216
5 836
20 391
26 302
14 718
11 406
5 825
9 374
13 806
13 380
27 482
12 822
7 960
24 525
9 931
14 934
6 556
2 641
19 320
12 862
29 620
27 500
15 274
19 304
22 669
25 926
14 945
17 339
10 860
14 524
1 263
21 350
11 415
13 384
23 711
0 774
17 416
12 680
17 709
8 899
1 737
8 980
28 589
9 809
5 792
13 336
2 213
2 341
13 698
22 625
13 201
10 430
24 738
25 754
7 383
17 530
14 557
1 266
5 743
11 263
1 303
19 245
26 636
13 941
21 309
4 610
11 680
29 548
17 403
23 962
10 204
8 797
4 684
27 229
18 484
14 716
24 351
6 219
13 522
3 300
27 248
1 238
8 422
21 619
25 619
0 980
0 521
8 479
1 591
23 341
3 604
10 583
27 699
10 316
28 804
25 323
18 864
2 800
23 235
4 222
1 277
10 303
21 864
6 753
8 426
17 593
22 324
7 462
23 302
25 201
10 507
6 949
8 431
23 391
23 850
12 215
17 269
20 610
13 1000
26 636
20 783
23 877
26 381
3 705
0 735
11 443
13 553
25 852
4 342
21 474
24 278
16 397
14 830
21 257
21 788
7 439
27 784
3 269
26 794
4 314
14 646
27 961
24 694
0 705
5 879
0 305
6 350
3 211
25 222
14 868
3 338
26 731
23 369
2 986
6 574
29 527
10 337
13 378
10 451
2 756
18 473
19 824
6 784
2 908
21 684
27 231
2 628
24 293
16 924
23 444
12 306
20 332
2 892
2 600
25 672
15 282
12 736
27 721
7 979
26 449
19 982
19 847
7 973
7 760
28 474
20 654
17 883
25 723
20 264
16 571
13 872
10 688
9 971
15 918
13 309
23 790
27 829
7 863
7 601
28 706
1 793
22 495
9 776
1 214
7 221
18 634
3 265
1 906
4 256
15 760
12 936
1 512
21 729
28 276
23 327
0 928
20 489
20 463
21 774
5 273
23 401
4 804
17 813
9 244
16 881
15 818
25 941
22 825
5 588
8 758
23 545
17 942
25 719
29 247
27 924
0 516
16 690
24 903
7 267
21 903
3 626
21 392
24 752
12 834
24 673
15 421
16 596
10 496
19 988
2 414
20 579
17 819
19 698
15 930
21 490
24 693
16 554
5 736
22 716
7 271
16 489
8 309
10 661
2 320
8 727
26 264
0 238
4 268
2 779
26 786
6 974
22 331
6 991
7 576
28 799
15 655
8 612
10 964
6 583
16 200
6 921
14 797
24 420
29 386
23 908
16 847
4 788
6 323
26 215
19 685
29 241
25 324
8 430
17 591
4 516
2 751
2 826
23 363
8 435
14 371
10 812
7 361
24 946
3 610
18 772
28 737
18 345
20 255
1 327
16 301
26 830
1 526
6 245
23 856
20 600
11 468
27 299
19 209
29 921
17 459
14 854
27 682
1 284
24 226
3 480
1 608
19 929
25 681
29 530
5 423
29 820
0 859
7 933
29 983
9 229
20 364
9 898
15 919
6 760
21 642
20 436
16 649
18 811
12 956
10 451
0 794
2 804
23 210
8 951
12 402
17 320
0 778
10 905
17 921
7 981
14 400
20 526
20 214
20 915
14 330
5 474
3 713
1 777
12 677
17 727
29 858
27 218
25 499
5 249
28 581
7 596
3 215
0 642
16 958
2 650
2 354
15 398
18 594
19 525
3 859
6 833
21 681
28 361
0 752
13 589
7 673
2 347
24 493
20 634
29 463
0 425
3 424
24 644
29 374
1 227
7 273
18 494
12 945
14 815
10 657
10 792
18 212
2 858
17 864
20 878
4 752
24 289
20 453
11 478
6 396
24 217
29 211
3 902
12 345
4 341
22 263
13 961
11 595
20 890
3 958
8 880
1 985
12 620
22 603
1 326
16 863
23 938
2 523
24 636
24 559
7 736
1 726
10 561
4 344
19 395
28 822
6 466
20 777
7 904
9 254
18 656
4 925
24 263
25 404
13 960
24 715
4 619
14 490
29 313
25 336
21 563
9 877
24 877
26 462
28 794
6 859
27 975
25 309
12 984
15 494
20 406
10 712
5 443
18 342
5 576
20 816
4 938
6 790
5 245
27 902
3 810
21 696
14 788
14 368
9 497
5 564
2 570
3 708
10 358
28 455
24 409
0 375
22 667
18 436
14 597
1 208
12 600
9 805
18 726
5 593
3 646
25 649
23 253
27 714
24 241
1 958
13 501
6 381
0 837
20 755
7 255
21 965
29 254
14 494
3 767
1 480
25 728
27 407
19 617
21 205
14 914
5 227
17 215
8 203
9 798
19 707
12 262
18 681
0 539
28 873
8 376
3 876
20 519
6 253
12 706
27 764
11 364
15 782
21 686
8 675
6 933
27 990
26 793
12 655
1 665
20 344
10 675
16 858
7 668
11 450
22 559
14 544
13 286
22 806
14 389
5 308
2 988
23 896
4 814
13 606
16 538
20 208
11 365
3 613
7 508
15 202
2 237
2 637
13 726
25 223
17 440
9 517
7 242
27 330
20 884
12 922
22 228
20 676
10 473
9 417
11 827
15 805
27 729
1 450
8 729
11 208
28 711
3 796
16 631
18 381
14 223
11 917
28 430
2 827
17 720
16 407
16 953
28 505
23 436
26 341
21 262
12 698
24 431
2 539
10 274
0 422
25 495
20 462
27 414
4 648
15 639
29 420
10 346
9 707
28 628
10 547
23 686
7 965
25 469
26 922
19 922
11 434
4 418
3 317
1 254
17 926
6 329
1 917
6 960
25 830
0 593
29 444
27 358
6 556
7 556
26 425
29 911
1 415
25 605
28 645
25 203
7 340
5 787
25 319
17 286
14 604
8 965
7 432
20 396
23 690
11 499
5 805
26 892
27 716
4 693
27 235
14 764
26 244
4 596
10 367
19 480
28 498
22 966
21 497
23 439
8 548
23 603
23 254
4 668
25 506
16 297
5 677
29 273
24 282
20 589
19 337
25 658
16 858
4 404
3 550
6 896
0 503
7 607
13 293
27 587
21 492
19 697
17 849
19 754
24 341
2 310
0 470
13 857
20 812
4 728
10 484
26 505
1 757
8 416
25 323
24 747
9 650
6 292
6 768
27 845
23 513
26 796
10 790
21 438
10 357
23 752
27 958
12 818
9 425
25 955
17 369
4 601
28 557
7 918
14 510
14 702
19 541
16 747
13 669
17 807
18 949
9 563
9 506
21 417
12 521
6 766
4 443
11 549
8 528
13 275
19 891
6 451
12 537
8 824
2 876
5 625
3 666
12 415
0 602
12 877
23 489
26 401
2 685
5 792
19 760
0 811
7 859
2 894
4 469
21 759
2 997
18 224
21 690
29 657
0 880
2 410
4 303
8 926
16 839
25 277
25 414
11 383
27 788
28 414
3 205
3 525
2 394
1 615
3 416
11 945
7 677
1 585
23 376
11 604
10 939
14 994
23 969
27 579
23 679
24 570
4 961
17 838
9 708
28 268
2 271
27 866
5 747
12 586
22 499
28 352
12 857
18 587
27 363
27 369
15 707
4 241
1 298
26 996
23 750
9 571
13 995
4 305
23 276
14 207
1 492
15 646
2 696
15 377
27 261
29 988
27 706
19 942
20 977
10 819
28 540
8 849
28 969
25 577
7 999
0 294
11 316
2 905
4 754
11 737
2 709
16 292
2 634
16 774
27 661
19 308
1 832
6 988
19 610
2 677
1 633
25 981
3 740
14 370
28 636
18 834
26 877
0 670
23 781
1 348
16 863
26 877
21 991
10 233
13 986
18 939
18 601
27 982
16 214
14 290
2 531
3 503
3 362
4 989
10 671
27 283
7 673
17 733
1 344
19 335
4 717
26 417
19 618
25 287
14 812
22 663
16 954
15 991
25 830
11 777
18 578
22 666
28 887
1 630
24 269
3 867
15 615
17 961
4 929
7 892
17 289
13 761
1 949
10 913
0 225
5 559
17 619
21 503
4 489
17 848
23 853
12 250
13 411
4 367
9 644
22 943
29 281
27 567
26 611
24 278
7 636
19 609
14 404
28 597
27 766
12 283
5 756
9 876
5 447
21 412
6 307
5 230
18 998
17 945
27 899
9 244
10 937
19 570
9 652
16 537
7 629
4 998
6 407
21 704
8 602
15 542
17 331
3 315
22 469
16 237
28 278
5 462
27 880
8 214
28 497
29 830
20 878
0 883
12 711
29 323
14 906
8 393
22 642
11 685
0 240
4 362
4 450
13 803
9 893
11 637
14 443
24 725
19 715
6 670
20 589
9 372
19 604
25 213
15 458
22 575
17 847
11 633
23 886
25 724
25 856
14 788
18 386
9 748
19 551
22 575
14 624
14 942
28 812
10 845
27 245
17 655
22 487
18 540
22 299
3 639
0 520
16 238
22 895
3 501
23 891
17 899
10 711
21 986
9 692
13 282
2 475
12 295
23 408
1 333
19 796
22 446
23 209
10 457
25 632
17 831
21 741
19 861
19 898
5 639
1 607
3 956
29 228
16 572
3 687
15 587
0 307
7 940
13 546
5 637
8 705
19 306
10 618
9 869
22 876
9 892
7 632
27 983
26 441
26 231
20 684
1 998
28 755
3 736
15 750
8 749
29 447
10 499
4 720
27 293
21 263
6 582
11 834
10 859
16 881
16 509
17 530
3 856
16 333
29 370
5 775
11 910
23 441
14 407
24 449
15 612
16 321
6 925
28 311
8 359
28 721
1 673
17 201
20 545
29 537
29 482
22 916
9 695
14 954
13 203
25 827
6 340
15 440
5 895
8 999
16 296
27 396
25 561
14 435
23 992
3 295
3 828
6 774
17 657
12 409
13 429
13 832
3 721
26 205
8 913
11 285
3 617
13 828
12 684
19 652
11 957
1 332
22 408
27 447
1 944
13 353
5 395
27 301
9 535
23 739
5 563
25 884
3 386
24 361
0 822
1 803
0 233
0 716
11 810
4 463
19 662
1 210
20 505
12 936
21 778
18 586
8 844
0 292
18 795
12 329
28 698
29 895
26 680
10 983
18 891
10 890
17 405
9 578
6 515
21 657
4 442
16 730
29 831
20 395
12 918
3 203
6 860
6 611
28 741
5 265
7 860
5 249
5 224
18 408
15 686
2 347
23 688
16 627
12 811
18 370
11 487
9 597
20 868
23 793
0 680
26 385
16 314
21 335
9 696
2 211
12 504
25 853
16 273
17 660
9 811
1 269
26 972
4 457
10 725
24 921
0 605
27 995
21 765
20 757
1 604
13 738
1 580
5 553
27 480
8 925
28 637
19 288
3 619
14 698
20 583
8 549
10 870
17 260
5 299
28 522
23 221
22 586
22 602
19 810
5 305
11 923
0 872
24 449
10 671
12 483
16 557
25 927
29 720
0 525
2 903
27 585
27 969
27 579
12 607
17 799
13 589
14 541
23 407
23 957
6 493
26 527
16 508
17 480
8 651
17 731
17 633
16 419
7 664
8 593
25 599
11 469
16 559
11 292
7 829
26 589
11 639
18 231
13 929
12 272
20 931
27 250
12 422
15 988
0 233
4 956
4 559
9 695
12 724
16 311
17 509
11 602
2 224
22 811
24 673
23 762
21 495
3 647
27 243
27 331
25 967
28 698
6 207
14 754
22 261
5 231
24 833
8 687
2 585
26 578
1 473
6 381
19 555
11 310
4 203
4 371
20 851
28 843
21 386
13 540
1 207
18 870
11 232
21 682
18 213
13 425
22 201
9 491
1 477
2 408
22 842
4 824
11 450
20 416
16 556
14 359
20 506
11 721
22 745
12 858
19 939
5 404
11 591
25 234
26 963
29 524
26 627
1 284
12 989
19 697
19 412
7 631
5 361
19 413
20 981
15 553
1 373
24 359
14 905
17 656
5 749
18 216
15 843
18 733
5 531
5 246
27 550
25 481
15 300
9 900
13 355
6 805
18 753
4 712
1 294
21 368
6 827
13 357
12 311
29 659
23 949
4 899
16 785
12 786
16 490
27 411
27 218
25 756
7 264
8 978
11 429
27 246
1 985
14 848
23 572
2 939
13 857
16 915
17 215
16 591
17 733
25 818
26 690
1 721
1 325
19 375
24 239
28 735
7 226
29 610
9 237
13 694
29 405
29 200
15 653
26 767
5 642
11 685
10 792
25 514
7 328
11 457
11 587
7 907
6 927
28 990
15 401
9 846
28 341
26 452
14 409
29 765
20 416
27 444
2 297
21 222
2 353
21 801
20 618
1 591
11 437
8 953
12 377
29 572
17 432
14 804
1 914
27 674
5 475
11 682
2 680
3 835
14 294
3 291
1 436
29 412
7 929
15 712
1 205
15 828
18 616
9 769
6 531
27 592
1 411
3 216
8 467
22 802
6 904
29 298
12 282
23 243
1 583
21 449
18 629
8 216
12 908
29 887
7 957
8 487
2 998
11 214
6 396
27 924
29 394
10 673
28 733
9 453
24 994
1 403
12 976
2 645
18 583
1 732
7 352
15 538
7 788
25 627
8 266
