2000
25 756
0 524
8 450
18 585
25 327
8 370
19 642
11 657
21 678
20 684
12 958
16 427
16 798
21 270
14 634
19 698
0 350
19 893
2 940
16 563
16 748
8 237
0 962
6 1000
2 373
15 832
3 313
9 748
24 507
12 826
29 397
5 253
10 346
6 653
8 932
8 455
9 882
16 829
15 597
21 700
1 925
29 261
27 832
24 803
25 540
23 539
17 678
2 823
26 597
15 996
11 229
8 821
24 587
3 481
23 944
17 701
25 956
24 239
4 512
25 682
3 620
4 952
26 915
5 378
29 977
16 514
12 848
8 280
24 854
21 958
23 201
7 355
19 955
16 487
17 877
6 548
23 421
8 727
4 796
16 345
18 345
12 435
20 912
0 612
28 629
21 701
6 847
27 533
15 508
22 911
16 560
14 841
7 354
27 353
20 862
5 698
3 559
14 836
3 692
8 821
28 804
23 397
13 310
21 222
26 831
0 479
25 328
15 804
15 304
28 496
28 939
15 510
28 832
11 945
18 661
10 402
28 392
12 699
1 507
20 804
2 207
3 903
18 656
0 811
6 534
14 434
27 915
23 663
20 203
0 404
4 688
21 368
14 899
23 253
26 871
14 264
27 261
9 495
12 719
16 225
8 866
7 650
12 542
14 678
12 920
5 670
5 392
7 421
21 574
2 331
20 898
1 646
22 594
1 609
29 697
5 791
2 981
20 368
8 523
22 700
12 431
23 455
18 668
23 385
11 281
6 815
13 203
23 894
22 263
16 882
21 887
9 816
0 919
25 414
0 577
15 776
29 623
21 385
13 549
20 937
11 789
2 212
1 644
15 903
22 884
1 382
5 747
19 843
11 717
28 677
3 535
8 834
8 456
28 299
11 707
29 458
26 719
8 926
3 893
24 817
0 736
16 889
7 403
17 572
12 847
0 639
21 725
29 348
16 599
1 937
6 524
26 511
11 200
8 906
13 869
22 623
5 822
8 214
11 466
15 304
11 318
20 273
29 711
5 375
20 331
19 656
21 353
7 334
23 618
1 816
13 637
21 512
22 636
28 707
20 524
1 480
12 865
13 775
16 371
25 296
22 422
12 370
15 473
26 604
18 564
18 507
19 768
16 700
17 625
14 216
5 846
29 832
10 919
3 924
9 770
4 341
12 788
26 395
25 452
25 677
19 733
20 885
2 298
0 645
11 635
24 456
4 534
10 647
3 565
6 272
3 525
29 230
6 729
21 995
14 287
28 400
10 832
28 433
16 791
9 605
27 382
7 434
16 912
3 853
28 721
19 675
19 200
11 400
8 256
10 390
7 737
4 581
21 200
21 401
10 990
25 723
7 736
1 330
10 600
1 939
14 289
12 289
12 899
6 370
24 370
18 480
25 239
6 311
23 785
13 439
13 306
15 692
1 867
21 417
22 764
6 654
3 593
14 817
11 979
15 915
8 796
9 221
6 551
0 580
1 619
20 372
28 984
4 643
2 334
11 578
2 307
13 969
22 589
3 722
3 486
3 938
20 741
23 892
6 309
23 358
11 805
2 648
7 910
15 700
24 499
25 386
11 963
23 826
2 208
4 229
10 883
21 590
4 627
23 324
20 981
12 334
10 575
2 768
29 742
14 280
5 735
3 863
2 489
21 283
12 517
0 789
22 696
9 600
26 832
0 227
3 943
12 417
4 260
12 970
23 664
19 613
7 509
16 881
2 883
18 506
24 350
25 347
4 206
15 480
12 377
16 513
15 436
15 868
12 208
7 450
10 529
0 280
18 606
7 376
10 517
3 835
2 370
1 337
16 510
17 364
27 286
11 808
14 827
18 740
10 726
23 569
0 292
5 856
20 643
11 907
14 683
4 239
12 487
23 786
14 569
24 887
18 962
0 892
13 808
13 806
15 709
10 993
0 525
0 821
21 817
3 468
9 299
7 604
13 759
6 937
4 880
28 268
5 974
11 744
17 906
17 832
17 556
13 977
20 246
0 738
4 827
17 287
18 648
28 493
27 643
29 228
18 876
7 292
27 471
16 534
14 409
24 416
23 393
7 379
7 365
26 753
10 776
4 508
11 567
26 484
28 404
25 532
2 907
26 918
26 961
8 531
14 660
6 772
7 409
24 831
11 409
0 728
19 640
27 632
4 725
13 353
14 317
2 252
8 556
8 219
2 636
0 972
16 733
27 494
1 773
22 750
22 777
18 292
17 532
26 510
8 944
6 703
6 960
17 775
3 785
9 200
19 433
13 495
29 731
18 998
9 970
21 319
22 488
0 598
9 337
13 394
16 406
10 757
6 731
16 844
22 650
11 916
1 909
0 701
24 443
9 306
12 413
2 412
5 890
2 478
28 291
20 559
0 443
27 887
23 531
5 421
28 345
23 212
8 678
9 896
16 691
0 789
18 366
16 1000
7 706
11 692
16 295
8 598
18 930
27 437
12 817
14 457
19 638
8 565
10 931
20 392
24 804
18 460
4 289
7 868
0 601
15 217
29 905
10 247
28 230
16 403
17 300
14 492
14 658
14 985
2 371
26 245
6 286
7 952
19 559
17 632
11 763
7 733
11 256
28 736
1 803
22 721
26 458
0 369
1 609
4 947
1 232
16 482
25 286
9 508
4 266
23 454
5 717
25 445
21 231
10 522
10 831
1 451
18 916
23 655
15 508
28 696
3 453
6 246
29 488
24 968
0 960
28 775
2 596
5 520
24 501
25 442
9 209
18 329
12 462
17 347
26 919
11 909
3 885
12 486
8 392
2 691
29 832
26 358
5 245
8 375
18 634
16 882
6 247
13 406
3 527
22 716
26 983
26 985
22 877
13 858
6 989
8 692
5 610
29 904
21 349
16 685
0 849
22 392
16 995
28 216
10 791
19 398
15 475
19 326
21 532
29 973
3 257
3 633
8 906
17 206
22 681
26 424
21 591
26 373
23 299
21 487
25 571
18 379
3 328
19 838
19 323
28 786
25 669
24 953
27 645
23 894
25 792
13 951
19 469
21 701
12 906
5 495
11 407
24 532
23 376
25 454
14 429
21 661
21 424
11 850
5 903
18 427
3 856
13 936
28 382
13 686
15 931
14 250
18 344
10 984
3 956
10 453
23 852
7 494
8 742
14 777
1 635
14 686
21 697
23 370
24 839
16 903
8 641
21 494
24 215
21 751
13 460
21 628
22 636
4 690
9 562
22 953
18 620
6 571
4 700
3 295
14 492
29 675
1 463
12 264
23 226
0 255
8 472
12 798
19 340
16 280
5 632
19 271
13 302
0 781
24 887
5 821
5 855
15 328
2 710
11 291
12 353
17 848
10 453
2 930
28 872
13 616
11 906
2 693
20 447
29 889
28 716
5 246
6 933
4 759
15 587
28 839
19 220
20 243
1 358
19 874
23 238
17 370
19 409
5 886
14 708
4 655
21 633
2 635
20 396
5 699
6 769
27 427
7 435
23 648
27 211
18 774
26 609
25 553
12 963
3 865
18 363
6 674
20 503
22 384
13 229
26 556
3 376
23 916
11 381
8 907
0 820
1 209
15 870
7 929
25 681
3 851
21 326
7 433
15 843
20 717
19 226
13 413
16 876
5 396
23 782
29 367
2 677
13 914
22 939
4 328
0 445
8 957
28 445
18 947
2 339
10 258
5 503
28 322
29 447
28 471
26 504
8 638
24 730
5 640
0 665
3 907
8 712
16 866
0 230
2 588
10 498
8 550
24 913
11 888
10 551
14 252
15 201
29 307
8 351
4 335
25 611
17 816
19 818
4 746
20 597
2 816
12 565
5 947
5 892
3 957
12 549
28 886
13 710
7 825
20 719
12 286
17 433
1 579
1 503
18 333
24 717
26 854
9 973
24 663
16 933
6 867
4 763
29 567
18 910
16 674
21 311
26 856
17 502
26 525
9 448
25 808
21 419
10 337
18 980
23 803
3 907
11 852
26 343
11 717
27 451
6 603
1 891
17 941
10 399
4 276
11 494
10 253
21 202
18 563
6 237
20 395
8 862
17 598
26 826
23 678
18 561
7 766
26 265
28 481
26 681
21 837
22 461
25 349
11 821
11 825
17 830
20 748
0 791
25 762
10 260
0 987
22 378
15 746
19 364
17 430
17 370
4 589
18 383
26 356
2 804
20 458
18 815
11 681
27 743
22 929
9 635
11 345
6 726
1 493
4 829
8 753
4 596
20 932
12 279
22 847
11 496
29 652
24 338
8 222
18 217
29 326
0 397
16 393
29 739
26 630
13 484
8 531
20 920
23 647
7 653
9 267
18 421
29 680
1 506
21 541
9 655
2 262
26 567
22 995
6 451
5 769
13 333
22 761
3 446
12 420
10 707
28 477
13 456
5 282
5 467
4 796
0 293
4 594
19 513
11 338
2 603
1 551
10 430
26 288
23 375
17 254
26 625
13 713
23 653
16 261
12 866
27 698
3 846
15 535
1 439
3 469
28 478
2 881
22 689
19 424
17 484
15 607
19 860
25 880
9 601
8 629
22 559
5 801
29 598
4 759
4 888
7 444
1 285
9 356
25 620
5 208
26 643
8 407
13 887
10 523
17 763
21 967
0 924
13 260
3 787
26 716
13 977
28 361
6 644
12 780
20 441
28 327
9 476
7 973
17 360
1 927
17 207
23 261
11 550
25 705
22 797
3 594
20 927
5 666
9 667
27 216
25 866
19 928
9 549
5 481
13 421
8 619
0 697
15 653
25 606
4 258
7 507
28 303
17 832
22 572
1 899
6 891
29 220
1 631
29 710
1 961
7 978
7 653
26 593
9 230
4 548
12 439
19 284
17 536
20 985
21 895
24 233
14 254
0 311
22 333
7 409
23 307
15 604
27 516
21 394
27 911
4 777
0 951
15 230
10 620
29 400
15 863
6 830
17 592
18 292
6 721
15 214
1 377
1 660
7 587
21 902
25 373
14 279
5 502
10 587
22 902
17 831
11 888
28 831
2 937
14 479
1 760
3 576
5 440
5 600
0 274
23 308
28 710
4 842
26 977
5 540
3 902
11 938
15 344
6 634
13 621
6 562
10 590
9 227
24 727
23 838
18 854
21 999
29 623
2 930
9 729
15 939
1 338
17 296
7 508
22 730
10 665
7 379
23 841
19 933
3 638
0 733
26 226
4 557
3 295
1 741
4 721
15 733
4 969
24 911
22 428
7 989
1 302
10 535
5 299
25 218
7 913
10 563
29 414
16 392
29 789
15 345
11 886
20 318
6 979
18 513
10 722
17 683
15 351
17 461
16 442
12 765
5 255
7 207
18 528
28 534
26 709
20 240
29 588
2 966
15 750
14 267
18 753
12 231
2 206
23 646
20 814
25 539
9 892
18 780
10 778
19 946
16 779
2 399
11 274
15 398
20 211
16 439
10 617
7 941
0 562
7 292
21 447
16 622
23 471
8 446
23 792
18 426
16 953
2 973
5 534
3 737
12 903
23 990
15 804
24 895
26 725
4 608
23 698
22 660
18 645
19 1000
13 870
15 686
10 213
3 749
27 348
3 236
17 252
17 591
29 903
9 777
29 575
22 989
26 440
26 871
25 980
28 977
3 461
23 392
15 965
0 882
21 607
29 779
4 279
12 820
22 222
4 860
16 358
25 848
10 692
2 508
27 761
23 714
11 823
28 925
8 297
15 357
5 345
24 590
2 973
3 730
26 726
5 227
20 887
21 883
1 942
17 738
18 931
12 994
14 745
17 994
22 790
8 848
19 771
7 225
28 459
26 389
5 563
20 575
20 719
14 759
7 719
13 238
16 232
14 543
16 436
0 663
19 846
28 429
23 600
28 1000
0 904
27 870
21 364
25 976
0 768
12 721
11 879
17 433
6 539
27 294
27 724
29 916
19 960
26 655
4 826
19 649
6 653
2 879
4 905
12 232
10 501
5 443
10 984
23 238
9 643
4 501
2 426
23 894
24 566
16 809
16 421
1 546
24 958
10 244
10 667
12 706
11 525
16 301
2 919
26 222
2 675
15 634
22 884
23 682
11 495
0 537
9 618
14 680
29 961
17 818
14 783
8 483
6 526
29 661
25 853
23 824
25 305
24 933
8 802
2 503
23 503
19 934
8 895
9 976
26 756
20 985
6 643
2 878
16 262
2 490
4 252
9 367
3 734
29 599
6 496
4 618
12 552
26 535
6 598
26 315
26 808
20 866
19 769
18 270
6 482
10 802
28 842
24 871
16 971
1 318
17 227
26 237
20 631
15 304
0 976
24 572
24 257
15 330
9 770
16 558
4 453
19 402
11 273
7 298
23 413
13 500
23 762
17 998
22 669
29 777
24 986
21 533
14 626
18 724
3 661
29 459
6 284
1 813
21 365
20 400
24 294
28 638
19 930
10 795
11 379
1 981
5 595
4 671
0 589
27 560
15 514
25 994
22 393
24 220
22 443
4 625
23 312
20 595
5 366
20 436
25 941
27 670
19 758
14 947
28 449
25 497
8 370
5 204
21 795
18 457
28 692
21 596
24 220
2 646
19 312
23 222
21 330
15 892
23 870
25 703
0 360
6 472
19 222
11 348
12 573
26 905
13 490
22 892
9 381
23 280
2 874
21 590
24 548
28 483
25 816
23 372
19 727
3 451
9 740
3 773
7 243
7 699
25 318
26 691
19 427
3 953
14 724
7 654
29 256
0 768
17 706
26 227
17 263
25 323
4 286
21 855
17 671
23 727
24 528
26 838
20 723
19 780
1 263
24 860
6 836
14 841
5 288
29 346
21 902
18 556
24 587
10 862
27 432
16 679
0 811
15 491
25 463
21 843
10 477
23 454
1 540
8 586
29 353
23 619
12 799
12 524
4 244
25 895
0 788
8 904
2 261
16 666
15 301
29 665
6 574
16 973
25 488
12 589
20 920
8 815
6 505
12 523
11 516
13 534
5 772
28 480
26 654
7 368
18 776
25 213
4 576
0 652
25 932
25 824
13 472
20 921
11 414
5 295
16 289
26 882
21 261
14 551
29 797
4 443
24 663
21 446
6 894
19 396
3 232
23 449
3 835
22 591
3 613
25 953
2 598
27 846
11 364
18 324
1 819
27 948
12 450
16 818
9 514
4 203
7 366
21 826
25 241
2 581
8 903
8 293
22 446
25 472
3 681
5 288
15 252
5 331
5 274
17 735
3 856
13 563
24 917
15 277
10 405
21 446
28 206
7 375
4 214
3 238
4 716
21 432
15 868
17 355
7 783
28 952
25 460
1 396
5 302
11 668
20 563
18 685
26 985
11 737
14 947
19 495
2 775
25 202
22 977
22 316
3 473
3 856
26 694
3 414
16 952
5 585
7 931
16 731
23 701
26 697
10 468
25 375
15 702
5 242
5 207
20 221
9 335
29 494
12 701
28 671
27 399
6 370
27 807
2 505
17 201
11 455
24 588
20 658
20 284
14 826
17 883
20 703
21 583
21 456
14 339
5 818
0 245
23 245
3 579
29 938
19 358
6 702
21 650
15 826
5 346
1 597
14 351
6 329
22 989
4 805
12 597
21 262
12 498
23 668
15 939
10 944
18 846
19 467
18 253
16 869
24 302
29 595
9 826
17 485
12 464
18 712
26 779
4 711
26 382
25 925
27 731
2 872
9 355
11 558
26 806
19 747
27 970
4 202
4 718
10 289
6 690
29 603
11 301
3 478
13 557
0 707
11 569
10 724
23 787
6 433
13 918
7 868
4 370
18 829
23 828
22 859
7 373
3 846
11 638
2 624
6 728
1 980
20 541
16 952
29 997
7 445
3 928
3 608
4 909
3 589
13 261
2 275
26 932
29 929
22 336
22 401
2 847
4 864
21 445
5 300
3 494
28 722
8 951
20 965
0 865
15 452
9 296
23 620
3 493
26 775
27 627
12 962
19 919
9 494
19 996
8 544
2 696
29 343
26 635
10 722
1 358
1 509
26 717
17 664
6 260
29 796
21 997
24 464
2 268
26 829
28 390
0 450
6 331
13 842
6 329
26 318
0 494
24 528
16 615
8 255
22 288
16 428
17 887
10 827
23 595
14 425
4 313
25 705
23 611
23 436
18 472
26 766
26 227
24 331
2 530
28 954
12 818
2 594
15 771
1 557
28 988
16 877
13 643
2 627
23 702
29 690
3 684
28 820
5 420
26 666
28 685
11 661
20 442
3 612
14 969
17 987
15 228
17 615
11 664
3 791
5 312
25 375
21 665
16 334
28 455
19 862
7 326
22 519
21 509
11 482
27 367
5 398
15 558
13 787
26 272
0 585
15 264
15 469
28 536
7 487
25 509
15 831
28 954
29 863
17 378
8 415
3 297
15 858
12 924
11 849
22 302
23 634
5 226
23 798
29 753
0 723
11 280
26 277
12 932
15 327
29 650
20 416
14 809
0 515
26 663
6 361
5 479
28 298
1 223
7 466
7 510
25 904
26 865
1 517
13 750
9 587
17 659
21 553
10 866
15 388
6 394
17 937
19 742
8 959
16 993
16 473
26 279
25 339
4 453
10 910
1 601
23 694
26 770
4 856
8 873
12 982
22 853
16 420
29 331
29 502
6 304
13 887
13 510
29 711
2 628
27 657
15 810
10 388
13 685
22 267
20 213
29 648
25 632
19 532
24 476
22 341
13 931
26 870
26 419
15 353
22 680
21 640
8 220
8 629
8 900
0 888
3 509
6 889
1 997
19 924
17 993
20 750
1 418
17 582
26 271
21 219
2 274
16 695
12 247
13 378
1 570
10 795
9 300
3 761
1 524
22 573
20 363
9 696
0 251
17 276
19 637
23 558
29 383
7 570
1 990
14 544
14 695
13 426
7 298
1 920
8 210
4 643
1 762
15 214
24 328
23 701
8 777
25 664
4 631
22 392
15 261
22 361
1 686
3 942
20 824
18 252
1 350
1 333
5 722
26 306
27 892
27 270
3 663
23 826
16 211
7 235
17 469
11 814
18 625
25 250
14 709
9 425
28 497
20 508
17 204
13 348
17 314
22 463
18 563
16 718
21 210
22 937
14 270
