2000
6 383
9 269
25 497
23 559
21 247
29 754
11 701
4 530
25 741
17 494
9 248
6 556
28 800
23 433
24 348
11 652
20 744
10 934
2 993
28 297
27 956
18 648
15 1000
10 496
18 605
29 367
20 990
21 376
1 394
26 548
20 354
4 911
24 763
10 539
24 222
19 789
29 946
11 722
1 330
26 837
29 964
2 792
25 868
2 354
11 486
29 381
15 769
1 681
15 430
11 580
23 324
1 210
25 868
15 837
25 370
14 878
6 586
23 216
12 848
11 488
24 479
23 867
5 315
9 377
3 884
25 795
17 499
9 771
14 703
9 250
25 479
29 487
4 923
29 364
17 286
18 586
29 214
28 847
29 930
12 719
10 947
26 809
24 692
17 458
23 750
28 839
18 614
2 958
4 983
21 565
19 329
24 977
6 351
1 769
6 527
22 569
1 775
3 256
21 941
24 522
1 263
5 859
19 681
28 600
6 242
6 350
15 284
5 346
7 264
11 471
18 244
17 745
6 868
0 869
18 427
12 836
7 391
7 584
29 904
6 306
5 986
6 516
13 840
6 480
21 588
7 753
27 219
21 806
12 690
4 926
29 708
14 347
15 270
8 299
15 624
21 750
4 709
26 607
7 692
12 928
25 516
2 436
27 347
20 222
25 272
26 308
6 683
8 245
26 692
23 930
8 452
25 530
22 965
9 744
16 640
14 939
11 512
12 780
26 333
17 349
15 581
12 481
19 963
22 725
28 474
11 856
0 333
3 493
10 611
22 494
24 694
8 691
1 918
25 914
8 597
15 425
12 825
0 972
12 761
29 598
2 694
26 277
7 452
9 439
1 603
17 774
20 387
28 756
23 859
9 889
11 609
1 797
19 759
25 751
12 225
5 909
25 313
5 498
2 274
2 701
9 414
14 833
3 434
28 943
9 398
25 938
28 781
10 451
9 708
21 343
28 468
13 692
29 417
25 285
10 261
24 905
15 295
13 480
19 271
16 791
27 543
18 665
22 962
0 786
5 599
11 696
1 934
1 856
29 438
3 445
18 247
9 407
21 326
28 916
0 249
6 605
12 429
25 901
7 688
9 218
4 766
3 784
15 205
13 926
16 796
19 985
8 496
28 848
12 995
8 972
24 749
10 487
23 362
5 228
4 419
23 366
3 844
26 878
14 221
25 838
23 284
29 788
15 721
23 301
0 915
20 760
6 215
5 990
28 478
7 223
4 298
13 930
0 572
2 784
10 589
9 432
5 544
24 630
25 277
26 235
7 607
25 768
5 567
14 852
6 282
24 504
23 893
28 721
28 618
18 364
27 530
19 424
15 330
25 684
16 529
28 297
4 471
27 704
27 401
29 437
29 955
10 500
4 430
4 782
15 257
26 254
10 899
4 296
5 383
28 417
3 309
5 610
18 441
3 305
1 857
15 844
15 532
28 909
1 871
24 884
25 993
14 455
20 356
21 801
9 467
5 488
4 595
27 685
15 351
13 809
7 776
13 313
9 608
27 284
24 520
11 985
9 593
27 909
5 266
25 942
8 632
23 584
15 838
8 765
17 239
25 426
29 237
16 723
3 728
14 873
27 683
2 339
26 566
12 871
3 666
11 257
4 786
21 658
23 277
29 313
9 328
13 736
28 223
7 458
15 304
19 928
4 815
26 700
4 831
26 711
23 372
0 363
3 556
3 829
23 758
23 543
24 341
25 758
28 965
9 564
24 409
2 727
17 337
7 606
12 585
29 902
11 819
6 931
18 325
14 848
24 480
27 615
7 210
5 664
4 220
17 854
21 996
25 812
21 354
16 820
12 559
10 881
13 986
21 534
14 408
10 222
11 443
6 473
5 273
7 738
2 885
2 381
25 879
12 575
8 611
5 922
21 920
11 922
14 379
15 437
3 586
17 409
3 459
8 780
10 510
15 376
4 308
20 833
9 793
7 837
15 627
12 363
21 497
11 642
29 560
2 691
12 364
12 341
9 268
23 310
24 741
0 855
15 647
22 454
24 396
20 466
16 969
9 717
8 919
2 398
6 646
1 802
1 307
11 987
1 581
24 682
22 287
20 256
6 383
21 996
7 667
15 444
21 615
20 443
12 361
0 754
29 942
19 502
2 878
3 490
29 403
3 542
29 885
5 823
25 647
14 656
20 414
4 600
19 574
26 384
8 715
8 242
21 470
16 875
16 385
22 730
4 529
6 830
2 781
8 557
7 605
28 769
18 982
9 797
8 857
20 717
21 948
28 303
5 601
28 210
4 552
17 251
25 843
19 854
4 939
18 227
27 365
11 868
1 473
26 290
29 709
7 322
13 374
11 571
5 816
3 413
12 317
23 789
12 807
2 770
1 319
3 861
8 311
23 496
11 502
24 499
5 311
25 675
28 834
19 803
8 342
2 983
0 840
15 420
9 952
26 671
22 745
17 716
15 913
16 327
26 238
27 861
28 494
15 833
12 677
4 633
10 694
15 200
3 911
6 687
23 942
2 409
25 671
14 837
21 632
17 515
6 932
27 994
13 666
9 281
10 488
6 477
21 923
8 787
26 663
8 357
20 327
3 721
11 386
21 569
15 932
11 857
19 921
16 732
26 732
21 961
13 281
1 519
25 518
14 740
14 877
6 739
13 420
5 457
8 314
20 575
19 812
7 238
19 582
24 238
20 719
1 905
8 938
26 347
11 936
15 305
10 448
20 831
12 488
1 508
7 826
1 899
29 780
12 958
24 448
13 488
11 491
10 815
14 894
5 290
9 463
29 422
2 767
24 380
1 507
11 755
26 356
13 386
18 604
0 233
27 254
17 943
11 860
13 727
2 519
29 718
29 554
15 244
7 622
10 715
21 290
24 239
14 739
4 580
9 778
1 728
15 601
18 290
21 984
1 307
28 330
10 216
20 250
16 831
29 871
22 919
29 616
25 912
6 839
5 809
16 851
17 396
11 723
20 372
16 566
13 543
3 540
8 573
11 686
5 883
2 502
17 490
0 739
19 461
16 864
18 518
6 569
14 329
22 473
27 479
13 689
21 301
20 568
19 279
0 848
0 200
21 657
10 561
21 617
10 209
28 692
4 205
14 380
0 543
27 203
20 777
27 458
19 934
3 239
20 308
20 341
23 959
3 400
17 568
10 609
12 314
29 815
16 640
0 944
26 694
19 426
29 884
3 753
15 358
19 855
22 301
5 411
12 981
8 231
7 669
23 654
14 570
13 997
17 863
26 997
21 603
10 417
6 244
1 918
23 374
7 364
13 636
12 285
3 928
0 635
28 962
18 316
23 979
6 644
25 439
6 999
14 379
26 628
23 554
19 347
24 329
22 230
26 263
4 583
2 263
1 473
16 782
16 492
13 511
0 638
9 632
16 804
28 224
11 781
3 806
17 940
8 642
12 273
17 888
24 755
3 616
21 790
5 986
22 706
20 283
23 447
20 521
19 617
28 201
17 312
19 536
3 232
25 652
2 451
8 587
25 842
3 304
9 557
12 343
22 560
21 639
12 801
20 757
17 921
25 261
6 216
1 790
6 404
26 673
25 511
28 940
26 507
2 735
11 533
7 909
9 292
20 321
27 479
3 818
26 301
28 219
6 534
17 817
28 629
0 923
10 506
7 766
20 796
7 951
17 357
5 223
2 392
24 436
4 430
1 884
3 891
8 749
26 800
21 476
15 584
1 746
6 482
26 357
11 210
0 519
23 700
13 701
18 413
23 608
26 605
27 818
6 617
0 344
11 326
11 479
25 808
24 635
20 664
1 684
3 984
19 824
24 388
15 541
0 712
14 584
0 531
4 835
16 766
20 795
18 875
18 695
23 524
0 287
21 623
19 536
6 789
22 833
13 230
3 339
15 584
0 626
20 755
23 497
29 406
28 447
28 291
17 943
10 529
8 330
26 801
10 273
10 650
18 864
20 520
28 499
10 871
29 627
10 436
3 632
10 846
21 826
9 636
17 650
27 570
13 720
4 973
24 400
23 513
6 863
27 678
19 987
13 471
6 458
0 263
4 957
3 538
9 962
3 674
4 967
9 607
9 275
18 327
5 387
9 347
23 625
1 578
27 889
15 640
16 626
1 569
12 854
10 951
0 428
21 946
21 488
6 841
21 926
24 552
11 751
19 627
20 808
3 455
19 849
4 938
5 824
26 845
3 346
4 351
1 315
22 851
12 785
13 674
20 629
20 521
6 542
18 397
11 301
28 828
9 499
10 305
17 263
29 618
16 987
29 649
19 319
9 701
24 267
29 927
10 420
16 983
7 972
19 748
8 998
28 906
12 506
18 426
29 430
23 229
10 594
17 441
6 487
2 224
24 557
22 462
4 732
19 746
14 776
22 497
18 581
12 919
17 909
6 782
4 909
8 246
17 588
1 900
9 554
7 487
12 743
17 861
18 755
13 629
29 692
5 580
16 680
10 867
27 444
20 314
4 585
27 418
19 869
20 879
0 908
21 649
20 906
20 551
13 859
20 548
23 950
26 501
21 479
4 741
4 804
17 480
0 527
9 258
1 291
15 228
3 358
27 603
1 483
23 277
18 269
18 288
4 950
7 330
16 718
15 469
17 495
1 462
23 794
6 428
22 265
25 218
4 502
2 491
10 786
27 357
11 813
6 467
5 596
13 842
23 889
13 676
26 409
1 841
0 651
26 709
14 518
3 999
12 215
7 653
16 330
12 625
21 528
14 353
18 595
1 744
29 678
6 709
9 868
11 892
7 494
29 718
8 639
2 746
24 838
20 708
15 670
24 249
29 389
17 710
26 336
21 337
23 966
22 662
12 640
15 891
0 427
15 952
18 375
2 379
20 634
20 398
6 204
7 676
16 582
8 919
1 855
5 749
29 729
27 885
2 878
28 524
20 435
8 785
0 724
12 619
23 600
27 483
21 656
27 925
12 947
27 875
29 654
28 787
10 575
29 431
11 515
25 864
25 447
22 760
9 457
25 302
0 986
19 895
23 663
19 489
0 826
27 871
20 284
11 696
17 560
21 316
19 549
23 934
19 485
2 501
27 283
8 996
19 239
7 613
11 917
3 349
19 826
4 446
10 958
6 995
28 368
3 227
27 882
7 810
17 569
28 873
9 965
9 536
5 342
14 305
16 871
2 605
19 657
16 555
4 841
7 968
1 856
25 983
8 733
16 984
1 257
2 606
24 294
14 330
10 345
12 905
18 856
2 288
28 893
8 273
23 484
19 250
14 520
23 488
10 830
12 245
24 652
23 353
12 429
20 684
0 760
5 745
12 787
6 790
1 931
29 642
26 370
21 409
28 532
25 537
1 467
21 856
14 755
18 472
17 360
25 557
17 927
19 464
15 624
27 287
9 751
17 834
17 759
25 657
24 723
15 339
20 624
16 314
27 318
14 215
0 778
0 783
1 734
2 659
22 423
1 370
10 627
20 276
13 928
2 777
24 567
25 789
11 904
22 950
11 668
6 940
0 709
22 567
19 386
28 996
8 284
13 240
28 849
10 268
3 926
26 244
7 671
19 946
25 688
18 917
29 787
29 629
23 989
20 832
0 525
15 237
4 989
27 693
14 712
15 777
1 406
13 214
27 799
23 369
1 723
4 936
5 927
5 966
13 329
12 748
26 324
17 262
4 1000
16 709
27 726
13 738
2 592
3 496
23 442
7 796
10 835
8 641
17 786
3 827
20 979
10 574
26 433
4 745
2 570
12 317
3 499
15 201
26 694
3 671
26 871
23 706
0 605
29 757
12 874
2 239
6 971
26 427
4 292
7 978
25 790
10 775
15 755
14 621
7 643
23 336
12 623
27 868
7 299
0 926
4 231
15 231
13 716
6 659
29 577
23 676
22 470
12 779
4 594
12 996
27 980
4 652
12 479
1 677
25 241
23 797
28 821
27 485
1 401
2 649
20 336
21 594
5 969
5 263
26 483
24 544
10 349
2 815
14 873
10 449
15 906
2 256
11 912
25 748
5 978
27 867
23 815
3 268
8 651
18 252
16 690
17 222
15 763
23 749
14 712
12 544
23 811
4 398
27 359
24 812
6 739
22 619
29 505
5 488
7 550
13 595
19 662
15 862
19 975
0 402
28 272
5 240
5 250
4 875
22 653
10 527
25 470
9 868
4 936
7 620
15 408
17 727
15 476
4 659
19 615
19 622
15 972
19 910
3 490
24 649
12 699
1 382
25 856
16 706
6 735
8 632
11 316
27 840
22 471
19 523
19 837
19 681
21 524
5 844
14 277
23 405
24 589
8 517
4 554
29 471
16 275
13 284
26 268
28 906
24 282
13 598
29 763
10 649
21 572
8 939
28 218
21 524
6 744
18 475
7 252
28 816
26 367
6 940
6 716
6 432
16 771
14 849
19 688
27 864
3 830
19 286
8 429
15 620
3 566
22 976
8 882
6 801
24 449
23 412
18 756
22 334
6 775
21 341
11 249
10 587
24 937
27 497
3 355
15 777
11 307
23 889
20 885
8 734
24 993
11 827
7 236
9 394
28 983
10 766
26 708
7 923
4 926
25 800
28 254
0 208
6 953
28 688
6 565
25 525
21 749
16 930
3 306
17 217
14 818
19 945
19 465
11 284
9 647
18 576
7 644
2 740
10 524
14 756
19 258
4 861
26 978
4 680
10 532
19 726
19 661
15 363
19 892
17 408
12 355
27 387
16 300
13 248
17 347
13 542
27 780
18 389
19 506
16 275
16 351
23 405
12 237
8 281
1 262
2 356
18 966
24 374
21 344
9 972
16 698
1 812
5 371
3 931
3 567
24 454
4 906
18 304
3 656
16 207
18 781
16 952
20 287
11 574
4 599
22 282
7 497
8 571
18 946
4 571
11 748
18 307
9 515
20 611
8 652
25 565
25 888
13 209
27 785
23 909
9 230
18 968
15 301
29 430
8 287
2 989
5 370
1 830
8 973
2 222
17 934
9 744
4 814
20 458
7 934
15 996
23 591
10 530
17 583
12 546
11 447
19 696
17 343
28 796
27 413
21 782
4 229
29 687
2 639
9 377
1 790
3 965
26 471
21 578
14 772
1 921
7 694
24 514
17 386
26 452
29 643
4 906
19 826
8 955
7 595
17 746
4 667
12 400
20 509
18 842
5 737
10 579
6 412
29 760
7 413
23 435
11 607
26 718
7 332
29 936
3 370
21 413
22 723
5 899
23 380
13 890
2 640
12 374
21 643
28 636
16 872
13 989
10 454
26 816
19 641
19 275
24 811
4 618
0 538
15 301
3 549
26 982
2 771
29 883
25 905
26 355
1 935
13 427
15 873
5 259
9 315
6 882
5 720
22 680
7 293
10 777
2 830
13 355
13 526
23 354
22 364
3 246
16 823
6 901
14 519
17 442
15 525
19 719
10 680
16 206
24 783
4 645
23 975
27 271
2 452
6 683
22 248
4 212
0 239
25 474
23 370
29 862
18 412
0 396
4 592
20 664
26 643
6 332
26 602
22 663
16 214
29 646
19 617
9 976
1 381
24 660
15 617
14 622
14 980
28 611
22 615
22 779
20 1000
21 645
22 523
24 520
1 540
13 659
8 372
27 922
0 722
3 776
18 413
4 440
23 953
17 371
7 574
26 809
20 859
27 784
28 310
29 310
1 301
17 467
19 819
12 231
29 350
4 241
18 320
8 531
26 324
27 324
5 459
5 667
24 328
25 921
27 466
16 477
5 386
0 817
17 256
25 511
28 965
9 263
26 488
15 864
14 537
22 333
25 938
18 365
24 302
25 984
17 662
19 447
18 202
7 368
24 949
4 347
25 420
1 982
15 356
26 429
24 554
14 784
17 363
26 369
25 935
9 263
26 483
11 988
19 294
24 510
5 965
9 779
6 353
10 856
11 606
16 458
9 411
17 475
16 846
11 647
9 324
4 393
10 645
20 511
25 967
22 829
0 718
12 945
4 463
22 564
23 633
5 356
21 253
16 544
4 624
11 456
3 716
3 469
15 551
26 510
22 396
0 855
13 640
27 992
25 434
23 967
8 891
20 673
18 566
21 569
21 907
8 607
27 400
3 666
11 931
14 621
14 885
22 975
26 942
28 234
18 699
21 729
26 282
28 839
6 915
5 420
28 664
18 380
2 814
12 389
19 786
23 690
9 476
25 302
17 445
10 993
10 382
12 911
7 419
29 314
18 670
5 421
25 894
19 456
4 556
19 520
28 326
8 398
16 518
2 309
27 736
5 958
8 984
17 870
9 380
23 587
4 491
23 516
1 912
20 214
7 813
15 676
7 524
20 677
3 261
0 569
2 631
5 570
21 618
15 733
12 764
9 308
11 593
20 283
3 581
2 907
11 724
2 690
29 716
7 560
20 951
7 290
24 411
18 894
8 714
14 207
24 325
19 394
1 791
24 631
19 571
15 264
26 435
18 203
21 313
13 984
27 483
14 583
7 523
2 919
24 700
18 822
25 862
25 408
20 533
25 643
28 610
21 410
20 734
13 609
7 940
19 590
19 371
23 507
12 687
15 975
7 536
11 586
1 961
25 826
23 861
11 821
10 629
1 888
17 394
5 385
8 881
3 371
18 580
21 701
23 948
20 814
7 235
16 924
28 610
15 821
22 530
21 591
8 431
15 682
11 485
21 788
2 619
3 971
7 763
25 502
21 875
9 503
11 334
18 419
12 835
19 776
29 251
17 971
2 773
23 949
12 887
29 698
20 469
26 206
27 918
9 915
24 300
3 441
23 805
22 327
23 409
7 824
20 710
12 715
27 871
1 775
18 943
12 517
18 307
11 423
12 721
3 583
11 709
28 285
12 884
15 519
5 857
20 728
8 888
21 523
20 418
4 796
5 913
18 441
0 772
24 437
19 852
19 501
19 274
20 978
4 388
27 433
11 710
24 605
29 566
18 709
14 654
25 986
26 858
24 762
28 891
15 831
22 503
24 684
4 682
19 479
29 837
10 402
7 668
29 623
6 324
5 291
13 987
3 497
25 669
1 270
18 397
26 334
15 405
7 513
3 797
21 916
6 891
27 832
27 528
5 809
8 674
