2000
5 463
9 452
20 358
28 390
23 548
23 850
4 454
19 859
20 931
28 381
19 283
10 629
13 962
13 241
2 819
28 706
2 996
26 887
21 402
28 835
8 1000
15 685
28 441
18 365
2 983
0 387
9 555
1 719
18 872
16 483
17 315
28 259
3 423
28 753
5 620
22 791
15 554
28 359
26 546
26 458
22 769
1 605
1 287
13 790
10 230
28 615
28 853
12 590
1 854
29 651
15 804
18 343
2 285
12 449
12 290
10 781
17 521
0 495
29 457
8 800
21 592
0 825
23 559
11 944
19 463
26 481
10 653
26 967
28 427
28 647
12 410
24 601
6 899
17 608
10 428
10 417
23 938
9 960
27 585
16 697
5 972
4 835
18 509
28 521
13 437
28 664
26 927
25 334
21 447
19 884
13 649
26 584
4 772
29 727
16 717
22 899
13 307
8 272
13 860
28 809
4 322
12 546
24 993
15 259
26 781
17 355
2 259
4 583
3 927
16 890
21 727
2 857
6 752
24 935
9 626
0 332
0 979
4 439
14 526
29 657
8 982
26 784
24 967
14 832
16 905
4 322
21 830
25 280
3 638
16 859
3 883
22 716
0 607
9 553
24 826
24 227
19 961
6 281
15 917
12 708
18 443
7 906
21 1000
18 651
4 583
5 244
8 448
12 605
27 617
28 523
10 307
11 310
2 274
16 510
11 976
23 617
1 319
18 905
22 426
5 818
10 974
28 937
1 370
5 752
28 352
19 758
6 291
13 966
4 404
19 820
1 422
15 468
17 336
23 405
25 711
21 909
14 514
5 884
17 910
19 222
21 639
28 316
7 614
23 742
29 492
14 562
19 304
19 355
29 412
7 864
0 643
25 797
1 535
16 384
12 747
29 249
11 956
20 764
15 279
0 204
0 555
9 849
3 718
26 853
22 833
27 259
29 902
29 711
4 629
4 611
25 257
0 425
12 563
23 540
4 940
24 413
5 353
12 377
24 861
24 459
7 756
3 579
22 934
14 997
12 412
24 835
14 371
16 487
6 779
10 894
15 382
24 932
15 587
12 528
13 662
29 912
22 501
9 477
8 506
29 299
20 883
29 867
11 565
16 862
7 552
23 381
28 525
11 693
0 950
11 952
16 763
2 858
10 922
4 574
23 658
20 592
5 326
17 382
18 476
1 646
0 742
0 606
18 302
18 495
10 327
12 671
12 312
19 550
6 561
1 283
2 740
25 981
16 764
21 753
27 456
7 799
6 210
8 383
24 859
21 909
10 846
26 624
15 538
8 477
10 963
27 718
7 258
21 812
3 937
20 991
14 829
5 927
12 597
10 794
15 273
14 816
9 813
20 616
27 993
12 938
8 787
15 839
11 210
10 320
26 200
1 532
23 525
11 613
19 930
15 458
28 793
26 401
27 906
6 599
10 863
27 771
19 278
2 985
13 366
22 392
20 437
25 351
12 457
16 742
25 641
18 686
6 790
21 852
15 987
18 209
7 928
2 900
17 897
7 507
2 216
20 997
1 299
28 945
5 761
12 868
23 580
5 400
6 637
16 862
16 493
9 474
6 583
15 965
20 730
22 234
11 589
20 558
5 549
9 525
28 260
9 480
22 380
11 524
22 273
24 380
21 750
18 620
6 703
2 675
5 216
8 221
4 754
8 584
28 351
1 787
28 462
26 450
9 712
16 648
2 724
22 621
21 951
17 357
27 593
6 758
23 500
4 974
12 914
2 787
18 763
28 747
13 357
9 271
28 385
18 459
14 523
12 767
21 591
5 286
16 762
13 527
5 213
2 410
19 846
12 289
10 470
9 632
24 234
26 328
19 527
21 718
24 645
19 456
2 300
22 991
4 238
24 741
19 930
22 741
29 783
16 470
14 657
27 924
16 816
0 685
26 951
24 564
17 499
23 919
21 419
13 753
27 760
7 389
27 421
12 745
15 899
0 906
19 974
10 435
4 512
12 415
13 377
27 654
13 761
19 985
19 642
0 324
27 549
14 830
0 329
24 745
16 204
6 699
17 986
8 820
7 593
3 749
24 278
8 525
4 939
3 433
15 238
27 293
3 662
7 263
24 912
15 390
15 580
25 222
10 626
17 659
13 615
8 810
19 550
1 409
24 252
20 495
4 322
8 685
2 724
11 807
27 830
18 661
20 465
6 651
15 411
9 567
6 303
9 482
9 421
15 873
11 412
29 406
28 434
15 932
15 729
11 403
20 399
6 857
11 723
16 632
3 207
2 625
4 945
6 356
27 873
13 436
15 238
19 775
7 526
10 734
25 974
11 282
16 993
18 747
24 604
16 558
12 834
7 517
22 440
25 614
9 279
16 432
21 629
7 315
25 965
18 312
24 698
0 991
20 837
1 585
17 211
29 703
15 936
4 937
22 874
23 919
8 897
2 684
4 871
22 326
18 209
4 682
4 594
7 306
25 261
12 288
23 738
26 860
0 227
0 519
15 364
0 856
12 771
16 519
10 287
28 463
11 625
6 468
28 637
12 372
25 751
15 504
25 972
0 641
21 837
8 525
25 474
13 611
2 844
29 492
17 422
4 969
11 463
17 371
24 908
17 449
15 287
3 360
12 684
28 420
4 395
10 329
9 231
7 885
22 481
1 315
3 242
11 304
20 966
5 890
27 396
9 282
19 922
23 932
21 400
16 517
19 522
8 573
18 562
29 718
28 915
2 405
15 450
5 636
7 362
24 483
17 612
8 229
17 553
5 713
17 672
29 777
27 483
13 876
26 251
17 999
7 679
5 567
12 456
5 576
11 261
18 958
26 228
28 405
14 641
9 499
21 580
10 656
4 518
21 242
19 396
7 951
24 470
1 489
23 819
24 677
26 559
16 844
23 885
12 214
6 503
26 625
9 926
7 660
10 792
27 822
16 984
26 732
14 318
16 404
13 349
14 827
29 819
25 518
13 631
5 724
25 342
4 903
11 736
19 717
20 257
6 262
7 746
0 407
5 605
5 962
19 554
28 991
4 834
23 542
23 360
7 268
19 214
2 705
16 772
18 619
19 588
21 625
2 703
16 444
27 908
15 860
29 901
19 648
0 312
29 562
15 324
15 224
2 272
22 743
29 687
6 228
20 900
25 583
6 644
5 428
8 488
4 918
20 611
19 964
17 882
2 420
1 251
11 968
15 498
21 815
29 239
8 974
7 460
14 805
13 637
18 778
13 578
0 359
4 445
21 551
23 566
8 704
17 921
27 569
23 576
16 392
29 985
17 615
4 881
2 506
29 233
12 383
6 470
4 875
8 553
3 545
11 547
5 529
3 511
14 976
2 684
9 893
0 536
7 400
10 556
0 236
8 625
22 563
19 359
1 900
12 562
13 858
10 563
22 220
13 417
14 473
18 517
2 242
13 514
2 684
4 805
2 896
14 884
13 871
29 251
20 519
8 684
8 357
15 524
26 682
14 226
29 906
5 501
27 555
0 418
24 983
2 981
16 578
25 294
7 508
0 910
18 359
18 797
20 301
17 287
25 968
0 826
11 779
8 354
24 268
29 437
25 546
26 414
9 560
15 942
2 889
24 999
4 226
5 418
8 540
14 858
11 881
29 961
15 400
7 481
25 711
29 287
3 745
2 694
3 205
21 546
20 458
5 445
1 671
26 745
17 517
9 648
16 540
2 965
7 622
17 366
9 719
0 784
21 253
10 873
11 987
15 602
5 271
26 550
1 312
11 659
29 892
3 643
9 509
19 628
22 627
10 346
12 468
25 843
17 525
27 467
2 891
19 963
21 360
12 680
14 769
23 260
19 519
6 782
23 297
4 374
23 240
18 308
23 631
1 565
8 419
17 352
15 317
18 290
17 760
29 985
3 585
11 819
14 700
23 898
13 980
29 983
19 735
14 824
13 698
8 567
13 962
11 902
20 704
19 480
4 854
6 739
11 355
17 596
25 925
15 788
4 722
8 301
6 550
23 991
18 914
12 525
18 698
25 296
12 911
19 557
24 809
11 692
17 872
2 751
10 649
3 628
20 212
12 661
14 244
22 806
14 268
24 729
18 270
20 726
6 702
24 858
22 974
0 360
20 346
13 679
12 572
2 818
25 597
5 437
4 619
7 470
23 266
16 325
23 524
9 568
10 560
29 875
3 631
24 578
18 933
12 492
10 551
27 701
14 675
2 506
28 979
28 235
13 684
27 784
13 304
9 688
6 866
20 250
4 870
6 893
27 616
20 256
18 472
19 738
24 216
0 969
18 364
16 850
8 329
15 321
8 856
9 462
13 279
10 663
17 461
27 948
21 972
25 749
21 612
19 765
12 384
25 493
1 203
26 292
8 827
2 302
14 776
12 508
0 767
7 874
25 769
8 643
22 789
6 836
29 926
14 498
5 263
10 418
0 938
7 354
10 658
3 725
15 525
10 482
10 714
10 482
25 210
23 447
8 975
18 416
9 267
10 661
5 885
0 965
18 254
4 675
13 827
12 485
13 551
16 634
17 834
6 687
29 400
17 216
18 359
17 638
17 476
16 981
6 944
8 379
22 659
27 843
5 972
17 602
9 765
12 699
24 785
2 546
22 802
5 432
1 482
23 417
3 258
27 303
29 933
10 631
13 969
24 738
10 466
11 673
26 248
18 643
10 204
1 275
9 597
22 979
27 781
21 543
15 863
13 675
28 499
3 751
10 879
13 350
19 641
4 680
9 642
5 982
5 504
3 563
17 756
4 720
26 281
9 280
19 823
24 686
17 510
9 544
4 401
16 636
13 788
25 837
2 475
18 216
27 931
28 689
26 225
23 881
11 459
9 690
23 678
1 285
14 439
17 749
3 970
19 722
13 746
11 898
23 233
2 777
16 765
10 329
20 834
22 998
12 563
23 299
4 223
16 475
0 298
11 644
2 273
22 211
18 697
3 835
1 603
17 391
13 907
17 288
21 748
8 631
21 220
25 763
13 854
20 776
24 939
26 318
9 703
19 561
4 336
3 308
23 381
19 910
18 726
5 616
5 599
27 315
28 837
5 296
18 952
14 738
4 209
0 969
7 523
22 266
10 717
21 828
5 955
13 895
5 462
3 862
11 613
13 374
22 780
13 340
28 866
3 863
11 817
8 601
14 928
21 978
15 679
0 622
23 880
5 358
0 235
13 908
6 624
20 777
9 385
2 516
28 602
2 931
4 766
23 272
0 703
16 885
4 375
14 983
27 447
8 494
10 300
13 853
16 955
2 643
13 563
6 573
12 996
20 371
3 753
18 651
19 801
19 295
17 832
29 241
16 746
2 730
24 826
27 204
3 480
6 712
20 839
20 830
15 801
7 822
23 846
14 618
11 619
7 622
18 863
13 842
29 280
26 520
3 658
24 303
1 362
26 973
7 734
27 950
14 998
13 558
22 773
24 542
4 451
25 241
12 940
22 210
14 798
11 523
10 692
12 906
4 272
15 514
0 825
19 914
23 533
16 665
11 808
1 374
0 614
20 205
18 455
6 957
2 535
0 307
14 380
16 309
8 625
24 549
19 590
15 562
28 904
23 337
23 441
13 583
6 222
27 760
29 603
29 891
0 984
5 945
25 471
19 370
4 382
14 593
9 833
7 912
11 621
5 361
3 444
19 312
25 717
8 464
4 795
15 464
8 431
5 477
7 964
15 656
10 771
0 936
28 836
5 604
10 786
22 627
5 373
4 215
9 241
22 854
10 466
23 431
20 579
3 295
14 340
3 899
11 484
10 971
13 934
28 765
18 599
13 999
15 200
12 950
28 475
18 643
25 640
2 517
28 688
14 466
22 806
29 834
6 864
22 995
2 313
0 960
16 533
26 633
24 890
15 722
9 312
12 303
10 495
13 914
18 333
21 707
10 502
11 505
2 502
12 900
3 954
26 413
5 765
24 364
1 814
23 417
22 446
0 636
29 415
9 446
17 812
12 725
25 839
10 286
22 841
20 905
22 982
29 593
18 423
12 953
9 526
2 934
24 997
22 614
4 521
2 667
5 683
0 274
0 608
27 549
4 716
26 375
23 508
23 521
24 401
12 889
1 662
10 437
6 398
25 515
19 395
10 310
25 445
25 845
5 553
8 616
4 734
11 886
14 278
19 629
29 324
7 745
28 232
9 896
15 537
16 418
22 407
14 933
10 848
5 427
13 388
19 389
19 922
17 934
22 515
29 620
18 549
15 482
14 808
21 320
10 680
11 799
17 459
6 831
15 207
7 486
19 410
21 388
20 426
21 897
2 896
12 446
20 722
17 540
29 213
3 978
8 828
8 319
27 209
13 223
15 223
20 663
3 885
24 444
20 414
29 936
4 252
21 397
23 387
24 449
27 396
4 252
14 262
2 768
7 856
15 266
10 941
28 293
28 925
29 306
27 638
28 837
6 380
24 382
2 342
19 714
22 411
23 614
11 537
3 935
0 855
6 242
27 853
2 642
22 491
14 837
24 428
21 792
11 869
15 242
12 334
20 624
7 537
10 670
28 868
2 880
15 473
9 992
28 527
14 619
2 841
12 540
7 609
27 842
29 337
14 884
29 356
19 758
8 390
18 210
27 772
10 553
28 532
29 950
2 465
7 624
29 917
8 654
23 600
28 427
3 413
28 386
9 991
1 891
21 479
25 772
2 742
22 490
17 342
28 903
27 272
26 786
5 275
23 822
22 646
23 659
18 257
14 443
6 968
9 824
13 399
18 897
6 652
21 650
20 635
7 397
6 857
13 358
18 290
11 994
26 447
24 633
24 668
26 454
16 217
8 568
15 478
25 943
27 943
28 719
7 249
18 912
28 971
0 843
27 641
9 612
27 999
13 908
12 515
24 923
26 701
0 292
13 640
26 589
4 761
16 480
22 574
14 502
28 821
9 827
3 695
29 521
10 470
5 280
19 988
11 236
19 839
9 278
9 205
27 463
22 358
17 994
7 702
11 574
4 490
19 378
10 787
22 467
20 226
28 644
20 291
16 513
9 395
2 666
16 457
26 497
25 319
4 906
8 316
15 327
2 339
11 614
14 802
0 760
14 353
11 483
26 485
5 915
15 364
1 756
29 605
10 985
5 678
3 952
10 293
10 675
25 924
22 493
26 912
17 635
12 304
18 285
27 958
28 510
7 884
5 486
13 500
0 216
6 357
3 337
29 342
22 223
27 485
4 404
0 867
1 481
4 689
26 616
29 223
9 542
28 970
12 351
24 269
26 366
15 674
21 907
18 277
7 535
29 307
16 926
21 903
8 860
17 940
0 897
27 634
6 628
17 740
6 912
15 678
20 671
23 364
9 935
9 397
14 372
16 614
14 440
12 554
8 701
5 507
7 240
23 411
22 666
17 927
5 684
17 249
25 618
23 840
14 585
4 280
10 626
10 240
22 688
8 731
12 285
1 246
6 608
12 211
20 763
7 289
18 485
0 581
13 804
20 830
28 928
1 961
3 330
0 935
24 573
10 543
4 460
28 259
18 209
6 719
18 435
18 795
10 447
27 297
3 886
24 991
20 428
2 719
9 291
19 358
12 970
2 558
22 915
12 971
8 993
16 454
4 922
23 839
26 814
23 211
10 352
21 390
7 489
12 304
11 457
26 225
6 810
13 996
5 221
23 231
28 948
21 213
27 722
10 727
27 545
3 982
23 769
19 764
14 706
12 314
7 221
10 533
25 632
14 591
3 268
28 966
11 442
10 425
8 860
3 484
28 736
8 940
27 719
6 631
24 549
6 486
19 884
3 463
4 382
9 466
23 589
10 592
12 669
6 377
1 801
6 986
20 656
23 501
25 611
10 899
21 645
9 899
25 883
26 731
3 210
2 765
3 720
0 771
22 852
17 822
24 492
3 869
0 462
2 529
7 541
2 370
20 787
10 376
19 922
2 764
5 637
27 928
21 520
11 376
13 501
17 710
6 544
6 540
13 447
27 410
22 728
4 968
5 438
6 787
21 545
16 916
1 886
8 596
21 411
26 508
11 213
20 803
0 398
7 645
25 481
10 458
28 948
23 957
27 646
1 579
3 789
0 365
1 548
8 470
17 759
3 510
7 369
0 288
5 420
23 761
1 824
25 221
10 303
9 532
19 257
28 328
26 652
26 955
12 720
11 947
9 641
11 449
8 419
22 289
21 797
10 906
21 478
15 590
13 881
15 885
23 328
27 264
24 366
8 970
6 313
21 950
19 427
21 821
7 807
17 280
13 713
27 772
23 616
0 671
29 561
7 736
16 679
0 724
19 284
25 564
7 527
3 281
8 924
29 216
4 746
5 591
27 405
15 601
29 506
4 939
12 798
2 786
6 947
2 298
14 479
2 688
8 412
16 603
10 529
15 683
3 700
6 964
18 288
13 765
18 825
20 557
18 898
18 204
2 265
27 616
27 684
18 398
18 359
3 302
3 328
11 318
7 667
28 645
16 923
19 442
0 585
21 617
15 243
12 842
19 246
19 799
7 709
29 986
0 478
7 326
4 931
7 358
3 859
26 341
29 707
16 330
23 288
9 565
21 590
24 458
21 709
9 637
23 941
4 319
22 782
23 913
8 786
9 699
18 482
24 247
20 374
24 872
2 956
17 679
27 527
11 770
23 563
15 292
13 520
0 413
5 873
0 886
4 750
20 411
8 847
18 920
2 712
18 218
19 526
1 223
10 892
21 479
15 900
10 385
26 562
2 870
3 926
4 308
17 624
1 258
14 410
24 370
12 252
12 620
10 464
4 524
15 359
17 206
21 463
21 872
19 506
13 387
26 810
23 975
27 646
2 906
3 501
18 961
23 904
16 849
21 658
20 749
16 951
22 535
14 445
6 780
4 431
0 452
5 290
0 682
24 392
17 567
13 829
7 833
28 361
24 289
11 838
6 466
10 412
12 896
19 776
20 832
10 707
15 667
11 884
8 932
5 970
16 542
26 292
18 444
6 289
0 928
25 515
16 490
10 972
4 716
27 225
20 901
7 906
10 414
11 718
26 358
13 373
20 750
20 277
10 471
21 928
11 243
23 976
20 310
3 665
16 790
2 922
20 497
29 789
4 586
