2000
14 779
21 889
12 264
29 431
3 573
5 677
24 332
15 568
22 839
10 418
8 977
5 696
0 368
6 678
19 975
28 424
5 643
3 639
28 217
11 483
6 780
16 738
6 530
14 652
11 435
25 685
22 498
2 989
2 763
12 323
6 621
13 560
7 564
6 550
8 862
1 666
12 532
0 592
13 296
13 751
10 506
10 915
11 726
7 912
16 256
29 682
5 517
27 891
22 815
22 653
22 821
15 588
28 779
22 399
9 354
27 388
11 984
0 228
25 340
18 599
26 326
23 911
2 299
11 367
21 920
20 898
28 904
13 686
11 221
21 346
2 361
23 318
14 708
8 524
29 490
7 821
4 771
2 843
5 811
5 474
25 513
24 435
11 415
15 360
1 376
9 638
21 906
1 901
4 318
21 696
9 255
0 209
19 354
21 907
4 646
25 683
25 679
21 223
7 299
21 687
23 280
7 759
8 406
20 477
10 707
26 421
6 543
0 379
28 637
6 660
9 728
26 399
15 914
21 486
20 209
15 732
6 629
0 243
18 561
3 595
20 478
8 459
20 226
3 394
27 682
10 490
20 822
26 801
8 235
22 529
24 373
23 653
22 875
20 624
29 291
15 845
15 873
23 879
14 338
20 376
7 570
12 987
27 529
28 456
11 373
22 577
28 332
14 833
22 614
13 572
6 594
29 910
22 519
4 340
11 884
3 823
12 313
2 536
10 977
5 706
14 982
27 335
13 828
25 645
11 412
3 857
7 624
12 475
7 555
19 200
10 594
18 910
13 763
27 803
10 973
21 418
8 382
15 733
19 236
20 803
26 999
24 381
1 349
22 345
12 967
8 381
28 834
15 997
13 371
16 655
18 922
20 970
26 298
9 970
2 734
14 995
1 502
17 970
27 908
5 382
21 533
18 642
28 790
2 528
18 916
27 306
26 692
20 773
8 777
17 466
2 969
24 380
9 782
20 740
26 957
22 827
22 505
26 370
12 506
12 935
29 444
21 669
15 487
26 868
3 483
10 800
21 754
13 780
26 406
29 838
22 337
9 902
8 864
28 500
16 927
8 710
13 316
27 846
15 483
29 927
11 642
10 777
8 566
11 933
12 964
22 634
2 563
29 952
11 616
21 664
16 390
6 981
12 291
4 247
27 525
1 316
4 914
15 885
10 508
23 372
8 388
3 604
21 268
3 988
27 989
9 270
7 798
25 515
2 276
6 226
6 828
29 757
16 707
9 387
23 418
13 214
5 308
14 741
29 433
1 356
18 783
8 622
19 953
7 737
28 546
25 485
8 609
13 646
6 649
10 328
15 605
3 242
28 897
1 607
3 690
12 648
1 826
25 631
21 713
2 545
18 309
25 389
2 392
28 507
23 993
12 872
13 816
27 411
14 494
18 284
4 526
20 847
4 858
26 888
12 407
11 278
24 669
14 673
23 356
29 466
23 627
28 989
18 977
0 626
22 894
17 356
20 353
11 787
4 351
7 644
1 613
2 394
4 535
26 255
1 207
12 820
25 707
3 500
12 987
2 658
21 988
0 480
21 957
6 696
23 853
13 838
12 698
29 735
25 772
12 278
25 289
17 867
7 329
5 709
0 396
0 808
29 317
15 263
23 232
12 357
22 721
1 771
21 421
5 959
18 265
19 784
9 919
21 279
17 661
28 436
2 517
14 430
15 288
5 742
17 750
18 589
5 239
4 624
13 202
27 802
1 412
5 494
23 225
9 629
13 723
15 674
17 723
7 658
26 652
27 585
15 501
18 1000
5 533
8 913
23 606
0 479
9 338
10 783
28 964
28 336
20 492
5 808
20 578
11 434
13 521
11 361
12 816
11 531
24 724
17 757
0 471
10 366
14 502
0 879
4 209
15 976
14 662
5 652
15 571
23 488
27 209
15 313
17 266
17 727
8 200
21 857
20 805
28 742
3 341
10 486
16 773
3 539
15 585
1 867
16 532
6 695
25 646
15 940
17 700
29 203
18 343
25 594
22 611
21 509
26 289
7 223
14 270
19 838
19 477
4 420
5 461
4 344
24 804
17 343
3 697
6 812
13 404
0 779
29 427
7 803
25 326
14 698
7 243
3 399
23 981
1 252
3 251
1 675
4 525
9 917
9 781
3 827
2 806
28 218
2 205
16 795
16 498
12 458
8 464
6 707
15 760
5 328
14 342
6 680
20 922
18 800
16 861
27 241
11 914
6 615
11 796
28 327
1 348
29 921
5 748
8 624
5 641
1 531
22 637
19 498
22 766
5 406
24 480
23 248
17 324
7 789
1 569
7 941
27 582
12 894
0 764
11 638
0 382
16 697
22 867
28 408
15 632
5 465
5 308
5 347
3 723
5 283
13 219
3 544
0 237
17 716
21 741
19 901
24 383
15 821
29 246
10 802
23 770
5 908
19 605
2 495
19 338
17 737
3 472
8 691
12 936
16 592
28 497
16 829
21 303
11 518
13 510
26 540
21 254
7 541
10 917
15 342
5 344
20 242
5 568
7 835
4 655
0 726
22 511
3 407
11 515
26 231
18 594
26 284
6 528
24 515
9 896
22 404
28 567
26 978
7 464
23 784
7 873
26 921
8 362
26 279
20 239
5 515
8 674
10 636
28 991
14 494
24 389
28 655
29 751
25 618
9 776
25 382
1 448
19 306
26 709
19 640
29 674
8 615
19 373
16 949
22 250
24 380
20 875
10 201
7 211
14 348
2 544
12 677
15 276
22 566
7 497
15 992
18 527
18 940
16 591
16 584
7 759
18 683
8 837
25 683
4 786
26 563
26 936
1 215
1 485
10 684
15 299
16 671
24 409
10 527
11 711
11 356
19 925
9 466
4 721
13 506
22 720
26 850
2 984
29 709
18 541
2 309
25 279
9 754
14 566
11 378
17 439
18 848
7 890
12 460
28 808
10 446
19 974
3 320
5 615
8 728
11 390
14 595
17 458
3 299
25 973
0 529
8 970
13 655
27 711
5 994
28 592
24 251
25 693
1 236
12 964
12 987
26 542
1 548
10 857
27 680
29 468
27 668
14 761
24 819
19 457
22 275
28 786
14 906
17 858
17 561
20 864
17 929
27 881
20 344
28 293
18 810
12 962
2 279
20 582
27 710
15 540
2 782
1 744
3 894
22 813
24 353
26 549
2 546
19 788
28 209
18 596
11 949
24 924
20 237
8 649
23 829
19 435
11 821
10 691
14 522
9 485
8 809
19 675
12 431
29 892
19 706
4 373
20 915
8 826
28 699
8 542
12 995
24 257
27 257
9 697
2 420
8 540
28 907
21 690
29 848
8 591
12 761
29 263
4 793
17 649
8 969
13 359
13 673
11 906
25 724
16 466
9 474
12 495
14 467
26 212
22 310
28 848
6 490
25 737
25 716
1 533
20 548
6 627
13 470
29 846
19 876
5 682
14 591
19 873
13 227
0 720
18 390
7 891
18 205
1 927
19 311
29 835
14 206
7 567
6 342
21 291
10 531
28 960
26 241
7 666
18 696
28 479
13 765
24 652
3 402
0 880
10 947
21 462
3 594
13 583
14 250
6 232
9 725
12 280
17 350
22 382
27 244
2 877
14 818
2 380
24 846
20 662
23 849
2 287
11 747
10 966
8 301
19 461
18 585
20 290
3 867
5 539
14 498
4 256
18 409
26 326
3 923
7 262
8 867
26 913
28 375
24 619
12 378
25 668
5 522
0 771
1 231
18 632
10 304
22 476
14 521
20 779
24 286
6 385
16 641
19 245
20 873
23 717
7 514
0 966
5 596
4 911
17 486
29 495
8 467
2 676
11 599
27 513
27 598
16 371
14 742
25 553
20 734
3 790
12 924
7 342
5 277
28 343
29 913
12 439
17 463
3 977
14 501
28 473
2 654
4 1000
21 518
23 648
9 266
26 300
11 431
17 955
13 903
12 952
28 454
27 940
11 261
15 443
16 870
1 543
3 954
10 934
3 764
13 904
20 947
9 738
21 796
21 314
20 926
29 234
18 375
23 286
12 436
23 262
4 423
8 725
8 221
4 664
6 523
11 419
0 645
0 597
24 926
16 720
25 599
9 806
27 701
18 767
1 780
27 704
29 484
8 915
7 790
8 328
21 699
4 913
16 357
12 534
15 233
28 988
12 386
12 724
11 516
4 621
29 355
19 805
0 244
3 535
29 264
2 791
27 852
4 418
21 649
26 200
11 526
2 741
3 807
2 528
2 592
27 306
17 757
6 928
15 403
2 869
4 645
24 221
22 636
16 215
19 281
23 892
27 617
13 411
11 537
9 988
10 241
16 332
18 773
19 708
2 377
9 716
2 590
23 737
22 722
19 850
27 560
28 235
28 868
26 495
4 503
6 978
11 614
2 830
14 814
28 993
18 275
21 435
8 442
8 203
1 371
21 756
2 898
4 273
15 639
12 654
8 758
2 979
18 433
28 296
29 695
1 749
16 483
1 317
4 645
15 311
4 506
12 730
24 690
0 536
8 203
13 907
26 842
8 448
21 778
26 886
2 721
6 420
7 698
26 748
7 960
16 637
12 994
24 854
18 637
10 575
10 599
22 951
16 994
10 888
23 614
15 659
1 400
15 615
4 837
1 222
10 855
3 422
29 767
18 570
2 660
1 927
20 564
19 222
12 568
0 443
4 508
12 495
5 380
21 688
19 293
4 346
8 701
8 712
2 309
20 936
3 455
16 766
17 630
7 311
17 679
6 516
27 736
9 905
25 770
29 441
1 942
13 454
22 586
21 357
1 836
11 805
6 633
2 468
7 1000
17 589
29 592
20 747
4 494
18 202
15 644
8 954
8 935
14 591
24 219
16 434
29 769
10 695
29 717
14 659
26 503
29 522
24 450
22 909
12 808
27 448
12 417
7 619
9 513
25 723
0 358
19 416
23 418
12 774
20 746
5 546
6 908
18 424
19 853
21 413
9 655
1 460
1 683
26 732
22 667
8 281
4 592
7 479
15 585
15 652
23 260
27 701
17 546
11 373
8 358
25 849
26 859
26 251
14 992
0 740
6 693
17 315
0 487
6 618
29 609
24 476
12 413
5 472
1 598
3 623
28 931
11 472
7 541
14 596
3 725
8 223
14 611
25 326
12 682
20 373
0 365
26 773
16 307
18 994
9 909
8 645
25 520
23 755
12 357
15 756
4 408
25 998
13 330
6 860
9 627
1 858
12 235
27 592
24 270
23 969
5 981
4 810
26 908
27 564
0 355
15 883
1 438
10 952
9 274
6 940
22 784
9 597
27 421
19 373
19 491
5 775
24 865
29 450
18 927
10 554
11 734
11 491
1 350
9 900
27 468
27 605
24 982
15 729
20 254
18 368
10 681
24 792
18 634
4 858
15 255
2 815
19 840
1 215
2 233
25 939
6 508
14 659
11 390
11 480
14 457
28 769
20 528
28 563
17 934
17 592
12 353
14 313
10 747
20 844
3 256
8 619
16 384
3 365
25 650
14 408
8 798
19 568
9 881
21 836
3 966
5 948
1 831
17 293
4 766
20 505
19 622
18 754
16 556
14 208
21 462
25 415
6 287
10 560
12 901
3 700
10 430
1 724
14 359
2 311
19 414
28 617
1 210
11 730
0 798
2 446
20 399
23 651
9 434
18 393
4 320
0 490
4 449
8 671
27 808
2 239
7 415
10 931
6 1000
8 287
18 303
22 481
0 488
17 637
18 237
29 315
23 328
18 899
7 325
16 768
23 801
28 405
6 486
9 422
29 862
13 254
23 592
24 943
23 307
1 634
29 511
10 450
5 839
19 680
25 741
29 910
21 531
29 742
9 298
13 794
28 693
20 976
0 675
14 413
28 972
13 629
20 878
7 589
1 724
27 245
12 209
29 628
3 377
24 231
10 402
22 896
2 540
28 475
25 725
9 265
2 421
16 950
23 758
22 986
8 756
11 284
9 295
22 551
13 931
13 773
2 792
19 544
28 900
16 883
4 537
20 618
10 920
18 698
29 360
19 451
25 345
27 251
13 895
10 610
14 974
7 542
17 661
12 973
27 659
12 991
6 576
17 292
19 784
22 764
17 799
22 761
28 380
3 903
24 219
5 736
7 808
16 465
11 406
1 810
14 232
11 679
3 648
28 292
23 219
24 629
21 471
17 719
23 781
20 801
25 847
16 716
20 362
13 559
12 943
9 406
0 388
6 416
23 639
2 605
27 793
14 752
8 969
2 254
27 393
23 674
21 402
10 219
3 563
26 387
22 952
13 783
26 795
6 361
24 831
29 483
24 942
14 940
8 589
14 380
25 657
0 523
26 973
22 957
26 255
19 764
29 825
2 492
13 466
20 319
18 645
21 525
19 262
25 505
20 576
1 344
21 939
0 300
28 830
20 357
18 413
12 564
19 693
9 983
26 452
9 729
22 812
23 548
27 877
0 855
1 292
2 810
9 687
20 964
20 735
23 955
28 349
1 335
5 845
13 928
28 788
13 624
4 374
3 589
26 351
1 819
18 691
0 562
12 430
13 339
3 957
12 904
28 599
12 527
25 514
26 589
6 703
18 778
8 418
0 708
18 744
7 478
10 332
16 678
3 808
10 821
17 257
25 438
25 665
27 578
18 530
13 398
9 544
21 528
26 365
26 468
11 800
10 604
21 792
25 419
18 447
5 366
14 401
22 250
7 257
19 891
11 430
8 241
3 296
10 354
2 628
16 827
17 826
11 208
6 778
15 686
15 519
12 638
12 566
28 374
25 439
28 654
2 524
9 245
9 648
22 579
2 546
29 582
19 352
8 761
2 997
6 532
28 253
23 487
14 292
18 985
12 498
17 480
29 707
17 424
7 556
11 312
10 403
28 456
12 364
12 269
0 555
8 801
20 404
3 499
19 520
7 693
27 674
10 303
7 317
14 559
28 886
4 477
19 212
24 892
12 223
28 992
16 813
10 423
6 238
24 332
21 776
13 228
9 245
21 697
18 565
9 600
14 716
15 341
24 776
3 244
20 279
22 844
15 908
19 775
1 408
13 915
10 402
10 334
28 843
9 274
26 328
19 413
23 635
6 245
15 890
22 869
16 961
0 708
9 247
27 701
19 469
15 286
23 292
29 730
15 817
19 406
8 723
4 991
22 366
6 217
28 983
8 627
15 484
9 302
27 375
12 283
0 522
0 869
23 590
9 873
11 557
20 615
3 919
25 401
7 414
4 633
17 297
18 954
24 576
6 589
17 915
19 838
11 809
15 816
18 975
1 460
18 399
1 487
9 457
0 470
28 378
29 885
7 478
16 421
26 945
27 720
5 205
16 480
13 791
23 436
25 760
3 845
28 846
0 408
18 797
28 576
9 733
18 318
9 228
17 782
20 947
2 389
21 936
13 733
5 923
4 848
3 941
18 332
25 503
25 513
12 756
24 203
20 878
29 605
0 516
16 932
20 435
25 380
19 767
4 846
16 231
17 569
3 723
14 854
7 314
22 809
19 560
25 301
28 245
0 629
17 207
2 930
16 631
19 555
24 709
0 423
15 783
20 563
7 994
29 532
12 970
5 481
22 769
7 672
9 782
25 603
0 568
24 408
29 805
1 969
0 574
0 270
19 529
29 768
18 273
3 785
15 668
11 667
9 505
21 621
6 318
23 649
2 492
4 341
4 317
17 285
13 282
16 521
5 910
29 213
3 914
7 668
14 607
6 935
21 470
22 604
21 310
1 553
20 543
23 629
26 373
20 985
24 832
14 743
25 349
7 595
14 953
6 770
12 967
0 557
24 281
1 956
5 266
15 918
22 502
2 590
22 819
9 325
7 994
25 359
19 680
25 295
12 791
13 939
15 700
26 884
22 224
28 489
28 855
21 865
25 987
16 779
15 568
18 691
29 727
6 746
18 411
29 600
28 672
4 468
24 502
16 231
2 624
16 748
25 367
21 805
19 566
12 448
11 575
17 766
1 343
1 836
6 301
4 766
9 785
7 404
16 252
10 647
13 634
19 410
2 617
16 250
4 548
18 818
4 204
13 250
19 687
14 673
12 701
14 561
5 445
13 618
8 828
8 580
14 440
4 796
1 423
23 972
21 515
20 215
26 532
11 472
4 879
14 603
18 225
8 258
2 315
15 930
6 635
28 666
20 230
2 895
10 727
3 453
2 692
16 258
29 420
2 662
26 782
28 877
0 701
9 597
6 552
3 796
12 681
0 809
23 802
2 954
20 923
13 443
15 727
12 555
0 426
10 880
6 793
13 226
7 537
4 671
22 676
25 239
24 932
13 665
27 414
25 769
22 997
25 593
3 533
6 758
12 322
4 603
28 852
25 545
20 706
16 933
2 610
22 684
24 410
24 472
25 798
7 845
28 649
8 432
3 546
13 838
8 261
21 547
3 378
29 753
28 516
24 358
11 738
23 381
9 634
10 864
8 664
22 956
2 750
2 249
1 204
24 499
17 871
3 443
25 761
5 253
14 963
10 558
2 507
4 791
18 497
12 219
17 303
16 836
13 886
12 673
18 275
11 684
24 298
12 384
13 571
10 724
25 786
8 624
7 697
17 865
27 396
8 668
11 757
13 845
5 299
3 669
21 368
15 945
19 206
15 482
3 603
5 876
21 844
21 395
19 604
20 297
16 567
9 468
1 243
8 708
17 238
25 462
28 884
3 249
16 709
25 645
28 465
27 390
5 920
25 335
25 297
2 624
5 512
9 282
26 862
28 571
0 982
1 784
24 558
2 336
4 888
4 475
13 668
5 511
16 834
19 697
26 291
4 673
7 364
8 275
10 802
28 845
11 961
5 209
25 411
26 300
20 698
18 792
19 448
2 240
26 976
27 241
27 377
23 887
29 278
18 309
5 413
3 792
27 890
4 476
16 364
0 942
5 553
26 470
11 377
19 596
2 894
23 420
25 472
21 316
15 566
11 538
16 381
17 390
22 495
25 346
15 417
29 210
10 718
12 783
0 411
18 830
20 791
9 419
24 796
3 578
1 865
13 200
2 786
1 974
23 849
6 957
25 371
27 752
5 625
17 320
10 303
