2000
2 294
24 236
23 657
8 964
2 624
13 919
2 533
20 237
14 274
16 789
1 438
3 743
22 363
20 463
17 627
13 941
15 255
7 691
11 520
24 518
22 524
1 421
19 981
28 705
12 489
9 248
8 677
12 848
16 842
26 662
15 962
29 866
5 559
25 360
1 457
11 897
6 314
0 392
29 536
3 824
3 517
10 212
3 316
29 785
28 527
3 411
25 334
21 335
14 578
24 822
22 816
24 775
2 500
15 320
5 634
22 956
23 472
15 277
27 635
25 856
19 527
26 688
14 671
1 311
13 567
18 518
19 361
15 732
13 651
9 430
25 597
20 673
1 771
4 789
0 946
17 336
3 1000
19 555
6 623
21 945
15 824
21 595
16 233
23 252
14 492
10 911
4 514
7 842
1 518
27 284
4 612
25 822
17 366
29 952
27 893
18 432
1 909
0 876
28 827
16 376
29 446
9 601
21 202
22 915
1 878
17 473
24 614
2 524
11 565
17 298
10 201
24 525
2 311
22 473
13 627
6 221
14 764
12 423
17 451
15 438
14 605
12 620
25 578
2 568
14 759
9 784
19 703
25 897
21 370
23 971
19 555
13 966
29 483
8 484
9 547
16 737
18 414
21 486
28 767
7 944
17 244
27 708
28 334
18 514
12 535
6 840
17 490
8 488
26 347
16 377
24 200
9 339
4 484
21 844
23 610
29 627
8 801
10 257
5 926
29 324
24 561
6 796
16 978
27 661
13 812
28 791
0 846
6 486
29 375
12 202
6 252
9 683
19 663
2 229
23 796
28 870
12 898
22 298
8 769
27 300
8 203
7 859
19 857
0 751
27 982
21 845
1 290
1 480
7 859
2 552
7 901
23 842
5 733
22 353
4 511
3 856
11 973
28 206
23 229
2 435
12 288
18 270
12 210
1 567
9 680
20 400
11 745
28 369
17 862
21 612
18 432
17 624
16 722
18 880
5 653
24 608
5 583
20 691
9 816
17 395
18 730
17 775
11 583
26 720
27 337
19 860
23 263
16 747
5 416
27 673
15 351
1 299
7 794
29 845
17 291
16 927
28 318
2 817
10 447
21 830
18 908
7 721
28 894
0 542
19 528
14 498
19 707
24 736
4 964
16 222
22 967
24 979
17 685
19 850
11 382
17 864
28 343
5 981
8 732
16 384
16 251
18 255
15 903
19 1000
1 911
16 653
29 527
17 809
19 583
4 534
24 258
22 999
8 560
28 849
19 566
25 801
27 995
15 726
17 729
8 898
28 489
13 759
22 530
9 428
3 696
27 669
5 620
12 416
12 416
13 623
26 227
12 578
27 905
18 992
16 483
18 967
23 556
15 206
18 604
3 379
27 260
16 836
20 806
27 769
15 304
2 447
10 777
26 293
7 979
12 803
18 581
15 568
29 611
27 572
27 263
6 937
16 661
5 784
22 555
20 300
3 932
21 488
18 873
0 370
6 579
7 422
22 215
18 855
0 696
19 971
7 309
11 426
1 321
2 218
10 391
20 668
4 1000
22 393
13 319
13 742
4 266
4 551
29 721
28 669
12 268
25 493
28 329
7 689
23 226
27 793
17 972
13 846
6 742
28 991
1 597
11 784
13 613
17 628
10 381
27 255
6 587
25 879
7 242
28 407
29 647
9 629
6 785
27 715
20 898
1 295
5 998
20 535
7 248
15 657
12 556
5 799
27 549
18 488
13 496
26 590
16 952
4 759
0 703
17 707
28 483
0 247
23 659
11 870
11 441
6 643
22 972
2 630
19 989
12 731
11 575
18 553
12 627
6 511
12 894
6 483
7 936
10 340
16 599
16 282
7 386
6 604
17 210
25 884
1 621
11 841
21 387
16 294
0 871
16 870
9 685
0 268
15 360
20 887
13 282
18 268
29 644
17 907
19 904
20 844
28 832
12 421
23 631
19 837
21 549
11 993
14 674
18 743
4 828
17 603
23 202
27 372
5 322
5 472
17 735
22 653
18 922
12 393
3 941
23 648
18 256
15 351
19 409
6 718
17 218
28 672
25 947
1 490
17 391
26 438
26 910
13 743
7 723
24 314
13 794
2 293
19 645
0 563
1 956
0 902
25 615
17 809
25 995
1 682
21 365
12 877
10 432
1 878
7 549
27 980
16 853
8 462
0 678
0 599
6 818
1 326
1 281
8 946
29 853
22 807
18 256
27 924
7 543
5 354
6 227
28 324
21 345
15 738
19 849
21 459
10 766
19 747
9 992
0 261
8 405
1 756
17 329
4 864
20 367
7 605
20 654
2 897
19 626
15 985
5 867
24 599
29 713
3 510
25 890
3 922
4 256
22 324
9 511
11 476
2 407
23 556
29 292
2 208
22 683
23 660
3 915
28 494
8 996
14 959
12 806
22 942
29 708
26 443
21 383
16 672
6 741
14 449
6 734
4 385
27 209
24 545
12 934
0 501
16 429
5 510
8 673
3 326
26 750
9 538
10 575
6 874
17 939
24 992
17 232
12 618
27 281
4 450
15 268
2 273
11 557
2 443
10 750
21 368
19 348
21 352
8 385
3 377
1 229
6 879
21 793
11 921
23 223
28 598
14 814
6 925
25 381
14 455
21 306
3 421
10 933
6 584
1 529
2 716
13 790
7 972
24 252
3 300
12 795
5 963
21 415
5 820
19 361
25 987
9 226
13 823
25 660
11 690
26 818
19 835
8 697
28 966
26 887
9 919
9 783
2 605
12 930
17 662
13 968
2 463
19 680
27 944
14 395
26 428
24 556
13 566
5 911
17 458
14 928
17 795
13 927
23 752
17 399
11 848
17 625
18 268
6 990
19 967
29 616
2 764
17 229
24 553
25 372
23 543
7 475
9 393
4 567
16 490
23 924
22 984
23 926
20 810
8 766
21 927
14 455
4 378
9 704
1 717
14 427
29 289
0 214
4 498
29 309
16 490
0 207
9 531
29 861
8 587
28 258
28 343
11 218
3 294
11 261
4 903
13 311
0 252
4 278
13 278
19 631
9 303
11 427
13 334
29 746
24 608
14 605
5 803
11 470
6 887
16 943
5 615
29 467
28 287
2 229
26 787
0 359
11 666
29 928
26 937
1 537
12 547
13 282
11 830
14 795
18 831
7 266
28 789
22 373
26 890
2 609
24 477
18 480
26 376
15 206
22 450
1 847
12 578
15 649
29 416
3 217
21 470
10 839
11 819
26 308
16 205
11 922
4 233
26 511
8 689
26 750
26 471
27 289
14 226
19 651
29 485
9 969
15 623
14 403
4 413
28 610
7 792
7 291
22 623
17 765
15 488
25 429
3 724
7 255
27 391
13 959
0 231
13 224
5 677
0 654
27 767
11 449
20 362
7 887
6 632
17 468
13 331
27 409
18 374
11 750
7 637
5 227
2 675
13 674
23 784
11 911
17 927
5 825
7 731
26 860
13 874
2 910
18 894
7 499
21 243
17 775
25 241
5 429
13 589
28 867
7 574
10 543
10 858
27 296
28 208
29 785
12 879
20 862
12 390
9 214
5 485
4 618
18 238
21 945
26 630
26 300
12 465
29 618
11 952
23 339
1 485
4 754
17 242
3 393
5 578
18 872
5 544
3 991
13 656
24 458
24 837
9 240
25 422
5 867
1 310
15 926
18 370
29 789
15 969
23 402
25 646
26 936
26 743
19 815
14 625
11 761
28 746
10 672
8 562
7 206
1 518
29 292
1 938
28 535
8 260
4 658
6 297
13 230
29 676
15 742
8 807
13 832
21 447
20 746
0 963
28 201
12 973
6 559
24 862
21 309
10 501
29 953
25 507
6 414
22 820
19 998
27 900
8 566
9 261
22 521
20 506
12 783
28 726
4 338
22 922
11 870
14 607
29 933
17 328
24 761
11 557
15 971
4 926
28 449
19 962
21 743
26 726
13 797
29 244
2 337
27 759
9 752
6 240
20 258
22 476
25 798
6 753
19 736
9 595
9 213
12 927
23 898
17 212
23 898
18 486
3 927
27 987
3 214
6 296
0 340
24 612
26 969
9 856
3 243
23 263
2 411
16 575
18 990
28 672
10 865
10 707
11 441
8 580
3 611
9 502
3 809
18 419
13 766
25 790
23 988
11 830
17 353
7 416
23 570
22 926
7 976
6 558
6 828
2 518
22 385
3 695
21 837
29 214
15 579
19 801
21 888
19 468
24 629
9 638
0 538
7 422
11 302
12 650
22 951
27 842
4 815
28 560
8 803
11 856
20 749
17 917
9 863
26 604
13 750
12 507
28 880
26 404
22 591
1 626
1 815
18 709
6 605
24 253
29 799
27 383
18 575
12 522
14 277
21 677
24 207
13 408
18 373
27 981
10 778
28 880
20 952
5 256
20 203
15 389
11 219
5 313
20 362
29 279
2 441
17 308
11 558
24 358
21 783
29 521
8 739
1 449
8 757
0 345
5 959
24 744
7 776
17 332
16 380
8 908
20 860
15 308
27 583
9 568
18 484
18 419
0 400
11 404
21 593
10 939
1 857
5 801
6 780
10 242
25 852
20 210
18 971
18 789
2 425
0 885
22 811
5 313
12 297
15 623
16 643
21 468
23 259
25 455
9 825
22 204
2 220
17 720
22 404
15 288
14 405
24 620
5 823
28 422
3 225
22 830
6 537
0 708
0 905
12 892
22 916
7 241
24 492
1 961
0 876
3 369
23 820
0 644
27 351
4 210
15 881
4 780
10 799
26 715
17 632
2 912
16 733
22 593
9 620
5 332
11 841
17 508
22 411
8 927
12 510
19 785
1 637
15 361
16 374
1 592
0 574
19 674
15 717
8 945
8 316
21 302
16 854
20 820
17 895
28 524
6 378
28 353
22 739
9 916
29 514
7 878
26 737
22 403
23 754
16 568
11 752
5 305
24 795
20 790
10 879
24 616
18 308
3 237
24 629
14 758
5 443
0 414
6 478
2 507
22 915
24 975
15 275
24 345
12 317
26 786
25 207
11 946
7 206
24 854
19 444
15 670
24 421
20 357
4 515
13 449
4 685
23 922
12 884
2 231
14 698
8 208
19 659
10 737
20 992
8 995
19 311
7 855
24 856
9 786
1 735
3 965
3 949
18 996
25 725
10 736
18 771
18 759
15 957
18 351
28 987
20 896
1 752
2 955
25 803
11 619
17 931
6 242
15 630
11 280
5 387
13 771
6 487
25 213
17 912
16 949
15 584
19 393
25 526
12 493
8 968
5 438
10 629
0 599
13 805
7 649
10 573
11 576
17 945
18 941
23 580
20 317
6 415
8 407
6 478
2 874
11 830
4 202
28 551
29 551
13 476
1 763
25 427
20 959
29 376
13 354
17 452
29 464
8 860
1 547
25 875
17 422
6 530
15 576
10 718
24 270
26 298
23 397
17 761
28 789
8 405
17 889
22 724
20 834
5 889
19 362
2 227
27 701
7 579
12 303
11 551
28 989
11 615
1 607
19 838
2 595
29 465
24 639
21 623
18 544
16 960
8 433
4 924
15 926
19 863
8 623
13 797
15 740
3 975
26 372
16 611
20 364
14 791
4 666
19 287
11 276
8 588
23 598
21 261
29 643
29 334
16 298
26 486
15 530
18 913
17 664
2 491
21 980
1 360
5 431
23 714
6 859
18 590
11 506
27 447
2 973
8 920
9 502
24 362
28 665
29 214
14 287
4 359
27 973
23 330
18 458
19 391
27 825
19 316
19 300
20 370
24 602
28 682
6 850
17 919
18 685
20 628
24 859
25 375
4 919
28 285
27 219
0 245
11 930
26 800
29 499
14 550
17 684
21 691
16 797
18 280
2 898
19 396
4 687
16 568
15 234
19 490
19 701
2 783
9 898
16 968
9 808
21 374
5 304
5 326
16 929
10 686
5 710
5 406
13 382
17 944
3 841
8 599
0 646
22 824
23 744
29 436
26 401
11 800
11 797
1 242
5 994
8 704
20 424
26 753
23 283
12 330
7 294
13 839
26 602
18 921
22 295
21 303
12 876
16 692
7 844
15 535
3 373
1 233
7 267
19 385
13 839
24 795
24 361
9 236
4 889
4 409
15 428
5 227
21 854
15 437
28 686
21 962
7 748
5 956
26 665
3 438
24 974
24 488
12 650
20 676
23 283
24 867
14 328
12 685
15 450
6 993
26 500
22 814
2 208
14 374
4 371
8 908
0 621
19 764
27 732
11 623
28 583
27 751
25 743
11 653
7 633
9 701
18 592
23 898
19 959
15 481
28 303
27 574
18 491
21 372
20 273
16 277
16 895
3 205
9 210
17 551
5 323
25 659
0 285
1 496
9 776
22 439
16 396
2 263
6 460
17 681
3 434
4 860
10 483
6 456
17 336
16 726
11 255
8 335
20 803
11 579
2 565
20 720
29 366
4 563
9 887
1 668
3 376
26 878
28 742
8 227
17 877
3 231
6 364
19 302
10 611
3 766
7 547
11 253
17 854
16 276
9 779
9 669
0 525
0 410
15 621
15 814
25 234
29 512
24 461
25 900
12 275
8 200
16 440
18 497
27 538
11 349
14 891
13 902
7 580
22 476
25 316
12 354
22 816
22 890
1 245
15 535
16 904
29 318
25 530
25 814
3 491
15 202
24 790
19 912
0 567
23 328
6 418
5 360
3 508
3 758
24 526
18 798
4 716
5 834
10 422
16 292
25 201
27 989
21 732
22 846
18 316
12 296
11 554
22 669
11 270
17 370
10 944
13 473
22 669
3 758
6 774
14 467
19 956
16 241
28 672
22 329
12 868
1 642
10 498
23 239
27 624
18 951
3 869
23 649
7 651
18 589
23 926
5 568
29 865
10 993
19 965
9 421
2 425
22 986
16 208
9 583
2 763
8 393
3 846
18 766
16 559
17 918
1 692
24 688
5 495
22 664
17 713
8 305
23 333
4 259
12 858
8 418
7 244
2 300
20 976
25 721
12 677
17 281
11 668
13 442
8 522
4 864
11 903
22 241
23 873
6 814
25 638
28 721
23 406
19 321
26 689
9 430
13 546
25 627
15 278
23 464
14 889
24 890
23 206
22 905
21 508
28 332
17 582
1 383
15 441
28 400
28 247
2 367
3 958
4 234
18 830
2 564
18 760
19 853
2 373
13 604
26 680
9 685
2 387
3 437
20 522
21 452
19 505
21 654
10 660
12 377
18 603
16 349
16 339
13 664
23 388
25 526
3 215
9 515
17 607
7 870
5 850
4 688
28 359
17 271
13 211
28 709
4 380
29 663
19 686
19 869
29 563
26 795
6 432
6 263
1 469
16 638
7 549
27 528
10 930
16 971
18 632
12 739
16 226
0 549
18 365
19 840
19 721
26 412
20 424
13 735
8 651
6 885
2 904
17 536
7 479
15 605
28 704
11 990
18 824
28 231
4 488
12 963
24 374
23 707
3 718
17 487
5 860
27 573
16 490
11 830
8 328
11 547
10 284
0 494
6 497
4 980
3 456
28 569
22 900
17 423
8 360
15 415
7 425
11 547
2 534
9 867
0 399
25 294
21 355
25 312
2 378
10 735
28 931
3 800
14 732
12 502
21 978
6 368
0 231
15 359
14 574
15 527
28 281
12 537
27 219
29 373
16 370
9 816
25 725
13 921
19 401
22 511
5 570
6 892
15 807
14 850
18 943
6 472
17 519
7 864
28 375
24 965
11 299
7 927
18 427
13 455
9 523
9 585
0 377
5 308
22 526
28 706
8 714
23 990
4 381
26 343
1 623
15 832
21 932
28 811
3 497
22 385
10 864
23 411
6 848
12 246
6 583
26 658
19 388
29 235
14 446
18 453
28 471
20 552
27 354
7 968
29 233
20 563
15 799
21 794
27 547
3 996
2 361
9 836
1 710
16 980
9 891
6 595
29 656
7 423
22 945
24 940
23 818
13 247
8 576
16 712
13 984
27 565
20 986
10 259
7 567
12 528
18 456
21 629
15 562
27 694
19 604
17 576
1 712
1 204
1 326
15 656
28 421
8 456
3 369
1 777
7 822
24 364
4 290
8 446
28 556
6 903
24 390
1 222
3 494
0 831
15 501
19 957
4 875
22 748
16 526
11 530
21 440
24 873
16 540
17 257
8 668
24 930
6 624
10 911
5 354
6 424
20 961
6 765
15 395
19 638
4 623
13 448
10 693
16 499
12 348
10 742
8 707
13 288
9 377
9 580
27 836
4 298
16 950
11 878
15 487
1 793
1 607
16 861
5 657
27 650
15 635
27 232
22 843
11 277
1 995
1 519
13 218
14 574
3 567
4 826
6 739
23 591
0 534
3 339
28 926
8 683
22 540
15 457
10 770
2 716
10 708
10 237
9 772
19 495
24 986
15 729
17 703
29 250
20 216
27 799
17 207
20 240
14 331
11 655
10 868
25 814
8 294
29 273
0 481
4 693
20 564
21 283
12 992
16 837
18 512
15 596
11 636
10 938
4 604
27 873
18 772
28 546
2 715
29 483
22 862
20 753
0 778
14 917
4 567
27 313
4 233
3 983
26 338
0 345
13 862
14 847
2 365
24 623
28 503
21 358
0 219
25 550
10 398
28 254
9 528
13 909
20 572
7 380
5 474
1 254
0 247
0 379
6 442
14 641
25 569
0 659
23 422
7 334
3 511
12 328
10 572
28 859
25 738
6 852
9 436
1 697
6 573
8 831
20 912
4 455
24 384
11 779
9 959
15 463
1 818
12 331
4 420
12 783
11 508
8 749
5 788
1 603
28 224
1 562
6 789
8 991
23 664
22 652
12 395
17 967
7 934
27 786
13 496
19 751
17 538
2 543
2 442
24 836
23 646
17 448
22 471
16 569
13 504
29 986
10 780
6 349
22 228
12 373
28 912
16 994
5 634
22 631
18 670
26 847
24 401
27 374
26 249
10 591
19 445
2 496
22 916
7 490
20 733
9 745
18 323
24 905
16 821
20 998
1 588
21 629
28 877
5 531
7 709
11 856
19 895
12 715
21 336
19 588
12 869
3 374
16 436
9 587
26 275
