2000
14 217
15 326
0 814
24 392
17 482
3 546
1 416
12 274
18 542
18 270
20 807
29 987
11 200
5 760
7 669
17 905
26 349
19 994
2 417
19 810
15 720
1 635
10 228
14 683
1 471
15 838
17 528
4 347
24 678
15 414
14 590
4 783
14 902
11 467
8 604
29 355
22 847
0 257
4 934
0 629
13 831
15 816
24 788
17 336
13 427
14 217
21 912
4 765
14 202
26 750
29 613
12 702
21 747
29 408
19 518
27 394
3 910
10 413
3 393
26 404
0 690
2 578
17 276
1 582
17 590
21 516
9 610
26 492
8 798
20 270
20 813
12 736
16 576
16 831
2 671
3 690
15 561
6 900
15 282
19 919
20 266
17 878
24 737
29 321
6 299
9 797
18 449
20 478
1 958
17 647
8 498
12 831
18 464
17 812
3 444
29 483
26 816
22 957
9 572
22 205
12 648
10 772
3 551
0 473
10 637
12 221
10 674
6 960
9 865
14 645
2 352
28 578
27 879
20 524
20 326
14 934
7 325
16 866
8 981
9 473
25 207
26 685
5 534
14 397
27 329
28 495
28 722
16 947
14 828
13 462
12 438
16 814
21 340
17 838
26 674
24 323
0 908
8 516
8 227
26 276
17 495
12 576
13 854
7 760
29 705
14 883
7 669
0 793
9 450
14 486
0 833
17 906
19 716
28 228
9 287
19 788
20 387
29 550
5 635
29 952
1 368
11 563
10 270
12 614
4 365
9 705
23 519
10 632
10 754
27 385
11 989
7 279
27 389
19 812
13 956
11 503
26 410
20 886
18 840
27 981
10 320
10 701
5 562
19 570
17 959
14 725
12 549
14 538
17 496
6 807
25 531
13 847
1 998
27 373
18 517
26 267
19 444
21 483
2 320
3 338
24 642
24 874
14 588
22 660
5 244
10 874
13 954
27 781
18 293
6 321
12 554
19 861
9 768
28 919
10 952
15 393
15 391
19 463
18 599
15 404
21 214
22 559
24 310
16 506
19 219
17 854
25 704
28 636
26 724
16 516
10 337
21 689
5 325
1 495
0 403
10 946
1 209
28 470
26 453
18 722
14 796
14 224
27 320
22 612
20 806
0 538
17 731
3 219
1 681
17 788
22 616
26 721
14 803
19 695
5 846
20 845
14 669
14 748
25 429
7 842
6 248
29 667
10 669
17 521
21 250
26 774
29 458
9 635
1 973
8 974
26 634
27 251
19 288
1 574
11 766
24 538
20 690
2 713
13 327
26 531
27 233
26 848
16 609
9 576
3 604
14 482
17 503
17 807
23 536
7 385
25 438
27 988
29 852
22 247
24 994
15 726
5 671
16 898
4 534
20 663
19 376
6 334
15 772
16 271
27 899
9 933
16 852
22 892
28 519
19 492
27 876
20 612
23 765
21 758
12 766
5 234
17 836
28 545
3 725
15 681
29 551
6 847
10 501
28 663
2 975
1 332
13 682
9 476
9 543
3 443
2 291
7 438
20 350
28 609
8 531
24 974
6 309
14 608
10 504
26 645
28 456
27 717
24 840
11 960
16 357
8 909
1 569
19 207
22 241
13 631
27 523
23 788
23 755
19 397
2 573
22 541
29 512
14 564
19 297
10 954
3 663
3 630
13 376
8 556
18 766
27 229
10 210
26 779
13 765
10 839
14 872
11 726
12 778
10 354
8 491
18 259
10 389
26 208
8 802
5 381
15 810
15 587
22 251
4 710
8 874
5 934
19 751
29 889
9 640
10 685
24 400
27 686
0 922
14 564
28 444
25 284
18 579
6 457
3 829
11 568
1 596
23 301
25 846
14 814
12 225
26 872
25 908
25 264
2 255
11 646
10 598
26 243
28 530
19 533
22 473
27 483
18 993
16 257
25 669
28 714
23 575
22 816
21 608
2 266
23 843
15 515
10 957
4 275
4 808
16 420
1 902
3 396
1 600
26 870
15 537
3 602
3 275
14 208
1 462
21 943
4 677
25 829
2 824
23 416
14 535
3 776
3 373
28 906
4 648
16 416
26 352
25 451
17 793
13 939
14 931
29 762
20 495
23 627
7 553
17 482
7 551
5 265
1 273
7 660
9 592
29 855
11 940
11 969
16 657
28 811
15 996
28 807
6 210
13 513
7 300
5 262
25 364
29 941
25 684
14 505
14 284
28 220
14 932
8 836
22 659
11 708
12 904
15 860
14 984
6 785
9 477
14 889
15 408
13 298
22 485
3 650
8 870
14 730
21 465
16 836
8 370
5 480
1 682
17 883
2 543
7 377
15 724
13 441
7 234
18 937
2 295
10 470
27 792
2 881
6 991
14 240
2 991
3 958
22 954
12 835
4 879
26 968
25 790
23 753
25 829
24 292
15 427
23 788
27 723
19 944
19 833
3 676
3 650
29 931
0 435
6 629
0 468
27 215
3 943
4 853
28 408
20 309
6 236
13 405
21 403
26 829
23 458
0 555
6 681
27 471
15 594
7 221
14 463
23 752
19 489
5 341
17 770
8 442
24 798
5 681
24 824
28 344
19 820
10 986
18 483
13 621
26 901
7 946
28 840
1 540
23 487
12 749
22 423
1 709
3 471
7 567
25 556
10 743
6 652
4 974
22 821
24 226
3 958
18 537
21 813
14 241
5 357
8 725
24 902
24 578
7 450
21 307
11 799
3 728
3 648
25 819
13 649
13 988
16 861
17 585
5 316
11 636
26 292
1 883
18 410
7 690
14 466
18 957
24 237
21 635
13 756
21 649
16 388
5 285
8 441
0 245
5 532
8 714
27 672
9 395
0 394
13 666
11 671
14 970
2 666
29 947
25 805
3 870
21 761
24 233
27 392
10 259
22 452
6 814
24 597
12 811
14 347
22 645
24 316
19 957
12 478
23 976
1 505
18 975
4 519
22 262
25 261
18 246
2 981
29 900
28 834
20 469
3 493
9 454
12 630
20 256
13 301
26 568
21 714
29 685
18 216
10 712
0 435
9 767
27 989
17 242
5 564
28 201
22 622
20 743
20 261
23 727
6 791
24 204
27 825
21 938
12 950
20 831
0 344
25 791
18 260
14 639
23 232
10 918
22 833
2 658
3 952
7 856
4 873
14 901
12 781
22 916
17 948
28 299
8 329
12 848
25 285
28 914
7 485
28 499
27 570
25 543
24 552
3 227
19 413
1 817
27 760
14 448
19 244
20 326
18 300
10 341
26 456
2 727
4 596
27 573
28 960
19 529
1 297
8 623
20 732
4 436
12 554
23 981
15 344
11 773
27 803
9 610
23 563
19 504
27 249
9 287
11 652
16 866
0 291
25 780
29 568
12 764
23 201
14 840
8 268
21 960
20 593
19 627
28 558
8 269
1 532
4 378
2 922
22 525
28 289
25 754
26 210
5 405
13 295
8 327
4 294
12 280
25 765
28 829
6 880
9 425
15 379
6 906
13 272
0 947
0 938
7 624
4 783
3 889
26 245
1 297
21 956
25 945
13 231
19 331
6 892
3 828
23 867
3 337
26 764
22 580
12 387
18 549
9 656
14 464
3 533
19 658
9 646
26 296
23 385
6 219
23 382
25 463
20 428
5 269
20 712
18 364
14 804
28 974
8 668
4 341
29 978
22 798
13 973
20 216
13 242
12 480
20 405
3 424
21 836
15 797
26 290
1 493
19 308
11 973
3 877
27 714
25 734
3 451
20 555
24 629
11 923
8 901
7 637
19 517
10 473
10 722
22 393
21 355
11 427
12 280
12 246
7 957
19 609
12 610
11 853
27 647
20 219
13 792
15 758
4 410
6 700
29 969
21 909
17 972
12 831
15 936
1 912
11 728
28 438
1 823
23 993
28 638
10 584
7 608
10 617
27 391
4 698
26 713
11 471
14 407
14 344
5 785
15 880
26 377
1 271
5 570
6 225
25 922
22 528
21 936
5 894
24 640
5 369
3 221
14 510
20 527
15 461
3 257
10 785
29 427
1 530
27 668
5 234
29 955
14 213
18 808
28 790
28 252
27 952
29 522
2 984
0 514
5 549
20 620
26 958
6 266
10 410
13 237
5 828
7 373
6 686
17 746
16 398
29 254
9 519
4 880
0 813
29 374
4 224
22 510
29 255
8 908
12 848
3 689
7 272
9 434
1 587
0 871
14 421
29 991
24 344
18 318
14 427
20 515
17 327
4 792
2 599
13 692
29 444
3 376
16 419
0 792
0 206
1 846
23 504
22 808
23 848
29 895
24 288
17 643
6 840
27 903
12 950
0 845
20 819
8 352
17 321
29 419
16 439
6 529
25 751
1 776
10 744
1 216
26 282
20 340
3 893
2 902
8 294
6 625
14 432
25 992
7 214
2 856
28 226
28 419
28 208
5 541
15 898
12 606
11 992
8 851
9 624
7 432
8 356
25 321
19 352
4 594
7 834
28 592
26 501
10 989
7 610
16 450
11 427
15 251
10 310
26 623
16 836
23 802
12 442
12 517
10 588
14 269
19 506
13 378
27 685
7 424
12 809
7 602
9 452
14 459
10 763
9 315
11 596
17 259
23 494
18 304
26 381
25 721
27 554
17 304
10 268
13 559
16 229
2 887
19 888
28 850
16 934
17 320
26 825
28 863
16 974
20 856
20 804
19 591
21 909
20 824
23 677
24 244
7 257
2 999
1 333
21 683
19 790
29 738
11 888
28 695
11 367
24 252
6 788
5 333
28 894
9 853
2 724
22 804
18 488
26 866
28 834
6 376
2 463
21 547
24 697
9 212
17 985
28 892
27 437
18 705
7 275
24 544
11 396
5 339
21 820
25 918
29 797
23 834
22 676
24 514
28 799
23 718
26 224
4 441
13 586
14 275
19 415
28 941
2 750
6 766
0 291
20 925
0 900
20 371
17 322
22 708
4 805
6 928
0 458
24 771
12 510
28 599
23 697
26 305
15 262
16 545
14 240
8 485
14 582
23 375
17 365
27 754
1 432
0 823
15 549
22 356
26 300
5 751
5 512
2 410
15 523
28 742
12 248
24 241
3 710
0 556
17 923
27 446
28 501
27 480
25 336
13 494
8 995
24 491
17 714
0 414
24 391
1 868
24 744
12 939
13 570
9 411
10 504
27 371
21 549
7 872
21 411
19 214
8 773
26 554
2 766
0 717
10 819
21 443
19 859
10 261
20 952
23 826
13 386
11 1000
17 533
16 221
6 969
1 498
6 286
7 578
3 795
18 951
11 951
4 380
5 935
2 947
12 500
5 846
14 834
13 974
27 685
22 954
10 450
3 473
2 967
21 257
11 789
20 951
4 461
16 623
26 598
14 517
8 740
15 641
23 986
4 984
17 977
5 227
10 853
0 869
23 323
17 452
15 475
6 203
14 837
16 481
2 645
29 396
29 732
1 522
10 626
12 813
6 433
19 894
9 413
27 801
10 814
7 363
2 953
23 772
20 564
8 280
23 285
22 650
26 883
10 767
18 797
29 329
16 541
14 651
6 457
18 302
21 737
17 763
9 204
29 993
16 242
1 236
5 231
5 973
4 898
12 387
16 932
11 944
16 979
0 491
17 344
23 209
20 898
24 423
11 668
28 759
17 976
4 615
21 618
4 648
4 618
19 863
24 225
17 845
22 456
13 824
24 794
28 543
1 584
20 829
24 534
23 732
15 330
18 971
7 908
16 349
24 861
1 334
6 953
12 557
15 219
12 807
29 780
3 806
19 563
15 371
23 532
25 664
12 267
28 222
1 733
25 569
12 981
26 295
22 211
3 548
21 415
3 841
16 500
18 779
28 471
15 914
13 977
1 946
20 355
3 792
14 707
28 977
8 404
25 656
15 334
29 212
1 273
5 267
23 877
25 702
15 554
24 674
27 355
5 209
22 298
24 979
10 240
0 489
8 414
22 952
28 957
12 592
3 395
14 662
7 310
9 580
5 910
12 611
17 978
26 681
11 336
13 875
29 496
11 468
7 521
23 856
5 452
4 300
21 745
23 313
12 799
1 949
9 566
17 447
15 464
5 819
10 921
8 669
16 680
19 387
25 1000
17 696
1 823
1 852
16 632
2 379
7 463
19 476
25 832
4 251
21 935
22 593
17 500
23 351
21 969
3 662
20 720
2 225
4 869
18 673
1 760
3 709
11 839
26 837
5 603
25 313
20 728
16 242
13 956
2 319
22 300
24 288
21 835
28 930
2 942
6 865
26 618
29 368
9 665
12 843
27 240
9 621
0 453
1 306
4 661
6 890
13 800
11 294
22 211
10 715
26 720
12 248
17 775
1 232
18 884
3 249
15 853
17 974
18 738
7 716
13 604
25 770
8 376
6 417
4 344
4 315
8 608
20 226
29 522
15 779
26 515
0 345
21 564
23 954
3 726
27 645
22 889
5 435
11 930
14 283
4 302
5 875
24 750
8 810
8 695
25 655
25 964
22 516
5 668
17 598
25 807
9 635
21 771
16 416
6 339
14 665
11 248
25 248
24 394
1 371
21 942
2 748
18 225
7 610
24 577
10 380
9 432
5 361
12 335
11 384
4 609
6 533
3 364
10 681
21 380
15 564
24 591
11 554
16 741
4 712
17 604
3 623
26 687
8 318
15 805
29 703
5 421
1 502
13 433
13 498
12 766
7 620
24 780
28 400
23 916
0 231
6 659
28 701
26 245
17 698
25 712
20 323
15 292
10 334
13 716
8 402
4 716
24 255
3 472
26 555
9 890
8 437
4 698
20 523
27 314
15 897
10 298
10 321
2 977
9 810
4 890
22 682
24 746
5 451
22 965
8 562
10 809
5 366
18 929
7 227
17 501
7 506
11 339
18 339
24 394
11 806
8 531
12 320
17 517
12 473
22 527
25 421
7 511
25 481
21 260
2 257
10 246
12 969
10 790
25 455
19 430
22 543
5 630
26 367
9 285
14 858
5 422
28 257
26 294
22 305
24 262
11 737
21 624
9 971
15 247
2 532
11 880
26 651
11 644
10 248
23 540
4 461
29 824
14 331
3 924
17 520
15 450
23 472
24 379
13 318
20 983
28 927
24 692
24 433
23 399
11 866
28 968
22 202
17 759
4 423
10 967
5 920
27 348
21 510
15 927
29 971
13 440
6 940
9 894
2 415
5 874
17 856
0 917
22 565
24 793
12 407
9 443
18 470
19 215
20 923
12 648
29 764
2 404
21 209
24 683
19 404
13 212
25 394
7 952
26 310
0 222
16 842
4 639
8 853
18 519
13 813
22 500
23 661
17 285
7 669
2 844
19 747
19 343
6 639
21 398
16 720
17 887
11 492
25 221
14 946
29 335
24 635
20 909
1 266
1 264
29 769
22 815
16 921
3 589
12 744
19 468
11 528
25 480
1 687
11 778
4 326
13 338
2 280
12 513
14 803
29 683
9 954
23 293
5 976
10 929
22 304
1 491
14 222
13 924
15 366
10 433
13 850
16 612
21 669
3 254
6 828
18 797
27 672
18 513
1 711
12 633
27 851
27 780
29 630
4 281
26 929
17 466
13 674
1 504
11 451
28 694
27 561
4 615
15 964
18 564
15 316
3 726
22 968
0 980
21 808
9 329
27 564
18 392
29 651
6 621
15 658
24 972
27 317
20 690
29 213
22 740
4 372
6 335
7 752
22 900
9 362
1 580
12 301
2 854
18 752
21 649
23 680
15 308
10 958
11 950
2 880
0 973
25 961
9 831
10 1000
25 517
11 459
6 361
17 877
5 778
7 696
1 922
29 640
3 238
29 973
5 267
17 569
4 652
26 322
2 814
25 381
24 212
22 599
13 245
3 662
14 986
13 875
2 517
13 522
8 611
2 791
22 771
24 892
17 723
13 635
3 317
3 566
2 578
20 434
20 868
23 946
6 431
4 852
28 798
3 910
4 389
2 593
0 635
23 756
24 737
7 639
2 969
25 906
3 916
26 430
14 964
29 969
28 738
15 782
6 820
23 388
2 312
13 355
26 296
15 745
13 926
28 465
1 918
20 386
2 637
10 494
6 507
13 287
8 638
29 949
18 777
2 776
29 903
24 223
22 923
8 613
24 958
15 973
15 476
27 869
5 789
27 647
25 785
21 874
11 318
18 550
8 827
6 879
5 624
9 629
24 577
11 375
4 829
27 711
1 258
15 382
3 510
1 775
24 993
9 589
28 684
25 611
4 817
21 371
18 790
26 917
20 381
2 265
6 512
7 649
22 740
9 483
11 391
12 505
14 594
15 448
12 722
28 458
28 814
15 436
27 804
9 335
28 504
6 977
15 924
23 210
16 296
12 894
1 954
25 834
27 650
22 725
2 750
26 543
16 827
3 485
13 886
25 980
13 901
5 495
0 739
13 670
25 251
27 377
9 202
2 957
28 915
10 984
22 658
15 770
23 969
12 452
18 694
25 651
9 637
10 546
11 406
7 961
6 856
2 1000
3 629
17 687
9 209
14 679
25 701
15 771
12 438
8 958
2 217
18 338
29 333
29 248
6 208
5 863
9 969
29 918
20 885
5 397
15 829
12 841
5 613
12 865
28 495
5 997
25 735
28 682
26 789
2 831
20 938
14 759
23 920
13 216
10 749
1 632
2 290
1 924
11 574
2 833
5 680
12 939
18 213
19 326
16 988
28 322
29 306
8 932
1 685
8 660
6 846
14 755
11 414
14 553
10 312
0 827
21 358
5 401
8 717
23 712
19 756
7 490
11 261
29 348
12 490
0 318
22 656
29 366
8 420
17 234
22 349
1 214
1 547
9 645
11 300
10 564
6 294
3 781
7 993
20 601
10 827
22 237
16 256
1 759
24 489
29 943
15 584
19 816
16 419
25 323
23 664
4 305
19 713
4 799
5 227
28 254
20 596
0 737
13 439
29 823
29 773
28 842
6 325
25 302
29 333
6 913
13 453
24 520
26 974
2 728
2 829
12 755
0 533
5 741
28 854
26 992
27 327
4 771
1 842
12 706
10 722
16 644
1 454
14 710
27 204
22 947
19 959
29 913
25 765
10 949
9 312
9 951
13 492
26 393
