2000
26 688
19 509
11 331
23 358
3 483
12 872
6 456
21 931
29 694
26 355
29 932
24 562
5 547
0 465
25 839
11 323
8 461
9 981
7 659
27 256
26 423
26 931
25 869
20 213
5 929
6 960
8 345
25 422
12 729
12 809
21 465
16 593
20 568
8 967
7 999
21 582
17 351
25 519
17 771
18 504
14 226
26 250
3 429
11 813
3 847
28 346
14 207
24 487
12 734
14 474
15 206
23 452
15 453
16 996
27 722
1 885
5 605
8 814
2 956
23 807
12 269
16 867
26 451
3 526
13 331
8 929
24 314
24 866
13 942
23 356
7 922
3 339
12 431
3 670
3 700
6 798
7 934
13 533
5 352
13 243
18 246
1 809
4 562
20 465
16 786
17 723
24 751
8 963
23 862
23 836
13 889
7 372
1 734
11 817
6 935
15 707
26 353
3 725
2 481
15 420
28 868
16 886
9 314
2 938
28 726
4 636
15 479
10 789
26 708
16 587
19 874
12 370
11 893
13 282
17 388
24 612
0 628
9 235
29 819
1 762
10 538
15 403
5 746
29 749
8 959
12 403
5 996
14 783
21 391
22 913
26 777
0 946
19 258
3 412
5 256
3 288
21 475
0 484
21 679
0 892
10 327
10 348
20 324
8 980
5 667
19 691
14 836
3 539
21 441
12 676
5 742
9 541
0 715
6 364
23 577
3 511
23 598
26 757
27 266
22 951
13 953
28 821
23 959
1 852
11 513
27 231
21 979
26 903
0 282
0 248
10 845
5 784
3 821
20 456
27 680
24 689
25 983
0 765
19 402
28 721
24 872
2 569
16 373
20 318
5 291
1 673
14 900
4 505
13 422
0 829
3 777
26 802
17 274
10 978
8 681
28 547
17 620
11 681
24 714
12 412
7 205
26 837
13 738
14 585
27 299
27 281
0 703
27 294
27 594
6 468
14 408
8 963
23 368
14 993
2 228
5 203
10 678
10 789
6 922
20 666
21 748
14 584
17 457
16 632
28 812
19 225
27 335
13 603
19 981
20 290
20 844
6 382
23 760
7 947
2 995
22 988
0 790
27 690
14 515
18 646
19 771
1 481
25 358
28 675
22 719
4 549
15 688
28 596
20 640
20 717
14 268
3 620
10 834
8 358
29 328
0 706
27 642
10 532
18 911
26 906
10 825
17 815
20 884
19 791
0 601
4 961
18 517
9 326
23 822
25 383
9 251
21 668
4 787
1 294
25 637
20 610
20 853
12 510
29 786
21 518
3 869
18 399
6 954
14 606
24 578
6 941
22 914
26 712
22 592
0 316
2 484
4 643
29 373
8 870
18 827
22 259
19 946
28 661
5 568
23 871
20 333
27 619
15 790
19 376
28 570
4 786
26 658
1 834
27 264
22 337
17 821
17 389
5 726
14 868
10 615
13 893
1 204
3 389
22 863
13 866
11 591
12 677
17 547
18 911
18 354
18 403
27 904
21 275
1 242
11 570
1 934
20 822
17 725
5 953
7 396
7 808
4 329
4 323
26 880
17 464
3 230
27 331
8 511
11 686
7 908
13 552
9 724
11 316
0 466
24 200
17 565
22 978
16 413
5 285
11 503
4 927
18 312
10 276
10 411
9 890
9 812
23 683
20 456
10 396
28 841
17 803
27 274
8 637
25 617
24 673
18 358
28 712
22 631
7 534
16 537
2 527
13 987
29 357
13 345
22 261
14 755
20 758
14 955
3 839
22 984
5 705
18 659
10 895
6 381
21 278
27 303
5 924
18 876
2 444
26 658
7 377
14 404
15 797
0 637
6 555
2 864
12 772
28 692
15 371
10 791
16 565
17 487
17 573
27 499
12 217
20 844
20 467
21 894
11 831
26 854
20 910
4 543
1 575
19 835
25 456
20 858
23 227
27 352
8 633
21 531
11 394
1 652
10 729
23 766
4 202
29 264
12 787
27 306
0 314
25 241
25 922
15 269
16 414
1 408
18 708
23 733
3 540
8 291
24 686
9 974
16 284
20 436
17 636
20 506
0 935
21 939
2 223
15 984
7 812
23 656
16 387
25 524
22 748
13 550
7 864
21 990
10 265
15 505
23 321
28 696
0 694
7 818
3 213
15 733
2 859
8 304
12 677
6 300
17 339
8 769
17 998
7 945
2 225
6 259
9 217
17 591
20 551
20 473
25 568
9 733
25 231
0 249
8 468
21 992
7 284
26 407
18 777
21 950
18 438
6 286
13 421
29 400
23 821
5 213
27 982
29 425
24 633
16 743
21 514
20 641
2 999
14 700
5 772
12 654
28 861
21 802
9 764
15 706
3 415
15 539
25 645
3 858
8 267
8 830
10 712
26 442
17 400
6 205
25 827
19 902
6 859
28 546
28 222
23 491
12 435
16 921
0 918
23 297
17 920
7 513
22 881
23 438
29 750
2 590
14 374
10 265
11 341
8 866
18 699
10 633
25 233
11 559
22 723
27 294
16 640
26 590
5 524
5 469
8 894
13 754
29 509
0 861
11 386
12 785
28 599
23 388
27 794
11 987
3 208
20 507
14 308
20 617
23 453
6 238
20 932
19 271
19 902
3 728
28 687
1 840
3 370
12 336
6 500
8 881
12 810
3 713
15 631
19 939
22 302
6 969
26 359
29 892
2 813
29 598
1 843
11 901
16 956
13 286
27 669
20 489
2 713
20 257
14 488
14 604
28 758
26 282
11 322
3 587
0 845
3 848
27 570
18 750
19 722
2 913
25 533
14 432
26 403
29 729
23 912
26 730
26 583
6 833
23 513
19 205
6 911
13 694
2 619
9 558
7 279
13 457
22 678
0 520
12 961
26 836
12 905
17 605
25 414
15 845
19 701
16 971
29 325
17 222
16 670
25 443
19 665
24 703
25 695
9 820
2 795
8 277
5 257
10 778
3 898
7 713
18 269
24 656
11 472
25 802
29 753
24 803
27 339
23 477
13 792
21 492
9 562
24 763
0 285
5 924
16 787
17 778
20 908
15 394
28 580
12 282
5 555
24 389
4 964
22 379
9 870
8 654
27 559
2 342
9 264
22 439
1 904
13 681
2 332
26 694
16 235
9 498
7 670
13 556
6 884
24 548
10 446
25 267
28 232
21 385
9 607
26 273
11 512
25 970
20 811
1 508
17 272
21 580
28 986
9 235
23 232
18 742
9 560
18 652
11 934
7 660
28 682
27 639
26 824
7 677
3 719
16 352
14 650
2 650
0 701
9 834
0 218
9 342
29 964
6 732
22 998
22 711
24 582
10 628
24 506
10 850
5 866
6 251
16 482
4 679
29 594
3 546
2 263
17 624
6 550
10 307
25 898
29 757
7 781
25 425
19 686
20 696
29 458
7 855
14 928
24 893
16 1000
16 802
2 960
13 290
20 390
16 356
20 426
5 607
14 953
3 820
5 645
7 386
28 366
19 981
3 431
9 438
4 207
20 952
8 394
1 440
6 441
15 885
9 603
4 308
3 806
19 378
6 869
23 520
13 635
0 856
24 640
9 999
14 357
16 722
24 718
18 327
5 796
28 952
22 465
5 214
6 913
10 808
26 802
23 876
10 790
21 387
1 430
8 306
11 777
2 279
11 679
18 588
22 609
23 857
2 695
27 808
5 850
21 636
23 547
19 892
1 398
24 546
20 501
27 430
16 810
27 687
29 433
9 949
0 514
26 666
15 859
27 915
10 272
17 958
7 621
15 921
28 642
19 979
0 309
23 811
8 255
20 296
22 955
25 322
8 358
18 243
2 851
13 794
3 559
3 706
14 275
27 598
1 449
23 996
22 247
0 817
13 516
21 459
14 271
15 885
13 440
5 822
6 325
8 559
18 910
21 296
24 526
4 934
11 839
20 872
6 756
28 302
1 424
28 728
12 916
1 645
13 877
11 673
23 894
2 423
0 797
18 339
24 641
10 822
15 295
12 435
27 437
20 684
6 669
20 657
25 395
3 844
0 340
26 600
15 326
24 999
19 849
22 992
4 900
2 650
6 207
2 653
13 432
24 531
15 320
26 418
15 725
26 492
19 257
16 707
24 954
12 517
14 524
4 738
16 336
20 447
4 969
3 245
10 447
14 213
29 310
13 566
10 506
19 610
24 371
20 504
9 638
28 436
6 630
23 695
26 676
13 307
4 885
18 864
18 227
19 307
22 817
16 329
7 610
23 466
1 531
2 394
20 792
29 824
25 612
11 343
3 491
7 273
21 318
17 284
29 866
1 576
11 917
15 914
13 921
9 411
23 249
3 469
8 385
16 568
23 223
24 210
22 485
10 568
17 723
10 963
11 615
5 900
23 426
16 246
24 978
4 235
9 359
4 393
1 717
7 261
14 397
27 206
18 930
6 947
18 493
17 607
10 617
7 625
8 998
1 954
11 208
3 876
5 456
8 819
12 804
22 406
15 447
12 334
23 740
21 331
27 419
20 317
18 213
18 207
23 285
15 902
14 277
6 552
8 863
9 958
5 411
9 418
16 452
4 532
18 394
12 595
15 467
1 817
27 986
16 485
17 963
1 649
25 607
23 730
26 487
15 581
25 861
29 500
4 952
17 985
7 940
13 438
11 860
16 514
10 972
28 797
8 254
10 281
14 830
15 483
0 307
19 544
16 675
0 921
3 793
24 936
2 383
25 907
25 452
28 881
24 731
29 715
24 710
27 659
6 734
18 968
28 504
16 448
29 940
13 960
24 309
21 628
18 979
8 334
29 265
2 492
0 571
18 238
5 458
13 538
0 958
26 328
1 207
9 270
28 231
19 821
16 504
4 372
25 857
2 385
5 314
25 242
16 506
3 462
19 357
24 813
14 624
5 769
2 639
9 901
4 454
11 330
3 730
8 778
29 767
18 701
25 863
28 845
15 521
2 783
26 776
17 582
18 284
3 288
14 948
18 776
10 791
18 916
27 580
18 776
2 201
12 702
26 915
4 528
0 913
7 839
11 205
5 916
12 322
17 561
14 631
1 607
14 336
17 681
22 471
24 855
2 385
2 790
8 479
22 812
6 756
26 688
7 895
28 949
2 667
21 205
16 706
15 393
13 356
19 552
4 271
14 230
3 718
27 446
15 925
27 841
4 603
23 500
14 477
6 406
15 564
1 298
18 823
9 858
11 777
4 314
14 921
7 442
28 800
22 236
21 393
17 503
15 284
2 312
15 714
17 482
21 993
24 732
23 284
19 434
1 957
9 743
16 921
19 669
18 632
20 501
12 377
10 781
4 813
24 203
22 788
10 625
22 952
25 846
17 544
5 948
19 871
10 265
7 732
23 831
9 606
10 715
19 553
20 477
0 988
5 719
6 587
13 930
8 626
26 481
21 558
14 799
9 688
15 433
10 626
2 621
27 722
21 749
4 929
22 784
21 956
3 447
0 311
17 605
2 356
20 402
2 260
4 472
26 467
3 748
15 770
6 234
8 407
14 240
22 559
13 351
9 853
24 387
24 205
26 435
29 527
6 589
10 276
9 856
27 769
29 353
16 384
28 881
23 565
2 686
14 242
14 312
2 928
4 420
6 660
17 956
0 550
9 245
28 376
17 395
4 603
21 679
27 708
23 586
13 648
4 462
12 516
22 385
8 597
7 263
21 958
22 782
28 558
8 973
22 545
11 941
7 867
25 580
17 385
19 793
22 678
24 286
6 917
10 567
17 337
10 733
24 280
22 536
23 605
7 694
4 293
14 345
4 981
23 283
7 262
20 752
21 826
10 751
22 230
14 482
8 722
18 461
20 671
27 564
4 993
3 779
15 355
28 215
28 653
23 806
17 297
14 692
17 554
4 329
9 234
6 583
21 342
29 677
25 974
6 539
0 613
28 506
24 501
14 611
15 920
23 657
13 834
29 681
28 726
25 703
8 805
29 760
11 324
18 860
17 646
14 979
3 454
1 981
4 633
28 744
19 650
25 511
9 910
24 346
22 618
28 975
15 535
14 612
3 442
23 467
4 296
27 382
14 695
0 694
2 758
27 730
9 271
8 664
16 552
1 223
18 703
26 617
24 202
14 827
24 418
20 939
14 720
24 670
2 687
27 484
8 902
24 317
21 550
2 210
8 826
5 630
8 652
21 777
24 312
25 817
1 383
26 227
19 985
14 998
7 622
28 791
10 304
11 751
2 551
29 814
21 227
26 268
5 417
14 284
27 572
19 582
15 534
28 349
20 797
15 895
24 281
4 298
0 349
2 548
26 262
18 663
16 335
16 723
29 356
25 340
17 367
4 211
19 640
14 344
5 364
8 409
29 236
26 224
27 907
10 758
7 875
6 939
11 244
7 941
9 586
21 325
19 201
6 897
15 377
20 692
28 683
17 837
15 314
9 217
17 448
22 238
24 620
10 483
6 736
5 854
5 481
24 811
16 598
27 449
22 744
18 893
3 602
3 775
4 716
8 652
12 471
2 406
13 906
25 932
20 673
9 539
18 972
11 333
2 609
21 681
19 360
20 934
21 311
24 380
22 202
8 792
25 497
3 381
7 604
19 852
12 439
3 997
18 655
27 588
23 280
15 824
8 202
3 932
0 783
24 755
18 629
10 814
27 225
0 708
14 868
14 648
10 404
11 400
26 713
8 708
22 802
15 655
29 828
5 297
18 920
7 441
8 220
21 412
7 624
11 948
18 414
16 890
14 372
20 339
28 505
12 434
12 350
7 595
9 799
10 549
22 823
9 341
15 286
21 316
2 774
9 269
18 417
20 564
10 561
12 698
21 410
26 395
24 698
20 661
18 668
23 251
8 499
5 869
16 387
22 336
26 442
20 790
25 262
22 272
14 664
10 634
9 420
18 968
17 529
1 388
29 961
3 903
25 349
2 949
3 302
14 485
17 976
12 555
7 210
17 999
19 667
0 279
15 729
22 341
8 693
26 609
17 238
9 784
12 596
14 874
5 622
4 888
5 256
1 500
21 521
1 575
28 832
21 591
25 424
1 255
23 454
22 400
9 812
8 505
27 798
3 732
0 519
6 670
7 551
4 495
19 601
28 395
27 857
0 926
20 367
2 498
10 784
7 394
4 564
24 980
13 808
12 656
24 843
15 736
22 297
20 519
11 387
18 485
25 871
10 952
26 261
10 888
1 992
6 897
16 742
4 388
24 578
17 557
1 352
29 699
13 278
17 206
5 364
15 453
27 363
28 836
17 518
14 298
0 607
7 558
12 918
5 889
18 837
11 627
1 466
23 340
5 426
4 814
0 365
18 922
0 461
21 360
14 617
26 807
2 214
14 731
9 262
19 841
19 764
15 962
16 896
17 709
29 763
15 581
14 771
5 973
5 214
5 875
27 810
28 262
21 488
26 994
19 636
24 359
20 875
22 962
20 388
18 485
8 537
0 872
0 700
5 496
27 871
0 249
17 302
4 318
26 758
6 954
1 550
25 949
18 871
22 709
18 793
3 316
4 444
17 432
5 872
24 512
4 546
12 369
4 637
16 568
12 889
25 919
7 650
17 980
1 899
9 853
18 841
5 648
27 594
5 591
12 841
2 667
25 687
21 842
27 381
23 693
15 883
18 936
17 205
4 963
15 849
13 722
17 569
25 556
17 346
12 202
29 253
3 758
14 983
5 846
25 975
17 462
29 890
25 860
11 368
8 334
27 374
22 447
25 767
11 679
13 553
27 473
17 528
5 735
7 773
15 787
2 316
14 234
23 378
4 341
5 718
27 423
6 457
4 875
1 654
2 220
18 963
22 358
8 415
7 465
22 881
13 691
0 906
12 221
19 242
9 708
24 883
21 663
22 363
7 954
19 743
26 217
4 844
24 335
12 715
7 563
13 891
28 260
12 873
19 847
16 940
21 761
15 401
6 257
25 568
29 274
3 251
20 296
24 939
18 769
24 567
22 602
23 821
21 611
23 250
23 315
0 957
28 249
15 210
24 428
16 291
24 796
25 356
17 664
20 545
10 382
4 370
27 873
28 794
26 599
1 457
8 920
3 924
6 558
23 306
13 240
7 433
16 870
11 751
3 788
14 572
14 311
21 350
3 245
9 651
29 484
7 864
20 724
10 875
28 798
10 532
17 254
15 336
28 448
29 943
13 226
27 983
26 894
19 229
16 271
10 720
2 358
12 821
23 808
26 779
21 710
15 616
9 791
22 723
15 399
8 598
27 512
27 999
3 958
6 789
26 836
20 580
29 735
16 806
1 731
1 553
17 694
21 836
9 938
2 517
3 254
7 854
27 558
22 260
5 777
3 206
0 296
29 939
13 338
16 945
8 921
11 944
24 565
6 744
11 985
3 532
13 870
3 714
15 435
2 567
17 710
20 780
2 239
20 561
5 638
18 793
10 630
6 833
0 808
6 734
19 418
7 349
22 501
7 344
9 241
26 560
16 800
1 840
8 882
4 447
3 999
9 623
23 380
0 492
16 572
22 439
2 689
16 349
16 637
4 281
0 916
28 356
13 887
26 459
0 409
5 877
8 379
4 886
9 733
10 674
12 475
8 730
5 519
25 404
20 582
15 228
0 674
21 778
29 358
29 458
1 584
0 795
26 933
26 558
1 880
4 785
26 772
27 902
23 585
24 563
29 832
20 287
1 529
0 381
6 801
14 403
26 654
1 746
15 620
22 361
14 882
2 793
15 399
21 617
22 682
24 977
21 871
6 691
0 242
13 409
1 878
24 456
20 544
4 209
4 617
26 380
9 307
10 262
26 206
23 366
13 971
14 999
17 859
16 532
7 456
17 266
8 837
24 265
5 267
6 957
11 484
20 757
5 377
21 848
1 784
13 864
14 676
0 997
20 220
14 387
6 687
10 978
13 365
16 837
18 645
14 679
2 250
29 266
1 359
18 753
19 207
0 480
20 776
18 893
8 611
2 273
6 539
17 355
6 895
14 807
27 579
4 798
23 938
23 946
26 547
22 436
9 397
17 431
10 870
21 996
6 676
12 385
3 352
17 978
10 547
14 906
24 225
2 931
16 882
7 369
1 766
16 233
23 244
13 555
8 711
12 582
4 686
4 302
