1000
11 746
22 410
10 651
21 933
6 602
9 818
29 219
19 732
4 459
12 936
25 562
21 654
22 911
16 791
15 492
22 787
17 603
24 802
15 453
19 280
10 230
7 884
5 346
6 322
20 773
18 957
12 833
15 525
23 972
17 431
22 545
28 826
13 397
17 978
1 926
7 460
14 389
5 631
23 224
8 855
12 701
12 488
9 826
8 667
16 633
4 246
19 880
9 669
24 489
17 905
16 229
29 691
3 727
18 324
10 563
7 366
24 200
12 240
29 215
13 976
6 392
8 318
26 218
23 524
10 952
29 934
28 844
1 788
7 798
7 256
13 853
16 590
22 510
29 612
5 984
27 622
28 253
15 595
6 802
0 451
1 516
6 934
6 613
25 418
29 558
17 265
25 545
1 346
8 517
9 346
7 254
2 677
24 996
22 722
23 876
23 732
25 778
16 202
13 711
16 329
26 749
29 377
27 928
17 514
5 661
12 576
19 533
4 787
11 918
19 727
22 393
16 685
5 226
25 641
14 531
24 431
15 473
17 951
6 330
26 829
4 708
4 345
8 692
12 676
4 988
3 284
5 532
1 342
24 314
13 855
17 957
6 214
21 627
18 929
5 847
3 783
25 862
5 857
17 873
16 424
14 342
4 336
19 964
19 777
14 544
19 723
11 906
23 664
11 400
12 232
22 820
18 778
20 561
7 244
23 980
10 631
21 805
28 951
27 936
23 211
4 971
17 359
1 384
18 803
12 251
17 326
20 712
28 947
14 618
14 910
23 619
13 877
7 981
21 780
1 608
14 636
20 672
23 619
15 517
22 203
3 241
10 961
18 685
19 974
9 731
13 634
10 769
23 464
24 988
20 842
19 424
12 791
19 695
17 338
27 391
0 431
27 643
17 565
25 728
15 797
25 315
3 466
27 591
0 934
20 698
21 438
14 810
6 589
24 604
24 599
13 375
17 483
8 462
19 353
0 420
27 740
21 371
20 681
2 887
11 711
2 807
11 223
8 283
20 929
2 823
17 937
22 787
12 908
28 591
23 883
14 284
19 931
12 807
24 726
5 466
5 518
24 499
13 639
18 496
22 289
15 792
18 564
0 362
4 778
27 894
7 684
29 219
5 853
20 497
10 379
28 892
1 453
7 886
21 961
1 606
3 449
19 786
22 244
22 404
26 567
21 374
27 726
3 476
9 989
17 538
28 495
25 608
9 340
19 579
9 407
24 924
27 1000
7 911
17 640
20 405
9 950
6 964
3 974
22 644
9 237
9 534
13 725
10 853
0 319
22 807
9 981
14 270
3 532
0 538
16 612
24 642
15 982
12 411
15 498
17 563
0 269
20 482
3 479
17 341
12 891
19 391
21 909
17 588
13 610
7 396
14 444
29 763
3 538
19 448
3 463
23 940
25 679
0 435
12 812
11 943
22 368
8 676
5 948
9 494
1 413
21 811
6 258
23 485
24 685
9 694
6 736
8 213
11 276
10 554
25 464
7 404
13 245
18 613
23 948
20 826
19 763
10 281
14 829
3 373
1 613
19 696
12 585
4 810
12 363
23 735
1 531
18 665
3 384
9 374
3 837
18 702
11 240
29 648
28 575
13 204
9 235
18 404
7 868
16 282
13 735
3 613
3 527
9 671
16 271
7 230
22 929
24 286
18 420
18 487
21 342
28 736
15 683
18 515
0 312
22 984
0 339
23 202
13 727
20 358
28 824
21 789
6 736
10 876
1 584
10 409
15 556
23 900
15 864
0 408
0 694
8 958
23 269
2 602
3 676
10 365
8 498
26 647
6 639
26 790
5 600
26 860
13 544
23 865
11 471
0 583
17 217
25 696
3 283
25 415
25 234
26 768
17 307
23 465
15 570
6 370
15 933
26 334
28 490
7 930
11 911
6 1000
7 405
7 891
8 589
6 528
10 799
17 825
23 805
4 505
12 874
5 929
27 815
29 869
3 916
20 458
27 644
26 377
9 384
17 755
12 521
13 879
27 359
8 710
16 402
19 269
20 907
16 213
1 211
22 761
23 827
27 504
1 439
6 645
27 295
10 365
13 354
14 634
0 441
23 367
11 833
7 752
23 400
1 422
12 790
21 910
3 860
14 757
10 576
24 320
11 724
6 606
12 1000
16 838
8 388
2 326
29 484
26 889
25 420
10 353
24 360
19 383
22 435
7 819
15 839
19 426
1 282
27 511
13 541
2 233
13 666
18 439
1 873
12 704
8 915
13 472
0 234
24 744
13 271
24 626
15 612
23 943
0 670
6 645
11 208
15 292
27 625
1 797
21 857
14 961
14 952
10 505
8 819
14 940
9 842
9 986
4 894
13 254
1 790
21 258
18 263
4 401
22 597
13 547
29 946
11 755
23 251
2 918
23 351
2 919
25 750
4 538
11 579
17 948
23 227
29 976
7 714
10 260
11 839
28 925
13 277
13 412
13 230
28 277
8 612
1 638
29 645
10 680
0 308
5 939
13 381
11 696
0 370
4 351
7 926
23 774
5 737
26 658
9 848
12 782
27 449
4 901
16 217
20 940
7 341
19 994
5 515
25 360
3 553
11 209
2 268
29 234
8 918
25 940
11 363
17 233
16 295
3 958
16 257
22 234
26 760
23 920
13 242
14 642
25 861
25 761
22 940
20 698
19 352
8 867
17 818
21 474
17 460
22 348
6 367
6 977
6 270
15 265
8 289
3 719
24 600
0 913
23 665
28 800
26 786
13 929
28 449
17 500
27 357
5 530
25 255
22 532
11 719
9 629
4 339
15 471
5 863
19 881
16 761
13 730
14 712
6 907
10 585
10 729
11 844
19 884
13 679
1 207
18 685
15 338
24 515
28 517
1 316
16 558
13 604
7 716
19 265
26 496
10 596
16 548
3 527
25 471
23 643
28 911
21 867
25 464
25 659
3 394
19 675
11 837
9 663
20 408
8 654
20 512
22 335
21 937
3 932
26 453
11 608
12 521
21 578
15 345
14 873
9 561
13 692
4 862
23 389
23 658
8 278
10 942
27 572
9 522
25 248
10 205
6 402
23 879
27 391
14 462
20 855
28 931
11 426
4 358
14 457
19 737
8 299
20 247
21 332
18 625
4 610
2 283
7 826
8 616
22 456
8 207
29 216
24 369
9 787
14 997
2 956
0 562
19 308
4 738
1 292
6 964
21 938
20 320
23 453
3 670
19 994
9 511
11 536
6 849
13 378
13 717
1 349
19 907
22 777
6 634
21 537
27 685
5 315
12 716
22 543
5 730
20 777
23 547
3 434
19 788
1 586
13 408
18 889
29 486
24 218
12 362
5 352
21 375
8 916
0 476
15 974
18 464
8 615
11 463
25 786
8 697
29 335
13 843
11 871
26 337
22 318
17 534
28 525
18 766
10 521
20 443
27 899
6 913
23 298
7 623
13 398
6 438
20 824
25 906
14 729
19 662
13 765
2 465
1 655
3 814
2 970
25 771
8 383
21 883
18 467
15 447
9 855
12 928
6 478
20 295
25 396
14 983
5 416
28 781
5 604
14 974
24 740
26 533
13 349
19 935
27 856
15 851
28 376
16 943
13 593
9 717
27 515
1 993
27 653
2 939
15 922
0 245
10 974
15 725
17 913
7 916
26 695
2 225
8 681
16 313
17 575
14 796
17 307
8 217
2 282
12 667
7 972
5 456
1 847
16 391
22 984
10 319
4 817
26 903
11 415
24 410
28 960
16 335
15 545
13 834
6 972
20 479
20 461
22 948
18 672
28 624
2 665
27 943
23 631
4 281
21 232
15 902
2 440
3 457
28 526
26 665
18 922
9 676
5 471
24 980
1 815
2 457
29 782
9 793
11 605
27 775
16 956
21 353
10 428
1 440
0 208
7 317
0 792
2 462
18 986
19 250
7 757
1 233
22 250
20 825
15 923
2 240
26 562
15 437
17 894
27 584
22 257
2 585
2 632
1 243
21 676
25 317
8 234
11 339
9 898
17 261
9 307
28 764
11 865
15 852
13 478
2 853
6 524
9 578
24 648
15 911
21 300
16 255
7 231
25 885
13 911
22 759
29 424
26 739
13 672
0 553
5 390
15 330
13 262
6 297
8 893
3 865
27 586
9 215
7 202
0 724
25 287
15 832
8 746
14 483
4 876
13 547
18 803
19 275
26 967
14 734
6 376
0 710
8 932
25 350
26 932
0 569
23 862
21 510
10 225
5 860
11 903
17 790
24 568
6 591
5 551
29 606
1 344
8 555
27 800
14 728
28 414
17 583
8 828
3 496
25 586
27 968
6 844
13 333
21 472
16 822
12 428
12 553
18 438
7 642
19 620
16 984
5 999
2 205
29 537
13 261
6 358
8 788
11 676
2 314
15 242
2 452
0 529
22 326
19 346
24 842
23 220
25 555
6 695
20 633
25 584
6 361
29 534
18 571
21 975
28 425
5 415
17 717
3 256
25 278
3 286
7 974
22 501
5 362
18 402
20 282
2 695
20 855
18 603
17 556
27 421
0 596
6 842
