1000
18 341
20 960
14 826
20 468
5 231
7 342
10 573
24 753
19 700
17 513
13 474
16 739
19 629
29 923
10 236
25 305
16 579
27 353
29 482
27 231
6 965
27 380
28 281
19 776
8 976
26 905
0 401
19 776
29 787
1 604
22 872
4 384
19 506
9 995
23 449
13 983
19 811
21 393
15 519
6 490
29 792
25 613
12 609
29 882
2 326
17 622
21 922
6 894
23 788
16 494
27 510
23 323
16 739
13 984
18 775
7 417
6 582
1 861
23 645
15 862
16 295
18 765
5 658
9 700
24 621
28 841
6 257
28 560
18 737
7 848
21 389
5 949
19 842
1 530
20 318
26 522
21 932
16 548
15 952
21 862
26 345
4 416
22 808
26 450
6 633
23 472
15 778
21 699
16 566
28 248
23 833
19 249
5 685
15 936
9 428
18 868
0 466
29 745
23 204
1 894
5 537
21 965
26 631
17 502
10 361
12 632
26 559
19 244
17 471
13 933
27 809
20 835
15 956
28 836
2 781
18 637
1 752
11 610
22 214
9 380
9 509
20 378
27 718
20 825
27 657
11 880
23 428
22 628
2 297
6 596
24 684
26 258
14 949
25 488
18 909
8 678
16 831
23 619
21 950
16 449
25 398
13 866
5 954
23 205
3 989
20 391
10 698
8 755
5 354
2 329
2 390
20 343
9 751
1 270
6 776
29 926
3 883
23 731
24 677
10 811
8 308
26 505
11 380
5 937
28 640
23 316
21 265
27 619
15 824
24 293
10 488
22 745
29 412
21 210
4 849
21 275
10 236
9 985
28 661
1 771
9 282
25 859
29 645
2 923
17 797
15 473
13 704
24 524
2 482
4 289
24 791
16 914
22 933
18 842
15 274
21 834
11 288
24 211
16 459
27 516
23 487
25 457
8 570
3 611
12 494
18 735
24 379
28 538
10 756
24 416
7 603
15 482
27 414
7 802
13 236
12 597
21 589
16 466
17 900
14 370
19 766
23 750
16 468
23 351
16 577
20 405
6 543
27 917
13 516
11 672
20 280
5 628
12 721
28 498
11 292
17 306
29 302
8 457
4 426
4 380
9 416
10 982
4 659
8 984
17 687
21 330
24 726
16 520
11 831
16 509
14 380
12 803
2 499
14 832
12 778
19 997
23 749
22 572
4 679
2 288
22 860
17 601
26 477
3 652
16 788
29 258
15 753
14 762
27 347
0 631
18 414
6 340
8 804
21 260
25 676
25 853
2 430
15 322
12 437
15 339
16 585
4 714
16 945
11 341
25 895
13 706
17 404
14 345
8 631
23 681
17 707
18 761
5 959
29 546
17 950
18 284
18 448
24 919
3 271
25 935
21 939
19 816
27 867
26 693
25 780
27 625
3 802
25 641
8 966
23 655
18 843
9 690
5 794
17 501
7 293
15 544
3 539
5 894
21 789
10 472
14 730
8 373
12 419
17 634
5 959
9 282
19 563
2 227
4 883
22 260
27 984
26 799
15 623
2 281
12 366
1 983
7 678
22 893
15 293
28 727
4 541
26 732
20 456
22 442
13 950
12 944
6 463
6 228
26 327
14 908
13 846
5 964
22 710
19 893
6 404
22 873
20 537
27 441
29 975
24 923
5 751
28 428
10 481
6 933
18 540
7 806
6 504
18 864
29 326
23 267
19 304
17 518
26 898
29 375
15 660
27 501
26 345
1 836
14 981
25 834
18 210
27 611
5 415
16 685
25 921
12 347
1 511
2 266
8 473
0 936
23 339
14 798
17 464
26 827
4 905
23 758
19 421
16 844
23 882
3 665
7 594
7 203
19 938
23 583
1 458
18 830
6 638
12 762
3 806
9 369
23 606
1 564
0 844
24 757
8 407
14 384
7 495
12 396
22 625
28 796
19 719
16 579
1 403
21 715
14 599
28 303
5 477
26 803
19 223
25 320
19 961
1 635
8 635
14 892
3 755
21 642
12 382
10 602
5 810
15 376
23 254
13 259
25 240
0 477
1 923
15 598
16 411
19 952
7 981
16 909
4 360
4 475
15 274
3 594
3 204
21 370
23 581
16 435
22 236
15 575
27 262
5 901
28 515
16 905
17 235
20 975
16 379
25 265
13 329
21 505
14 892
5 439
12 686
21 338
4 621
23 526
29 659
18 530
2 689
27 935
7 499
29 963
11 835
4 639
29 425
10 421
8 267
16 226
8 575
7 249
7 871
8 730
4 476
1 532
27 652
2 246
24 245
29 950
17 974
11 688
10 201
26 731
19 304
20 399
3 941
26 579
12 933
5 499
22 301
11 475
17 798
3 633
29 843
6 651
11 813
12 889
10 927
28 432
20 394
14 382
15 351
4 944
0 530
26 927
18 827
1 504
29 586
17 693
14 550
18 323
20 331
2 941
8 615
16 928
19 526
11 772
2 764
7 529
16 265
11 549
17 895
2 915
14 231
11 203
6 894
3 789
13 213
13 713
14 667
29 899
16 834
20 677
28 202
2 971
24 865
20 567
24 994
29 436
29 356
14 814
25 772
12 711
18 961
25 675
21 337
1 320
20 779
3 594
28 774
17 453
1 709
21 782
17 394
19 755
12 873
6 509
17 430
6 350
22 921
9 982
11 378
26 235
24 451
13 782
9 932
3 569
29 826
1 825
18 392
29 566
12 406
27 485
18 471
20 621
3 405
27 410
12 897
6 267
24 558
21 407
29 922
7 708
5 759
20 822
21 460
23 580
6 814
29 691
4 853
12 368
15 225
0 762
22 856
24 417
14 844
23 619
26 258
6 362
16 838
28 972
9 501
27 659
2 709
15 424
4 615
28 674
15 529
0 222
22 409
22 912
15 272
5 923
9 707
28 322
29 889
3 464
1 744
25 296
1 396
6 325
27 972
1 526
16 973
0 346
9 904
7 902
24 488
23 487
1 812
29 710
19 919
6 800
6 328
24 425
17 527
2 812
16 302
9 960
16 467
28 925
17 768
22 920
26 908
24 329
8 291
22 575
29 680
8 995
2 550
5 509
0 673
18 274
8 675
17 926
6 311
12 490
0 429
22 475
11 931
4 370
19 269
26 915
11 650
20 468
1 834
8 359
9 597
22 909
14 681
21 595
22 833
28 211
12 721
28 953
17 602
19 648
8 887
25 793
8 268
23 298
27 925
11 383
21 986
24 991
13 746
24 262
16 724
14 951
3 604
14 340
19 799
25 514
23 398
11 415
17 872
7 676
1 870
27 652
26 265
23 604
16 445
20 939
5 892
29 803
11 423
0 880
12 331
18 302
21 946
8 586
5 406
13 519
18 887
5 923
9 769
11 628
0 938
18 434
12 883
12 845
4 769
17 253
18 584
18 294
13 299
25 723
25 625
24 887
4 612
12 386
2 711
12 866
23 731
1 937
25 273
25 254
24 763
16 508
2 781
9 924
19 416
10 605
18 317
9 329
15 773
16 959
20 655
26 321
18 800
19 214
8 887
5 392
3 301
28 848
14 441
19 516
29 832
10 621
12 674
21 905
0 235
1 387
0 456
5 694
12 462
16 461
27 974
6 660
9 463
5 200
14 408
15 202
29 494
3 898
7 401
26 862
16 968
28 923
26 748
17 532
1 622
16 805
25 703
23 484
28 932
2 530
6 402
27 341
21 998
22 735
26 564
17 336
14 354
0 676
28 341
15 642
11 603
2 715
18 470
20 756
23 872
3 410
11 847
10 631
5 809
16 618
5 949
20 886
11 791
15 279
16 846
25 653
9 945
29 421
25 934
22 325
15 778
13 625
22 307
4 869
13 203
22 762
11 464
28 950
10 865
17 630
18 305
12 354
6 537
14 373
2 375
15 792
23 293
27 221
18 407
2 505
21 949
2 724
17 905
23 692
15 439
21 946
23 481
28 427
25 615
3 681
19 218
11 843
6 948
6 933
13 561
4 523
21 817
2 350
10 744
1 478
19 657
14 476
26 800
28 349
23 317
2 644
6 940
14 754
2 335
4 862
26 630
19 589
22 861
10 505
13 879
4 522
8 261
20 872
26 258
1 950
26 587
11 760
10 831
11 588
24 247
12 591
26 874
24 660
27 531
21 787
15 864
18 827
18 959
29 444
5 558
19 322
6 445
12 654
8 678
0 540
1 471
23 514
13 728
18 333
29 400
9 452
6 331
28 822
6 596
21 291
19 942
28 699
25 386
24 394
7 390
1 626
4 606
21 946
0 933
22 841
13 373
9 309
29 397
4 731
24 401
17 904
20 594
14 759
19 842
14 661
18 996
18 334
10 246
1 460
3 535
25 645
18 326
23 876
11 976
16 226
6 397
7 589
27 255
29 488
11 490
26 544
17 309
8 644
29 279
2 475
15 636
8 391
21 509
7 896
3 565
26 243
14 568
6 642
18 540
10 915
20 299
20 214
3 760
29 228
3 446
0 370
29 856
19 284
25 819
6 975
24 304
14 252
3 952
17 789
6 807
8 215
26 539
23 995
15 306
8 258
13 941
21 639
26 230
25 297
