1000
3 542
2 232
27 479
19 700
4 586
3 359
10 532
22 346
4 484
17 300
8 562
1 817
4 973
29 1000
3 455
28 806
4 259
27 653
18 960
2 378
24 308
7 714
8 305
14 883
13 974
16 495
3 888
0 610
18 976
27 260
27 945
28 787
0 614
26 362
23 992
19 821
25 307
24 729
14 644
27 608
5 954
25 369
2 642
19 859
25 295
8 469
24 246
20 897
4 327
17 358
4 321
9 706
6 654
5 755
29 903
20 967
26 595
18 960
25 244
11 476
10 988
23 201
26 450
9 800
7 979
4 920
0 694
11 720
18 257
23 590
7 930
28 638
28 621
1 950
13 330
2 362
10 328
3 464
29 651
22 528
6 892
22 781
17 907
11 786
16 258
7 765
7 274
9 306
13 873
22 936
7 675
10 207
9 256
3 291
11 800
0 448
3 207
9 776
21 338
27 253
5 782
26 957
8 819
4 287
23 575
4 488
0 201
14 353
0 444
28 960
22 778
5 521
9 229
6 690
23 551
5 975
5 278
0 425
11 615
2 962
29 963
5 698
21 779
11 243
4 930
2 359
2 744
25 433
21 334
18 203
12 891
5 459
3 321
1 610
21 491
15 547
22 284
23 955
20 635
4 461
5 412
13 381
19 700
7 234
25 998
27 926
15 732
22 895
0 814
26 360
1 633
22 626
24 201
9 398
11 280
13 489
23 633
20 561
15 472
1 335
16 610
5 699
19 989
15 679
5 971
7 791
23 938
12 483
21 628
8 368
7 856
5 516
13 633
1 429
26 399
23 987
3 825
12 944
4 352
12 828
15 403
11 961
2 763
29 894
2 495
15 905
28 404
1 361
21 890
20 545
6 678
16 350
19 838
11 676
16 581
0 643
28 927
4 754
6 968
23 509
25 557
8 433
9 915
28 699
3 243
25 861
10 490
25 541
8 369
13 803
23 634
0 549
14 468
23 728
13 675
22 246
19 378
15 399
4 219
6 978
27 901
26 557
17 900
13 399
14 842
7 313
12 778
1 775
23 966
8 852
8 743
1 883
24 461
10 345
7 663
28 758
2 925
7 872
26 742
21 887
25 430
13 917
6 360
18 953
1 662
7 337
2 415
22 465
7 594
18 736
15 778
9 902
4 241
14 853
7 852
10 232
9 574
23 299
20 878
7 423
29 361
23 999
12 946
17 769
3 265
19 382
11 296
2 499
28 313
9 234
6 706
10 840
18 860
13 864
18 657
17 294
18 856
13 947
14 520
5 805
9 552
24 634
1 499
29 207
16 695
13 727
4 751
13 348
23 776
13 504
22 856
21 216
0 544
4 406
2 947
26 892
1 688
0 744
7 865
25 605
10 324
28 532
3 480
5 672
13 664
17 559
25 563
8 684
13 924
22 730
12 668
4 995
23 866
9 477
24 500
6 466
0 918
7 228
8 977
10 336
15 215
12 315
17 329
27 275
21 978
11 897
29 304
18 436
24 886
11 750
13 862
29 949
18 504
24 828
7 320
20 709
29 272
21 280
6 421
0 320
23 396
1 487
5 483
21 385
22 345
4 893
8 371
6 838
9 266
24 254
2 835
11 881
2 813
2 813
20 227
27 409
10 853
8 686
28 306
8 680
11 954
20 660
28 681
4 688
5 936
9 526
23 929
9 206
14 279
23 244
7 435
1 944
13 450
29 460
20 726
9 542
21 566
25 234
6 373
20 948
14 221
20 235
8 587
3 814
13 646
4 984
3 875
4 658
7 269
5 567
4 265
20 273
25 820
12 419
10 876
7 400
0 257
20 262
11 467
8 560
28 831
7 994
13 544
2 276
23 301
3 666
15 715
7 610
18 752
2 843
11 320
10 714
21 805
18 718
29 324
25 947
8 505
29 698
7 473
20 689
18 326
9 270
7 692
11 313
23 280
10 471
17 949
25 559
11 875
0 233
24 845
8 287
24 449
28 903
14 793
1 800
1 673
12 266
20 971
1 259
18 280
20 513
17 421
26 450
16 402
26 865
29 707
4 339
6 721
23 842
2 739
6 873
26 391
25 413
9 497
22 336
8 440
24 753
5 619
1 696
5 664
0 743
12 353
25 751
28 736
3 707
12 854
16 424
13 287
18 719
24 401
12 522
9 622
23 554
12 418
2 878
7 945
4 288
14 951
29 715
24 738
0 840
4 797
7 978
8 824
26 924
29 315
5 678
27 739
16 627
2 421
20 919
5 941
13 437
3 364
3 612
23 698
1 861
2 947
17 753
4 648
1 782
14 898
22 534
18 376
10 395
12 474
21 325
22 487
5 430
4 326
23 609
28 789
18 803
0 926
28 467
26 330
26 272
29 897
1 560
2 898
17 209
15 259
26 249
0 249
29 324
1 750
11 907
28 621
11 906
25 304
16 515
19 988
10 286
13 583
21 637
17 985
17 393
24 408
2 662
15 813
6 847
26 662
29 908
24 831
20 821
7 572
3 742
12 285
26 317
5 228
19 202
29 928
18 462
19 276
23 963
26 820
21 208
9 528
16 525
7 708
17 518
2 526
7 325
1 994
7 883
15 740
23 522
23 823
16 470
6 622
1 270
19 734
4 437
0 893
28 513
14 703
4 252
23 798
6 444
7 448
23 757
29 494
11 867
17 878
14 833
5 314
19 816
28 625
26 892
16 652
28 443
14 951
10 713
25 565
10 510
5 754
20 674
8 670
9 959
18 845
0 798
8 479
7 914
15 300
14 256
8 775
2 292
27 445
11 712
3 354
16 933
0 865
23 802
5 989
3 920
5 522
26 415
8 860
23 840
14 988
14 737
8 510
3 305
8 859
5 431
4 329
14 424
15 272
8 413
1 623
17 664
3 437
21 603
12 316
26 960
3 296
21 518
13 212
28 413
12 755
6 317
21 760
21 501
9 253
11 915
28 832
17 598
0 500
1 288
7 977
27 886
26 222
25 441
23 782
3 283
29 455
16 239
0 413
24 761
8 606
28 572
8 325
29 720
21 226
16 593
22 541
6 663
17 712
7 926
9 844
16 693
23 319
17 477
28 852
19 260
5 927
28 870
0 789
8 456
22 688
8 307
27 948
20 485
9 212
0 980
9 889
27 203
2 648
1 726
18 737
24 828
10 556
18 902
21 788
7 575
22 922
27 522
12 789
11 564
27 678
12 557
13 414
26 815
1 636
29 450
16 208
7 881
2 205
26 710
29 352
10 319
1 575
10 919
9 367
2 472
29 414
0 447
6 816
9 244
6 974
7 925
10 494
21 867
2 345
10 903
26 747
13 652
25 990
1 686
6 490
8 967
22 686
13 552
29 218
6 612
14 976
8 437
13 384
27 874
16 581
25 215
6 995
9 735
4 670
16 360
5 562
18 889
3 792
22 288
26 660
19 774
26 207
17 718
23 397
11 985
23 309
4 995
13 330
9 283
1 463
23 485
27 853
14 858
7 443
27 263
25 453
8 665
22 247
10 839
7 932
4 870
27 1000
21 613
13 983
3 723
29 572
21 291
19 483
20 966
8 449
21 401
13 256
17 815
2 896
7 909
19 329
10 588
22 327
0 950
17 662
3 956
26 276
17 336
14 613
8 655
23 404
22 225
28 365
27 468
28 611
17 438
0 271
3 444
28 470
18 764
18 819
10 914
17 228
6 536
27 607
20 288
4 655
5 254
8 506
20 221
25 643
21 671
23 775
26 974
6 783
10 447
6 471
25 481
12 623
12 591
5 312
19 903
25 707
28 773
1 829
29 645
19 396
1 444
28 490
4 410
23 990
16 650
15 343
27 322
7 913
15 547
19 904
6 770
18 474
19 999
11 550
21 929
8 576
5 379
9 349
8 407
24 564
4 477
28 772
19 261
27 571
4 752
21 244
17 406
5 611
24 831
6 880
14 436
10 235
3 884
3 995
4 837
15 212
12 471
7 321
23 529
28 619
7 907
19 270
13 507
6 659
7 792
20 511
6 958
6 274
3 553
16 417
23 317
17 309
22 915
9 820
29 763
15 356
1 414
1 849
3 885
16 655
26 620
12 798
29 829
22 340
21 972
9 916
8 508
15 892
22 833
3 759
16 404
1 437
1 582
11 632
0 856
17 903
22 303
10 680
22 438
17 475
5 817
10 792
12 910
21 705
11 891
24 787
26 375
25 338
26 943
10 962
21 585
24 421
6 234
13 650
10 451
10 344
15 939
5 771
13 793
2 618
23 252
8 506
20 326
24 418
19 756
10 685
2 709
20 984
23 591
24 716
13 767
5 642
23 858
21 398
0 948
2 935
24 729
7 689
22 617
9 431
15 313
26 454
22 553
2 457
9 296
1 384
9 567
23 695
14 989
3 562
10 309
14 401
16 949
17 208
25 357
20 828
13 619
10 447
23 574
13 332
5 515
9 859
11 391
5 302
24 813
11 914
1 862
11 736
11 551
9 283
2 598
4 404
23 244
10 543
14 974
16 271
11 495
22 642
26 206
1 988
5 955
11 976
21 474
5 710
1 734
18 549
10 236
