1000
11 703
1 221
17 487
1 839
2 634
29 999
11 908
29 806
10 600
9 219
0 299
14 940
26 859
16 618
7 945
21 225
16 729
23 478
15 752
23 777
25 607
13 716
22 747
20 849
14 736
20 287
16 949
25 519
9 398
15 797
8 757
2 415
26 692
0 704
8 318
25 670
8 275
20 225
20 324
0 594
1 980
15 203
21 464
6 256
10 758
28 885
10 745
4 568
15 830
1 943
13 421
4 649
3 288
20 963
19 341
4 324
5 635
10 298
17 242
20 979
22 851
25 543
16 840
1 842
9 524
26 606
3 753
21 748
27 293
25 466
2 674
1 815
10 780
16 251
28 701
17 273
17 376
24 572
4 792
2 310
13 415
16 620
26 461
21 409
28 762
17 928
12 849
1 739
17 925
4 780
24 615
29 435
23 567
21 891
22 439
2 752
0 257
5 939
5 641
15 531
25 605
29 659
6 241
15 376
10 707
22 694
15 939
17 553
0 382
14 635
25 700
0 383
13 421
19 645
22 580
24 238
3 469
21 701
16 430
5 421
15 234
29 571
14 924
6 254
20 416
13 894
7 801
9 651
1 720
8 503
20 271
4 260
15 918
12 464
0 896
23 616
24 480
27 427
24 662
27 644
15 498
2 692
13 996
16 679
17 334
18 692
9 809
22 715
11 976
19 613
14 915
9 631
23 316
7 425
27 667
29 667
25 635
23 860
5 263
27 878
28 550
1 294
6 329
24 840
23 770
1 602
27 979
26 613
11 935
0 673
5 853
24 543
15 626
6 806
15 230
23 772
26 228
28 306
3 290
20 410
10 967
26 998
9 567
29 815
16 336
19 994
23 609
0 295
17 532
11 830
9 667
15 942
29 774
12 774
12 222
20 398
15 889
23 340
8 955
28 882
2 639
15 494
4 558
13 603
10 848
28 845
18 646
21 951
4 211
4 377
8 705
12 500
16 955
27 627
27 214
7 834
22 303
2 444
28 435
23 223
15 975
20 432
24 415
27 983
11 293
18 704
12 789
1 691
12 986
14 871
9 311
16 865
18 502
23 873
10 481
12 888
7 480
7 469
11 831
16 880
21 301
28 843
13 830
8 389
6 542
9 993
3 525
11 217
26 886
5 785
21 210
15 338
16 258
20 743
3 912
14 401
0 874
17 531
12 625
25 711
28 743
6 905
25 273
25 353
8 342
1 589
4 936
24 786
26 270
8 846
7 612
3 382
25 235
7 536
1 481
15 588
3 830
13 939
21 985
16 624
19 903
0 824
14 735
20 323
9 723
14 981
20 203
28 884
10 709
25 642
2 848
28 389
12 857
8 248
25 905
22 783
13 330
14 628
24 644
2 823
5 320
17 707
26 471
12 415
24 399
26 606
20 880
25 356
22 640
25 486
11 885
18 851
7 219
11 395
12 424
21 286
5 589
9 868
1 278
23 514
22 802
18 406
5 443
15 873
17 232
20 220
15 842
15 726
11 425
29 557
1 630
11 891
13 536
20 451
22 409
25 451
29 331
22 703
26 567
12 502
8 491
16 522
7 433
28 823
17 904
10 898
18 503
22 861
23 293
18 796
3 255
15 979
26 813
16 855
17 592
14 539
4 902
18 355
24 332
20 782
19 943
24 590
16 708
28 909
4 624
23 409
21 378
4 835
13 302
7 397
7 992
22 509
20 262
24 928
19 886
4 543
11 821
1 547
6 925
14 335
1 589
24 338
12 672
8 871
7 945
5 661
3 841
3 228
13 703
7 857
2 567
13 858
27 291
9 333
20 217
5 1000
22 673
4 668
1 878
5 286
24 899
24 748
12 832
26 543
13 808
9 913
9 500
17 531
4 414
2 288
4 483
11 542
21 787
28 701
1 705
11 383
9 320
15 960
27 319
28 592
20 871
26 932
19 228
24 960
13 230
16 314
26 214
11 424
11 720
1 287
4 859
8 891
10 696
29 251
13 919
13 605
4 642
14 650
21 968
16 447
6 592
23 988
28 425
4 582
27 675
2 686
23 851
7 660
16 888
16 729
18 255
1 607
16 555
2 245
15 512
9 231
14 565
29 660
13 854
21 886
2 946
21 685
19 934
1 321
21 688
20 843
7 316
19 302
28 830
0 866
5 233
13 809
18 829
13 593
28 596
21 412
19 431
8 215
20 943
12 684
10 228
0 619
19 976
16 341
5 282
3 751
3 699
23 432
18 964
5 413
6 670
26 486
16 709
3 305
3 574
0 633
23 913
6 348
9 560
23 697
10 443
11 717
4 327
10 786
3 841
20 835
6 715
23 872
21 290
4 508
17 692
18 422
21 306
7 473
14 570
2 848
5 846
11 624
27 873
27 595
9 816
8 458
11 571
22 827
4 282
3 558
4 574
21 964
8 674
27 439
11 831
22 373
4 586
9 231
7 827
4 315
25 904
16 369
17 381
4 839
27 302
9 495
29 863
18 872
28 332
15 772
25 992
22 216
8 401
1 299
19 672
21 884
24 889
1 967
14 526
2 333
29 886
6 777
28 852
27 404
3 938
4 877
8 747
18 921
16 442
28 396
11 349
20 652
11 733
1 488
15 965
28 249
15 911
11 224
8 624
22 977
17 452
16 565
10 576
28 544
19 804
2 642
14 937
19 524
24 684
19 309
21 446
12 840
1 706
20 553
22 708
25 780
6 456
10 487
4 796
6 610
8 520
6 753
8 961
27 307
19 850
7 914
17 839
11 466
15 240
23 713
17 488
24 957
23 647
19 910
4 231
16 384
17 356
0 869
12 226
9 585
25 964
28 436
26 268
23 928
15 429
22 739
5 248
12 299
12 352
4 945
14 378
14 382
3 499
13 997
9 879
25 917
28 717
20 528
29 511
24 324
3 252
21 327
29 393
24 560
17 285
21 917
25 876
29 847
4 206
0 804
19 905
26 438
10 642
11 546
28 578
29 284
13 535
7 445
12 394
1 340
21 527
25 687
0 782
10 812
2 393
11 278
25 821
10 721
19 410
23 926
7 797
8 867
21 1000
1 406
11 641
14 869
14 769
9 393
10 847
4 238
29 644
23 531
27 952
22 244
20 704
1 891
15 368
20 390
4 702
6 632
2 459
26 917
0 866
13 588
14 413
6 531
0 403
5 816
5 264
7 534
28 386
24 628
23 361
28 872
10 788
16 467
29 468
9 463
24 837
19 831
16 704
3 655
26 710
15 261
20 462
8 630
14 895
8 886
17 395
19 497
29 891
25 678
29 690
15 931
29 748
18 877
1 763
9 895
27 332
10 654
5 882
23 333
20 552
27 952
15 878
12 775
20 834
0 903
26 891
3 229
4 517
16 221
10 771
21 324
24 879
3 650
24 888
14 738
28 451
3 514
4 892
6 909
10 828
22 596
19 666
13 227
29 964
9 596
15 323
3 747
10 370
10 909
24 931
8 273
10 730
12 487
6 541
9 317
3 312
15 547
15 971
16 705
2 525
29 582
29 349
20 473
8 366
11 843
8 633
5 616
2 313
10 564
14 944
17 785
3 346
18 960
21 218
29 877
11 901
5 329
19 360
13 825
14 596
29 655
16 581
4 902
6 352
17 929
20 245
8 381
28 482
11 662
21 295
5 461
12 598
23 648
12 754
9 852
29 285
9 596
16 447
4 1000
21 609
2 300
13 555
9 674
12 966
13 560
16 665
0 523
10 666
26 524
4 558
0 823
23 494
16 933
12 536
7 229
8 826
19 768
10 358
26 334
7 348
0 648
20 259
6 601
22 958
18 762
6 517
11 571
16 360
21 399
20 367
10 491
29 336
27 708
13 802
11 680
19 605
13 366
8 580
8 269
15 390
0 234
10 352
24 636
15 655
25 993
24 525
21 347
24 491
25 847
6 755
0 455
21 582
15 920
26 346
29 458
12 653
9 211
12 907
20 598
29 255
0 621
0 271
11 943
29 405
5 723
14 833
24 228
5 503
3 760
12 971
18 518
20 944
11 265
4 372
8 806
0 982
5 392
29 474
19 826
8 263
28 478
29 569
16 938
15 763
26 444
4 242
28 759
27 340
5 264
13 243
27 641
23 890
24 516
24 248
12 483
12 278
5 760
28 686
15 942
13 864
3 427
21 502
24 208
1 809
1 325
4 563
27 250
1 372
19 971
2 592
27 924
8 650
18 374
1 300
0 568
23 771
7 644
13 831
22 506
15 899
27 322
24 577
18 900
2 713
23 558
20 353
7 701
12 958
25 248
12 285
1 441
7 347
25 951
15 468
14 373
1 860
6 385
17 336
20 398
11 528
24 992
20 1000
2 766
9 630
29 396
25 448
11 498
25 511
18 204
17 642
16 242
20 448
9 868
21 393
21 363
18 967
11 606
7 951
16 408
21 969
24 984
15 396
8 811
1 981
19 548
8 516
19 391
2 954
8 694
5 722
14 398
16 208
21 926
3 998
21 939
8 287
22 405
28 606
25 968
16 811
12 965
24 946
22 891
4 399
22 601
4 459
15 362
15 630
20 716
23 679
26 594
