1000
19 547
2 266
6 744
21 951
17 237
4 702
2 221
16 543
3 825
14 702
14 275
22 721
24 201
9 275
1 748
4 463
5 312
14 864
20 317
20 521
19 924
3 202
23 816
25 498
21 279
23 674
14 890
3 430
15 411
14 645
21 719
8 503
22 855
27 774
14 721
21 523
2 493
0 285
5 953
28 557
13 887
13 524
28 715
7 917
19 383
8 432
20 329
10 632
5 284
3 602
9 209
25 753
13 549
2 400
9 624
13 596
20 618
22 348
19 454
3 378
16 727
0 584
29 226
23 415
23 794
14 952
19 362
12 764
21 943
6 209
2 317
14 609
1 333
16 296
10 963
18 478
16 722
20 438
10 880
1 876
18 210
26 983
22 249
16 483
14 200
15 535
13 834
9 694
28 415
11 914
9 335
23 390
13 858
4 244
19 318
19 641
3 265
19 501
11 470
14 490
14 277
10 572
1 352
12 251
5 340
25 808
1 406
22 955
28 915
16 510
13 288
19 319
14 214
5 976
29 936
26 227
29 255
7 514
5 255
11 724
4 366
0 519
10 474
13 902
19 333
14 772
27 752
1 705
8 914
11 526
2 253
29 971
8 391
12 849
16 288
3 777
23 481
21 398
14 926
23 407
14 560
15 320
14 994
26 751
7 555
11 444
13 673
8 662
12 380
11 399
4 544
14 337
0 365
16 910
28 210
8 205
11 850
10 942
23 300
21 995
27 233
22 426
7 422
13 858
7 316
13 716
9 817
0 564
8 754
1 606
20 522
15 943
8 894
21 362
6 505
22 436
26 304
20 609
7 885
23 628
11 731
9 423
29 382
18 882
3 433
10 584
28 676
15 370
22 929
24 273
16 916
18 846
6 791
6 386
13 627
28 318
21 244
6 523
17 209
17 424
24 626
11 404
23 650
11 908
10 593
21 419
14 440
23 527
29 576
14 671
29 782
26 309
16 303
2 240
18 607
16 621
12 864
10 380
7 530
8 748
4 217
26 342
17 527
13 846
24 978
20 251
26 706
3 927
5 650
5 681
8 674
3 397
7 872
8 610
7 868
26 595
25 307
12 763
27 561
14 716
1 324
23 913
23 545
5 602
12 425
6 902
14 860
21 713
10 985
26 852
9 817
8 602
1 639
1 665
3 874
16 727
15 580
1 999
10 980
13 252
24 951
28 695
27 335
26 487
26 762
16 557
12 368
17 853
13 953
0 419
24 848
10 738
19 961
14 730
19 810
21 683
27 361
15 816
17 418
11 843
2 548
1 803
2 920
1 314
0 436
17 672
25 241
23 684
28 936
8 241
11 885
21 735
22 252
9 994
11 860
27 225
16 528
24 794
27 571
15 573
21 884
27 520
27 715
15 815
17 762
16 217
11 675
29 749
20 353
11 665
7 939
16 619
1 290
15 698
25 965
23 928
10 423
17 533
3 297
26 648
8 625
9 594
27 505
29 861
21 759
16 251
11 579
24 648
2 896
18 261
20 808
29 644
3 552
25 948
25 834
19 327
14 297
3 719
18 481
15 940
14 222
13 423
17 526
24 653
14 221
1 968
10 472
22 806
16 869
21 252
22 358
18 559
2 608
5 636
23 241
12 880
25 647
10 648
16 850
17 691
20 312
23 395
22 935
9 290
6 860
14 864
14 786
12 652
17 605
22 830
28 797
9 320
17 405
12 972
4 328
8 336
23 961
23 958
29 238
6 643
14 356
22 692
29 239
13 476
6 849
23 875
10 778
22 976
18 519
3 586
9 549
5 558
22 428
28 206
28 867
0 475
28 474
7 659
27 683
15 792
25 329
6 644
16 276
28 775
3 812
26 265
24 794
5 282
4 731
10 897
6 294
2 233
10 866
24 977
13 291
28 804
12 857
18 537
25 528
17 626
14 692
23 832
4 448
4 574
21 673
23 849
28 731
22 255
18 569
18 902
15 296
12 998
3 264
24 226
13 355
26 509
14 958
2 797
24 486
13 591
19 867
5 438
1 218
28 361
2 697
28 819
28 322
1 441
20 476
22 705
0 965
6 889
1 544
29 493
15 393
22 429
2 941
26 518
17 886
9 624
5 402
12 880
9 779
14 816
21 864
1 572
2 460
10 253
8 327
6 886
18 297
18 286
19 905
2 723
28 950
14 520
27 254
22 751
20 516
2 401
7 276
12 368
13 493
28 849
20 290
24 338
13 515
22 588
8 402
5 555
23 232
17 782
28 991
20 570
1 986
22 218
6 787
5 600
19 752
4 740
28 671
11 432
18 651
15 945
3 845
27 579
21 376
13 552
27 551
13 595
16 647
5 588
9 939
6 776
19 931
1 836
1 928
22 209
23 205
24 786
18 445
15 204
24 749
24 571
23 876
22 861
8 209
18 582
9 291
21 357
3 735
18 430
19 574
19 280
17 391
24 388
24 499
13 464
12 511
7 867
20 286
1 207
19 992
17 857
4 337
5 897
21 212
4 825
25 844
21 886
20 647
23 273
25 251
0 502
22 934
2 533
25 492
11 632
10 741
1 826
28 350
27 432
9 452
22 708
24 534
26 643
21 613
19 713
1 907
14 754
6 759
27 528
10 580
7 961
1 705
2 659
22 804
28 249
28 218
26 945
5 611
24 382
18 709
11 694
15 349
22 911
21 356
29 304
7 360
18 841
0 501
28 775
5 726
5 313
29 447
17 370
20 459
6 648
16 216
4 641
17 403
5 818
3 813
18 472
15 889
19 813
7 784
13 308
23 865
25 531
10 665
15 282
2 907
22 416
11 811
28 448
6 905
21 267
18 903
26 732
0 339
24 210
25 906
23 248
25 604
1 469
18 521
27 689
11 670
24 671
11 252
1 316
1 398
29 290
1 310
14 953
6 237
25 328
15 312
26 391
23 395
10 352
11 677
27 246
25 691
15 406
9 680
0 479
26 407
8 228
24 824
19 833
16 950
7 252
22 733
10 859
18 518
11 780
0 200
19 642
9 907
21 628
2 746
18 392
6 901
10 916
4 999
22 892
15 793
10 471
18 887
13 432
6 574
16 356
0 912
16 859
3 208
7 218
15 251
28 558
7 343
9 854
26 498
11 428
16 907
4 233
20 241
16 831
20 695
4 848
6 688
11 426
25 914
29 842
23 546
10 452
29 260
15 819
6 232
8 501
24 911
27 670
11 666
22 682
11 815
1 783
5 507
10 462
14 735
24 804
5 555
26 792
8 713
8 755
5 661
14 460
19 522
29 214
22 226
2 814
24 350
10 249
12 303
13 581
0 255
16 260
10 726
21 678
7 346
24 401
25 948
6 209
10 996
8 484
26 344
1 543
28 220
18 848
14 394
13 713
16 634
22 822
4 221
23 678
28 918
1 494
8 410
3 364
3 568
3 351
16 717
28 952
20 211
7 886
0 362
12 868
7 228
17 737
9 472
6 875
27 786
11 378
27 751
17 664
17 394
6 666
0 914
3 399
7 511
4 526
18 716
25 721
12 264
27 322
6 723
1 771
21 225
23 679
2 301
15 254
7 315
8 415
20 794
26 816
25 603
11 548
18 676
18 264
16 654
26 207
16 979
0 304
6 832
11 674
0 327
14 836
25 308
26 861
28 397
5 686
11 602
22 981
5 977
28 934
8 734
8 571
23 557
19 696
29 206
8 614
25 984
0 759
7 640
18 251
26 530
18 365
9 847
28 501
1 833
5 301
9 490
14 746
14 776
28 330
11 517
13 707
7 460
3 265
4 696
24 858
22 516
14 683
23 745
11 706
23 397
22 571
3 626
16 957
20 835
19 811
23 457
27 747
7 499
27 484
26 395
4 870
4 360
7 863
21 744
28 735
16 986
22 621
18 910
19 452
15 513
20 413
3 460
29 779
17 432
18 589
19 793
5 692
24 391
10 354
18 416
6 527
17 718
13 846
5 590
15 378
4 621
11 783
25 620
5 713
16 691
9 794
5 220
19 753
24 998
19 465
14 970
18 913
7 251
15 950
15 633
26 809
22 730
5 496
23 637
6 834
4 404
6 228
2 274
1 626
24 1000
17 351
9 463
11 748
4 408
16 952
0 666
8 632
18 516
11 822
26 825
13 728
8 778
27 750
22 718
2 341
16 498
9 1000
20 943
19 305
22 831
3 522
5 949
2 874
21 680
7 311
6 357
7 281
21 281
16 587
3 617
2 446
3 615
26 608
26 882
21 559
10 610
10 552
15 666
29 625
9 494
21 540
20 440
16 739
6 932
12 744
25 895
2 622
29 502
8 846
24 791
21 964
27 976
22 884
15 475
16 210
24 778
22 848
11 573
2 307
29 796
4 592
16 332
11 964
21 332
21 566
19 234
10 996
11 746
14 741
2 872
16 337
17 549
26 531
1 587
16 927
7 415
2 369
5 963
28 741
7 736
26 404
1 593
10 580
10 479
20 478
6 725
26 322
29 866
12 960
13 695
5 231
5 256
16 967
18 237
4 215
4 865
8 789
26 656
18 624
4 873
1 227
13 907
8 953
8 849
25 869
