1000
6 248
5 899
24 844
12 312
15 350
28 925
8 250
25 863
29 246
27 358
11 936
3 603
13 908
15 461
28 447
9 398
26 252
13 547
7 561
18 721
22 519
23 559
23 826
9 414
27 375
9 828
26 698
26 943
10 293
14 744
3 532
27 455
13 933
4 867
14 794
7 927
1 326
22 732
23 633
22 722
25 613
27 309
28 315
4 870
22 538
3 991
3 723
14 891
7 250
4 708
11 854
9 873
17 504
11 329
0 584
18 595
4 622
25 482
13 208
12 895
8 355
10 480
17 467
8 680
24 773
10 554
9 382
2 451
12 741
26 533
13 607
28 305
29 745
10 364
23 434
18 223
24 806
23 399
15 927
9 839
1 878
29 316
28 998
14 744
18 339
8 574
15 767
20 634
10 717
26 589
12 296
3 677
23 322
6 244
27 465
2 837
24 255
14 406
18 980
3 617
5 572
15 737
26 220
12 420
14 852
7 671
25 448
8 268
0 488
20 958
18 394
20 867
0 599
15 768
26 410
17 406
13 805
16 737
16 502
26 462
29 300
29 308
10 922
15 576
25 570
13 362
7 346
14 864
7 252
8 999
9 217
29 232
28 695
22 463
28 978
4 899
22 838
26 277
20 992
2 963
17 885
26 632
27 571
10 209
28 782
11 669
27 449
12 502
15 986
29 258
5 692
15 241
1 873
2 696
16 926
22 426
12 883
8 817
1 971
29 454
29 547
25 277
16 287
13 983
1 902
17 382
23 416
26 509
19 419
9 816
16 261
15 851
23 548
8 679
0 771
6 650
7 578
4 305
20 500
23 567
19 251
6 341
28 562
8 923
8 311
27 206
7 669
11 906
11 867
25 218
9 750
23 283
26 965
10 512
26 752
15 252
13 299
24 777
16 753
4 303
7 347
3 876
11 963
4 234
6 920
9 378
18 705
5 465
29 440
11 588
9 740
26 850
20 343
10 583
14 295
26 293
18 484
17 334
7 320
22 623
26 611
29 723
5 220
21 800
12 200
3 712
3 387
18 377
22 975
1 289
7 358
21 290
5 431
6 400
8 901
17 519
5 788
22 511
15 330
12 208
5 613
14 773
17 278
9 766
15 652
9 889
20 325
22 346
5 470
4 944
10 408
11 406
20 885
28 616
16 295
12 639
1 507
28 266
27 765
27 979
27 861
22 588
6 858
0 737
8 760
3 959
14 847
13 920
21 483
9 905
18 784
8 256
27 276
1 925
25 750
25 256
17 318
16 255
10 241
20 681
6 205
14 580
28 622
19 300
27 955
14 978
17 948
22 935
23 554
17 266
20 327
29 558
4 282
20 237
28 984
4 270
2 382
26 522
24 982
9 336
4 406
2 254
14 615
28 530
19 981
17 329
24 959
13 221
16 515
10 753
18 575
17 652
27 806
2 937
8 570
1 434
2 730
13 200
11 835
3 974
14 749
14 999
13 292
19 990
8 779
14 753
17 282
6 595
6 389
26 943
22 867
18 725
17 566
13 602
16 819
29 715
10 619
2 694
21 681
25 898
27 451
9 257
8 491
23 556
2 548
2 385
9 350
4 268
22 300
27 571
26 235
23 704
9 968
29 481
26 408
27 967
26 828
11 737
10 966
26 316
13 356
25 871
13 539
15 882
11 277
14 950
15 965
27 223
23 578
18 731
19 461
8 255
7 638
14 323
0 394
15 512
1 654
17 446
11 337
13 447
16 803
17 407
4 870
10 376
17 538
25 327
14 724
10 598
3 500
24 538
14 974
19 857
23 336
6 608
19 280
17 777
24 923
14 825
12 609
21 441
13 603
17 211
19 885
13 234
27 553
9 695
25 901
14 901
28 510
29 723
7 1000
23 470
3 729
6 762
18 515
7 561
13 910
20 500
28 575
1 282
24 534
7 823
2 762
25 871
2 543
14 593
12 733
10 821
14 662
3 859
10 247
8 826
18 661
10 336
18 299
5 849
6 360
25 972
15 408
3 325
12 553
23 475
7 819
23 893
20 569
24 318
2 904
8 243
2 336
9 636
1 952
20 935
14 495
28 973
3 447
22 974
26 950
15 851
14 206
22 572
12 270
29 581
12 375
8 968
2 417
8 676
10 569
26 695
28 887
26 510
7 233
18 212
0 922
8 221
4 265
25 810
1 227
16 695
1 354
9 310
7 492
7 842
27 277
16 406
25 493
8 780
23 707
26 614
1 899
15 449
29 816
17 860
10 207
12 881
28 888
18 826
0 825
28 920
29 362
2 963
25 983
20 613
11 966
17 754
25 421
0 879
0 885
4 217
17 246
8 860
3 712
25 290
2 755
12 426
19 980
14 202
11 216
10 392
11 902
6 668
19 444
18 949
17 635
8 695
13 857
29 706
29 441
25 909
13 263
7 612
16 829
11 626
12 865
28 706
13 645
29 322
19 588
4 386
6 221
18 931
22 259
20 577
18 838
11 922
11 842
22 354
9 963
6 317
5 738
6 597
12 947
18 884
10 882
16 358
4 819
29 682
23 678
13 257
14 615
23 803
6 602
9 391
24 865
24 703
5 996
13 509
3 633
17 555
27 709
13 906
19 595
27 912
14 332
4 448
24 659
21 419
2 836
29 364
0 430
4 918
29 208
28 608
0 477
11 856
10 675
23 600
22 963
12 607
11 417
8 524
3 971
0 267
1 791
17 495
8 310
22 644
16 284
22 896
23 571
25 740
5 848
15 377
27 341
12 887
14 679
17 924
9 912
27 866
4 584
19 432
24 535
29 242
25 611
19 613
9 284
0 794
16 705
14 465
9 706
18 341
23 466
0 451
10 536
5 819
9 305
14 880
0 663
13 648
16 499
2 820
0 526
13 610
13 270
18 873
10 297
25 685
17 239
12 256
19 862
21 397
28 740
16 445
25 471
21 442
27 509
11 783
17 301
3 654
27 570
20 887
22 871
19 911
2 880
24 476
14 520
19 646
10 865
15 542
14 716
0 342
28 637
7 375
27 843
8 558
21 589
29 607
10 522
18 208
4 408
13 241
19 623
9 565
28 471
14 295
19 557
20 462
25 472
26 802
28 875
21 342
5 613
10 440
1 730
29 878
18 961
16 925
18 667
8 952
3 404
12 483
10 383
18 733
11 499
9 598
23 844
6 241
10 750
19 742
1 482
26 364
11 956
21 955
20 609
16 713
24 217
4 487
15 949
10 660
24 363
8 911
24 950
8 446
2 505
11 515
5 787
28 504
28 746
2 284
25 915
10 967
25 374
7 568
29 927
13 331
17 702
7 519
8 310
11 354
25 386
19 773
12 399
7 255
4 849
18 946
16 287
5 270
18 858
20 384
19 677
26 223
2 685
1 936
22 349
6 994
18 228
26 654
9 937
11 622
2 541
27 906
12 788
20 563
12 828
10 588
5 859
0 487
16 372
22 298
19 283
24 481
1 774
19 1000
7 348
15 255
7 535
4 337
19 600
18 387
20 819
26 342
5 940
17 724
6 271
20 556
13 693
12 318
18 452
15 375
9 729
3 690
8 630
9 886
1 434
21 295
17 242
6 857
18 616
0 573
26 860
9 705
0 866
2 849
8 964
13 225
0 285
21 259
13 553
24 358
15 606
4 733
28 500
7 772
14 883
19 809
23 645
20 204
6 965
17 239
1 225
29 713
20 806
3 430
22 491
14 427
1 973
5 207
14 927
11 267
12 257
12 326
0 868
21 520
8 541
25 553
26 500
25 561
7 722
20 242
19 523
5 629
27 321
16 651
27 929
16 294
17 714
23 621
2 714
16 637
12 357
15 541
1 557
21 236
12 934
21 242
24 241
24 634
12 959
6 516
24 543
21 878
0 241
9 765
10 600
29 344
6 355
10 462
22 307
21 585
26 905
29 227
14 256
1 201
25 304
23 480
28 297
20 530
12 542
27 739
18 571
29 866
2 291
21 502
15 640
23 206
1 436
1 755
25 971
10 480
14 334
25 367
25 521
19 959
27 853
29 663
22 685
11 203
0 418
22 976
19 938
0 575
1 905
10 757
9 522
7 458
17 768
22 336
9 714
10 772
27 428
11 511
26 652
10 774
15 857
7 452
19 676
0 630
6 235
19 441
19 285
20 868
10 556
24 348
22 717
5 586
2 518
17 325
13 738
20 799
29 333
8 838
24 721
7 419
17 203
7 672
14 229
4 564
16 916
20 718
10 959
4 266
18 487
7 954
7 677
19 957
22 385
8 625
14 791
25 331
22 352
10 767
21 573
25 280
20 859
2 700
14 739
24 405
23 287
21 692
17 570
16 428
8 806
18 641
26 364
4 587
7 274
20 650
21 561
7 676
2 725
27 634
20 460
23 919
11 982
26 392
13 350
1 963
6 210
25 248
8 233
26 782
1 654
10 785
26 212
1 357
20 529
2 233
4 387
3 509
19 418
16 606
10 415
11 597
28 551
7 722
25 558
27 861
25 230
29 808
17 850
28 557
28 695
4 252
1 979
8 771
20 488
27 876
25 489
26 601
8 370
22 439
