1000
28 385
8 498
28 685
7 541
1 273
8 448
17 886
8 820
7 908
7 796
24 740
16 428
7 925
5 988
24 509
21 501
20 710
7 881
21 860
15 493
27 691
8 413
27 425
3 672
20 944
28 291
5 247
28 228
9 979
13 216
18 802
0 345
12 769
22 992
25 680
11 809
7 818
13 428
17 724
0 601
12 517
7 456
8 978
10 455
16 205
19 270
24 937
3 626
21 553
2 583
27 356
20 562
27 343
16 344
29 782
2 950
4 692
2 500
29 886
0 567
18 277
26 239
15 266
19 919
8 641
21 684
25 963
18 934
5 823
26 592
15 445
25 575
8 997
2 411
22 955
13 927
19 377
26 791
13 504
8 303
27 323
10 427
11 650
4 742
1 960
11 872
5 617
26 686
6 716
29 313
27 202
29 741
29 983
21 673
14 354
1 356
22 392
25 826
7 310
24 578
20 736
3 554
25 390
10 249
16 687
17 930
12 460
5 633
18 406
20 621
29 608
27 989
9 517
3 241
9 1000
0 369
13 353
25 207
5 881
26 634
3 797
9 974
3 406
23 451
3 759
22 627
12 361
6 826
6 835
4 984
21 926
0 825
4 384
26 760
29 308
13 992
10 984
11 395
27 528
0 398
27 595
5 522
16 591
19 552
18 262
11 719
24 697
17 649
0 888
7 559
18 358
13 673
22 669
7 873
19 509
28 656
27 903
17 496
12 281
8 672
7 769
24 847
11 950
21 346
2 904
29 456
0 654
1 504
0 739
2 838
15 459
19 831
28 722
15 338
16 674
16 483
25 981
4 502
7 473
5 448
27 670
12 727
5 558
16 682
16 964
25 760
12 664
27 948
19 399
7 709
7 279
20 425
16 916
24 209
22 521
12 216
5 595
25 676
4 455
12 636
24 641
24 616
17 267
12 732
16 403
10 595
11 291
29 328
9 825
13 841
18 643
26 730
9 731
19 790
17 601
4 666
23 208
11 812
18 739
17 980
13 701
10 302
5 762
25 330
10 663
1 574
11 418
22 758
14 466
25 227
13 965
28 907
26 711
12 228
26 918
22 419
25 562
4 207
0 340
25 794
9 205
9 713
22 571
21 929
0 468
26 207
18 254
7 418
3 322
13 366
5 628
15 603
0 926
4 751
27 500
29 906
16 340
11 604
16 641
18 252
29 370
15 630
8 316
12 558
21 640
2 552
18 372
3 731
27 908
6 711
28 660
19 743
3 668
22 523
26 448
15 614
13 718
6 955
14 496
9 296
17 373
14 683
6 206
16 978
16 694
12 890
8 848
24 828
6 725
24 611
4 571
9 322
17 243
13 332
13 571
29 667
13 586
9 502
9 763
3 307
2 459
5 500
9 361
6 969
6 651
12 453
3 474
4 569
4 979
21 731
23 776
2 566
9 737
21 909
14 683
24 665
17 761
23 276
26 219
0 953
24 319
6 528
20 650
17 846
9 584
29 229
4 670
14 983
27 735
21 299
15 764
0 913
24 216
2 503
3 291
16 645
16 742
1 887
15 991
25 331
2 893
10 834
15 742
20 386
11 679
2 515
20 373
22 949
9 830
14 494
21 391
21 905
20 834
27 426
27 538
6 723
17 998
28 244
6 323
17 268
28 577
10 440
8 518
16 603
26 819
9 932
8 554
19 310
16 772
28 465
9 383
4 866
12 529
26 426
2 630
22 806
8 369
15 608
2 532
11 710
8 592
27 752
16 575
29 215
13 945
22 708
20 524
13 437
6 499
17 313
5 393
15 876
20 599
2 631
14 874
3 538
21 791
14 534
27 360
7 896
27 315
29 946
23 453
10 583
4 239
18 448
8 298
19 931
16 866
9 435
14 980
2 416
23 423
25 487
9 231
5 630
0 724
22 367
1 452
29 336
15 526
2 389
11 264
24 861
4 523
20 405
11 829
25 209
5 363
11 521
29 417
21 329
4 611
24 511
5 694
17 355
12 469
4 488
25 825
25 755
5 363
5 864
15 510
20 584
26 375
26 975
22 758
21 447
9 409
0 741
15 730
29 298
9 714
12 267
10 239
15 269
6 676
18 223
16 715
6 882
10 506
23 745
0 226
21 910
16 767
11 221
15 437
28 985
11 600
0 609
9 635
6 433
26 386
22 942
8 801
10 778
0 960
5 751
23 311
23 462
10 857
5 629
9 894
24 441
2 493
24 827
13 846
14 957
6 422
5 422
9 297
16 604
12 887
11 981
12 326
15 429
15 432
6 716
15 841
16 349
23 610
22 991
7 649
16 566
15 942
1 230
22 809
4 221
4 293
29 680
8 889
17 394
10 346
17 245
3 866
18 524
22 594
23 548
15 913
13 838
21 398
13 737
27 772
11 879
1 756
0 304
13 678
22 707
25 855
21 328
26 414
16 981
14 572
17 783
6 264
1 971
13 940
3 657
20 378
16 713
2 688
19 436
4 902
1 640
20 457
22 640
5 968
17 603
20 775
6 287
26 951
2 690
7 299
5 601
15 931
14 792
1 719
9 737
18 300
3 545
27 940
24 602
2 986
27 344
26 643
16 278
16 692
10 1000
3 640
3 553
0 480
16 971
12 392
18 610
13 560
22 333
14 540
19 255
5 789
24 785
29 433
22 284
22 622
15 816
1 344
25 988
6 276
22 513
0 402
23 348
21 455
15 860
8 497
12 635
4 320
12 952
4 982
2 232
2 452
24 301
3 559
29 904
8 472
5 816
24 303
4 670
27 667
29 647
5 536
7 759
23 698
11 869
12 673
7 906
27 293
25 982
20 470
7 804
15 769
13 856
24 417
22 731
24 213
21 345
20 408
21 468
16 738
6 587
3 484
4 979
6 471
11 512
24 233
0 835
23 850
6 511
10 524
11 318
19 288
20 628
3 460
3 335
3 936
24 493
7 795
14 814
5 958
11 736
10 943
14 759
5 572
26 643
26 316
15 313
20 656
29 821
4 212
18 706
6 530
21 592
11 287
19 321
27 924
12 805
0 741
27 596
20 916
5 569
21 438
7 209
23 968
18 275
2 827
14 743
12 721
17 722
10 229
9 677
11 894
7 498
22 845
27 849
24 922
5 707
2 263
25 628
14 233
17 278
0 416
3 673
11 481
21 601
8 855
24 467
15 565
6 928
5 478
12 256
14 824
23 775
23 335
0 672
28 614
22 338
21 431
14 885
20 559
6 770
4 469
13 617
21 417
14 752
22 878
3 840
9 235
5 434
6 974
3 600
21 550
6 539
2 365
13 699
1 435
0 495
0 619
17 570
21 934
2 892
18 390
23 370
18 476
28 806
15 539
20 841
14 931
2 260
24 971
12 463
6 763
11 429
11 320
14 890
6 667
18 867
24 990
5 701
8 543
2 355
22 802
21 785
22 413
11 971
19 748
7 967
9 835
3 364
13 318
14 815
24 484
10 782
16 946
19 501
17 328
22 900
5 271
22 893
16 220
11 738
10 308
1 727
6 645
24 884
6 386
17 210
8 952
7 208
9 708
24 786
11 914
3 469
18 408
22 918
29 821
12 628
20 611
23 400
21 473
29 911
18 848
23 694
14 754
20 404
24 204
25 236
23 822
8 963
1 296
24 203
22 240
15 203
11 404
2 685
21 907
25 339
1 972
29 209
0 637
22 970
14 987
3 287
21 321
21 434
11 776
3 907
27 423
28 408
7 956
5 520
15 975
12 667
20 852
6 788
18 457
26 509
7 524
7 756
1 301
7 777
18 509
11 826
8 985
21 769
27 926
4 738
14 564
14 785
26 259
6 602
25 845
19 405
0 435
1 355
9 767
4 325
23 383
25 860
23 611
6 818
11 243
3 670
11 489
13 792
14 712
22 831
12 955
25 438
22 947
25 784
22 956
16 769
11 899
27 607
11 378
20 878
16 645
28 911
3 491
1 529
2 599
16 727
27 554
19 949
6 323
13 754
21 280
12 218
4 364
8 553
20 643
16 229
7 436
24 980
22 313
15 616
11 887
6 779
14 688
19 206
27 967
5 708
28 449
28 286
27 632
2 260
19 998
5 384
25 578
13 298
28 556
17 595
2 277
25 785
28 404
25 586
7 581
12 450
18 949
12 437
0 602
21 920
29 535
26 666
12 976
19 276
2 537
19 531
1 672
19 424
10 456
26 659
20 219
6 446
18 657
2 664
19 799
24 413
9 980
23 658
2 452
7 689
26 548
7 853
25 708
0 631
23 449
24 291
23 863
15 583
13 450
19 791
8 244
13 883
5 308
0 938
17 643
28 607
9 595
19 731
6 817
22 670
17 794
12 698
20 537
5 283
11 335
18 409
19 903
20 979
21 965
21 715
5 491
4 465
13 869
5 424
21 650
26 206
20 232
16 508
19 978
29 372
1 272
21 987
27 465
16 285
27 739
26 897
16 968
5 897
11 253
10 718
20 249
25 201
25 697
9 207
27 408
13 592
5 236
24 852
10 746
6 589
15 749
29 801
6 855
4 682
1 739
15 511
21 381
1 950
23 456
18 958
