1000
23 826
13 340
5 346
13 285
10 858
10 966
17 803
15 614
2 538
14 540
15 372
18 741
8 832
2 388
19 760
19 411
28 736
19 360
26 476
8 955
29 354
0 997
10 591
9 246
8 216
26 727
15 408
11 725
21 763
6 698
11 589
8 470
11 500
9 874
13 222
11 716
25 907
28 365
29 806
16 598
25 766
17 893
25 510
6 650
1 583
26 356
2 820
20 492
7 967
12 454
26 215
18 379
19 909
15 544
17 694
20 393
12 370
6 529
23 873
3 489
28 902
26 407
6 595
29 803
16 207
27 311
4 891
25 433
1 416
9 653
23 738
6 797
6 249
21 653
11 733
24 285
3 491
26 963
23 205
5 453
11 370
22 922
11 420
5 560
22 853
15 518
21 655
22 701
12 481
3 532
25 692
8 569
0 470
29 252
4 565
19 896
25 693
26 280
9 768
12 569
5 743
0 333
29 343
23 955
4 497
11 522
3 342
28 943
3 632
11 688
21 369
0 466
22 760
1 203
26 933
13 699
10 358
10 274
16 262
13 759
0 957
7 680
25 315
24 396
18 604
19 591
11 358
7 403
26 673
4 710
11 947
23 226
20 370
0 943
3 603
0 570
29 700
27 454
9 216
3 474
9 833
28 978
13 575
10 391
12 351
22 904
29 269
13 704
5 307
17 235
28 463
15 861
28 401
16 609
1 264
10 358
21 312
17 378
15 646
24 611
11 348
28 532
5 687
20 699
14 367
4 512
20 404
19 366
14 405
15 248
26 921
4 537
13 441
14 656
25 997
4 343
17 948
24 817
12 398
2 942
24 939
5 531
21 206
6 503
5 778
13 292
21 304
0 960
4 882
27 355
21 699
13 441
14 453
19 230
26 564
20 809
15 257
20 370
22 320
8 364
17 249
23 217
24 348
18 965
8 269
15 725
18 315
3 485
22 930
26 682
7 429
17 553
21 598
2 461
13 585
15 852
29 716
20 835
19 269
25 684
8 342
16 558
14 546
3 497
24 344
18 592
29 340
5 532
10 986
7 474
17 423
5 468
19 857
0 395
5 807
13 818
5 718
24 712
4 358
2 788
25 326
16 280
1 298
21 486
19 505
21 472
5 350
25 889
16 418
8 372
0 599
8 304
16 976
7 610
4 836
12 666
19 404
23 275
6 284
5 338
15 854
10 531
8 238
5 269
12 737
14 240
1 879
1 932
11 548
13 840
4 443
5 585
11 823
18 324
3 850
2 827
14 763
25 457
2 869
22 767
3 495
20 631
16 750
29 740
24 709
10 693
3 812
14 693
23 697
17 798
12 919
1 401
9 559
6 504
13 706
11 798
4 411
7 628
12 264
21 251
23 916
23 974
26 309
24 905
11 938
13 381
2 506
18 919
16 270
6 921
8 759
24 323
16 913
21 395
14 746
1 463
28 411
0 251
9 611
18 925
28 282
1 795
23 581
9 784
20 392
22 681
6 805
11 232
22 752
1 350
25 397
2 353
12 731
10 328
16 920
29 352
14 588
3 698
22 621
3 578
28 880
18 294
28 574
25 755
2 491
8 216
4 932
23 365
2 446
15 323
18 748
18 217
5 650
18 500
24 232
24 478
9 465
23 839
17 627
22 394
8 764
5 782
13 962
20 698
22 953
15 379
5 508
23 557
19 905
12 627
8 420
20 227
11 405
28 857
27 775
5 808
4 903
19 259
21 718
7 281
22 915
24 742
0 965
26 497
4 869
7 450
16 637
25 859
21 254
28 601
19 991
18 220
17 299
26 438
2 705
25 786
19 406
24 570
13 474
7 521
25 643
24 866
21 341
12 411
21 989
13 964
8 346
12 484
8 346
0 567
0 687
28 494
6 756
12 292
2 755
13 726
26 363
6 283
15 632
4 650
24 207
19 599
19 843
13 567
2 341
26 877
19 731
6 412
3 288
26 733
18 402
22 607
18 971
9 298
9 781
26 277
29 711
21 897
24 727
24 223
13 222
1 698
18 532
29 590
28 438
28 824
24 803
14 659
14 206
3 386
4 586
1 289
21 306
26 862
17 271
4 918
16 762
6 574
3 382
22 769
8 763
22 877
11 380
23 853
26 596
14 229
15 437
25 485
20 621
22 571
13 896
18 727
27 643
15 918
2 489
21 558
1 501
9 215
28 418
18 843
8 744
5 852
7 275
7 979
3 265
3 519
12 326
13 353
4 481
7 432
18 489
6 971
0 225
5 221
4 603
22 478
29 431
1 754
17 425
1 935
18 433
24 794
8 468
19 780
8 895
8 915
26 589
8 915
16 729
19 955
20 375
28 809
0 890
28 576
6 949
16 530
15 783
16 330
10 888
12 576
0 719
18 482
17 295
18 612
13 367
28 727
16 834
3 521
12 945
12 219
2 401
21 588
29 274
25 832
17 878
25 344
2 251
17 832
0 899
14 789
12 647
12 379
11 627
4 745
13 939
19 345
12 892
15 821
11 760
19 557
21 536
24 424
4 871
17 366
13 721
24 651
25 486
2 431
4 900
18 917
24 677
24 400
12 938
11 510
10 987
15 613
6 700
29 842
18 682
22 302
10 626
29 829
18 983
16 489
0 400
8 578
26 437
4 327
12 255
22 369
6 271
4 567
4 479
28 981
25 695
2 873
23 973
9 702
24 530
11 241
24 238
29 989
15 732
19 641
17 909
24 856
28 209
23 338
17 982
20 994
24 561
15 870
11 543
28 865
10 612
6 538
5 316
22 778
6 294
7 201
19 379
3 853
8 654
22 295
18 447
15 613
24 320
24 527
6 464
18 733
25 983
27 485
14 557
15 829
21 947
11 698
1 479
28 266
10 257
16 657
17 686
21 214
13 539
1 466
8 510
22 859
25 553
12 450
25 512
9 786
29 345
2 845
26 705
15 490
1 462
21 903
0 331
10 295
17 856
6 892
28 214
12 391
25 914
0 778
26 437
24 494
9 973
25 982
13 849
12 990
23 308
24 460
9 447
7 986
15 655
24 576
14 291
13 422
2 778
17 946
27 892
2 517
25 606
2 557
25 507
16 305
1 614
8 580
10 465
19 865
8 984
14 780
2 262
13 358
12 891
15 726
7 407
0 873
2 321
5 747
29 319
27 743
19 875
26 391
1 278
5 683
2 687
8 771
8 893
18 852
22 316
24 809
8 471
11 461
29 696
27 677
15 408
8 716
16 238
19 735
21 351
26 200
20 663
16 652
12 821
29 259
28 415
21 362
4 461
1 459
8 587
22 825
12 306
8 380
24 762
4 296
10 366
4 613
8 905
27 525
10 469
27 670
4 765
21 944
12 804
9 326
13 773
25 643
10 204
18 345
28 884
1 851
5 431
18 404
10 494
11 952
22 753
22 539
20 479
29 382
21 720
16 851
24 643
12 265
3 457
4 581
5 217
15 755
29 304
5 641
7 841
8 734
27 724
18 438
22 946
27 910
25 849
3 855
2 916
23 387
3 652
24 410
29 522
29 589
26 386
11 694
13 243
27 606
24 207
15 834
26 581
11 474
10 757
21 525
18 531
1 639
16 385
4 524
3 249
15 545
5 742
20 752
24 858
25 264
27 224
18 783
10 286
23 444
0 824
3 975
1 428
6 806
6 916
6 707
28 724
18 681
6 522
17 599
17 315
23 746
9 657
25 728
8 600
25 974
22 356
20 545
3 604
6 775
29 248
10 940
15 734
29 769
16 723
27 266
27 709
22 944
2 531
8 339
26 229
3 678
29 423
6 635
23 918
23 319
2 910
19 540
18 326
28 830
10 214
19 255
8 215
23 329
11 807
21 666
0 241
8 293
15 467
13 207
0 949
8 777
28 390
13 706
12 931
23 772
2 271
18 316
8 836
25 229
11 937
4 365
6 360
10 759
12 505
11 444
7 812
11 524
6 400
26 384
10 350
10 717
29 833
0 742
14 228
9 456
12 907
11 975
7 876
18 983
28 230
22 519
12 527
9 725
20 644
8 335
2 845
3 363
29 564
8 326
11 960
17 469
0 279
29 534
23 713
10 267
26 749
24 645
6 972
15 791
11 226
16 331
3 570
4 332
17 858
9 733
24 318
27 909
5 904
1 491
4 225
24 231
24 550
19 945
23 953
29 353
11 783
14 492
6 926
10 389
10 553
29 724
23 212
25 773
7 765
8 245
6 622
0 767
22 376
25 909
29 975
20 630
12 369
0 722
23 478
7 866
26 346
10 975
29 254
14 520
14 665
22 362
21 739
20 606
25 253
23 631
18 583
19 702
28 911
20 674
15 840
29 765
16 264
3 990
15 646
7 962
1 941
7 905
4 902
8 446
21 244
13 541
18 218
18 417
26 441
8 765
12 811
3 974
28 796
19 580
24 967
22 624
4 693
10 858
10 657
12 492
18 458
17 239
29 316
10 426
20 857
7 366
7 597
22 444
17 872
2 571
9 507
24 293
13 736
21 424
18 665
25 603
11 328
19 929
10 398
16 234
0 903
4 857
28 819
22 799
0 406
11 781
