1000
1 695
24 887
6 414
12 354
21 616
24 602
10 885
29 817
27 302
18 963
19 464
13 928
7 322
8 265
15 570
4 217
16 842
18 795
28 803
17 510
7 757
19 275
10 922
12 704
5 827
1 889
17 521
20 850
8 863
7 292
26 262
21 583
12 443
8 716
28 495
6 457
24 928
24 936
15 457
19 913
8 274
12 989
0 810
11 892
1 581
27 942
20 312
4 273
17 774
2 496
6 446
26 846
9 986
2 593
24 629
16 756
19 869
27 574
16 601
22 712
20 972
4 893
17 292
26 752
7 522
14 887
11 490
4 854
19 302
13 658
13 611
6 666
3 628
0 885
23 313
10 908
2 248
10 236
27 273
14 617
23 544
19 619
13 532
15 587
19 724
11 500
0 856
11 624
25 247
8 211
16 212
12 995
1 982
13 358
25 709
3 537
0 285
6 671
13 582
24 795
25 905
23 862
6 566
19 745
1 967
1 220
14 356
7 860
28 962
8 860
23 552
10 758
17 882
0 325
24 280
15 245
17 835
29 419
26 504
5 689
16 379
10 324
15 239
23 461
8 709
15 298
22 665
18 838
15 591
12 963
6 342
8 380
7 855
2 252
11 370
23 697
27 990
0 334
12 362
0 332
18 294
15 600
20 520
8 449
12 344
11 825
3 460
22 458
2 591
18 895
14 318
15 656
16 662
2 402
7 792
1 368
22 828
26 840
3 602
15 569
11 723
26 781
13 745
10 571
16 713
19 782
24 950
23 569
14 811
3 834
1 223
9 864
24 532
1 751
17 795
6 372
29 801
13 355
15 979
26 578
25 376
24 848
10 426
3 680
15 632
17 590
16 840
9 538
8 621
21 427
15 224
4 335
4 579
7 452
15 881
18 938
28 991
12 333
25 911
10 874
24 833
24 227
5 990
20 397
11 760
2 205
9 603
6 474
28 581
10 977
2 921
6 563
17 833
0 229
21 338
18 606
0 775
14 603
5 996
1 201
23 435
9 288
29 248
9 959
18 372
24 412
2 574
14 450
9 924
26 863
20 206
4 750
10 448
1 408
0 953
1 556
10 409
25 814
6 837
20 313
15 547
10 370
5 928
22 311
22 588
27 794
2 929
27 622
29 329
18 627
16 812
5 608
6 302
6 985
20 922
22 833
22 273
12 500
7 523
7 889
25 537
24 840
4 205
2 869
5 299
20 501
10 222
7 323
6 844
26 999
9 280
8 904
18 690
9 1000
23 519
11 248
3 714
18 681
8 455
13 357
12 253
26 622
2 235
20 556
18 979
26 778
7 524
10 291
9 479
15 384
24 718
28 478
15 804
7 915
17 920
5 896
23 899
2 965
13 893
28 720
1 605
28 244
17 273
22 299
4 893
27 268
21 340
16 783
1 912
2 511
7 621
1 693
28 821
22 209
27 798
21 385
29 647
0 805
14 210
28 836
0 444
29 934
12 960
9 598
15 454
28 567
23 924
26 312
24 465
11 313
26 277
19 364
20 347
29 384
20 366
7 425
14 899
1 740
4 608
19 853
27 224
13 956
15 372
4 300
22 400
28 565
1 228
10 374
16 386
22 794
12 679
21 930
28 252
20 283
29 366
9 775
5 541
11 211
25 474
27 555
14 576
28 223
25 816
0 916
21 749
13 640
24 382
27 759
1 425
16 359
12 374
13 523
23 923
5 310
21 617
14 312
26 839
28 553
5 853
23 633
9 828
5 865
25 537
22 978
7 824
28 287
9 940
27 720
20 847
5 962
19 996
2 926
13 893
9 941
24 956
17 727
10 905
11 988
20 445
16 561
20 419
19 327
4 404
18 940
10 609
1 986
0 352
9 973
20 623
9 831
25 617
7 217
3 341
2 497
15 631
10 425
23 346
26 207
7 635
9 962
21 660
24 239
21 456
1 824
3 675
22 564
25 975
10 239
6 717
0 804
23 633
17 969
24 687
4 423
24 643
7 774
16 985
3 708
28 335
1 613
12 247
3 387
17 650
19 650
26 232
20 667
28 431
29 406
7 576
0 824
9 980
8 551
25 272
11 641
14 894
27 745
7 894
14 418
24 755
9 650
5 225
29 825
4 690
21 254
22 792
6 768
5 603
17 845
13 738
3 902
18 337
9 783
25 910
9 430
22 237
11 571
29 698
28 493
7 640
26 554
28 488
18 263
12 248
27 348
10 203
13 549
25 950
26 439
6 330
8 524
23 378
13 313
21 626
29 737
16 457
3 501
13 665
3 949
17 280
20 370
12 949
16 661
7 808
13 459
9 590
21 441
16 790
0 885
11 370
10 413
12 511
11 646
24 290
29 755
6 523
20 901
14 945
25 347
13 659
8 216
14 218
23 376
11 921
21 726
16 828
28 968
5 461
14 475
5 784
2 729
3 541
25 317
7 668
25 262
10 833
5 303
22 460
12 393
10 714
9 620
2 681
10 400
13 944
29 859
10 272
1 526
14 316
27 968
26 615
12 617
0 982
28 437
25 806
20 900
17 383
22 242
26 983
18 589
28 683
9 961
10 833
3 569
20 825
9 295
18 537
25 803
19 599
18 991
28 369
11 985
11 258
9 282
13 423
28 350
2 506
16 208
10 552
1 507
3 347
13 214
27 545
17 979
20 770
16 792
15 582
2 770
6 942
12 670
13 398
14 900
3 441
25 672
12 565
6 389
25 219
17 317
6 330
19 275
16 208
16 571
2 361
22 815
29 398
6 341
4 300
25 489
18 504
0 498
13 985
16 233
25 370
21 805
26 324
26 577
12 756
19 344
24 202
18 488
24 1000
14 535
0 965
8 311
3 542
28 888
29 414
6 210
11 310
26 756
25 837
19 613
24 235
11 870
17 886
14 446
26 620
5 547
15 922
17 479
20 390
26 495
2 567
9 238
7 883
23 655
29 732
2 841
15 936
3 402
4 821
22 291
9 570
10 407
9 759
14 264
17 524
9 964
9 420
3 416
22 460
7 406
4 690
2 938
16 421
16 737
18 291
9 208
8 858
20 809
28 881
12 994
21 729
11 819
22 589
16 998
21 270
19 977
26 268
28 243
21 978
22 232
18 764
22 863
6 712
8 981
13 303
27 396
11 547
3 395
29 963
22 529
28 605
20 550
22 459
13 936
7 432
23 377
18 657
9 368
14 250
0 507
19 519
9 997
21 765
23 269
0 830
0 736
7 936
15 965
11 848
20 204
22 484
8 740
16 771
4 973
12 646
14 534
13 829
3 905
28 329
2 561
1 559
23 588
28 423
6 237
4 470
18 202
11 446
20 958
2 966
25 486
19 524
22 319
15 439
0 685
11 211
4 936
23 277
13 288
29 321
25 862
25 834
29 973
27 361
25 673
8 348
24 335
8 523
8 784
27 627
9 394
15 809
22 438
26 871
10 577
17 228
18 593
15 550
25 458
2 543
18 561
6 674
20 358
21 244
24 787
28 814
19 916
4 831
3 414
6 969
19 622
16 523
2 580
3 669
7 900
17 797
28 725
2 741
23 417
25 445
27 356
1 788
21 207
24 307
12 497
15 541
29 272
28 597
0 663
7 494
28 556
29 483
9 270
16 605
4 657
28 547
21 400
4 335
15 241
18 541
25 832
7 347
12 957
11 1000
20 463
23 399
26 906
0 960
22 615
10 540
29 890
9 312
9 921
28 803
19 707
3 680
16 265
11 324
28 342
8 557
20 650
8 489
8 703
6 595
15 940
24 733
16 704
22 842
26 274
22 698
16 803
2 805
0 960
26 544
4 355
11 633
29 999
15 618
24 501
25 984
5 602
17 296
18 508
29 573
27 760
13 687
18 934
28 665
2 540
3 699
25 545
0 515
20 373
29 432
0 895
13 277
27 944
11 494
12 442
3 505
13 323
24 894
13 913
20 963
12 653
11 363
7 784
20 367
18 823
16 719
28 289
26 806
19 836
23 948
26 481
13 250
7 218
8 845
19 226
20 430
10 381
8 362
6 760
29 251
28 784
8 267
4 850
24 690
21 818
17 341
18 493
24 240
26 728
6 259
29 546
7 776
27 569
12 576
3 383
21 739
20 935
12 781
25 340
5 604
15 605
0 250
4 252
20 701
11 357
14 478
14 444
27 539
29 759
14 860
13 421
23 619
26 567
25 718
2 661
14 291
23 939
7 477
15 350
19 566
6 875
17 570
27 869
22 684
17 755
27 373
20 421
26 723
9 644
8 601
5 541
2 376
3 881
17 909
29 569
25 410
2 899
7 611
26 943
17 712
2 349
16 249
18 387
6 342
7 483
2 235
26 727
2 853
17 901
11 499
29 837
4 925
25 998
9 472
12 428
7 904
20 346
23 261
16 258
4 606
15 281
19 726
19 461
3 457
12 717
16 711
10 543
5 756
14 495
29 958
20 257
23 201
9 769
10 736
29 341
3 958
29 913
21 666
2 379
6 928
20 615
0 931
21 934
22 345
26 901
3 684
25 462
21 899
15 825
9 468
13 750
11 305
9 676
23 854
4 997
22 541
2 868
