1000
21 751
15 487
23 232
24 723
25 718
6 896
19 829
13 853
11 305
13 762
17 327
13 306
2 416
29 263
28 275
15 266
17 583
27 914
10 823
6 989
27 231
27 390
12 957
3 739
3 765
10 265
19 512
1 556
7 943
16 392
25 755
1 252
18 211
0 870
23 249
19 532
8 484
13 499
29 609
1 390
28 810
28 359
18 303
9 497
21 699
0 547
23 779
27 499
26 409
19 614
7 780
11 957
8 966
11 560
5 449
22 892
7 628
5 498
0 862
16 246
20 402
27 748
11 220
9 945
23 254
2 428
16 965
18 614
1 882
16 925
13 871
20 995
24 956
20 885
2 333
3 665
16 548
27 556
27 814
29 604
3 282
29 414
22 538
10 504
0 692
10 940
23 338
19 536
3 842
2 938
18 955
3 554
0 210
19 564
10 736
14 716
12 275
4 969
3 801
28 951
7 929
27 886
6 225
13 458
24 658
16 556
5 443
5 437
11 653
1 657
7 597
12 776
5 615
21 609
6 998
2 799
27 965
4 622
25 277
1 294
29 378
0 505
17 628
0 966
15 600
29 520
12 662
2 516
3 911
13 202
4 358
3 459
27 643
14 780
4 700
0 239
22 516
21 203
6 514
26 767
9 508
27 967
25 896
22 702
15 523
13 960
1 831
14 502
26 415
26 314
29 904
15 227
3 998
7 886
1 556
4 583
4 878
6 795
3 667
23 419
4 620
16 837
13 952
16 717
22 303
18 766
25 633
24 799
10 204
1 744
29 329
17 517
29 291
1 964
22 453
26 358
27 707
14 357
19 417
15 868
14 202
5 338
5 325
1 762
0 296
20 927
2 710
23 802
4 810
26 388
6 208
9 547
1 567
25 243
27 332
20 376
15 261
8 932
21 292
20 319
24 597
12 987
3 420
2 679
2 990
8 281
3 990
29 264
10 513
16 550
3 253
13 894
12 806
8 708
10 476
8 571
11 514
10 959
4 219
14 793
9 251
9 567
14 962
1 571
12 874
5 658
1 933
12 899
14 336
14 644
4 502
27 791
8 452
0 287
27 662
24 804
11 917
12 687
2 260
19 502
20 632
23 429
15 960
8 706
16 894
27 255
21 403
10 793
25 526
20 423
2 609
1 987
20 955
8 979
8 262
22 877
11 576
18 569
29 540
15 669
25 424
6 927
19 276
21 645
28 537
2 320
6 779
29 856
1 585
8 520
21 358
25 835
4 482
11 618
3 830
9 850
4 219
29 743
24 948
12 484
19 814
12 334
9 912
22 704
1 783
24 295
1 475
16 331
17 555
7 598
18 665
1 963
24 527
4 465
9 376
21 369
27 292
24 360
12 720
24 261
16 990
1 290
15 374
27 483
18 245
12 827
12 271
10 424
29 578
12 431
0 382
1 703
17 367
12 299
16 630
15 351
27 988
9 811
9 664
14 695
13 853
17 653
11 813
19 536
16 626
15 600
2 949
27 575
12 629
5 863
10 509
14 698
28 870
7 678
19 221
1 684
2 654
26 913
20 526
22 636
22 308
15 546
10 585
11 775
5 276
10 433
16 251
19 251
7 805
21 649
12 225
11 820
24 553
15 215
23 388
6 730
21 558
4 641
11 440
19 228
19 504
8 519
14 202
5 394
0 408
27 332
21 399
21 408
17 710
8 915
7 580
21 567
24 855
12 228
11 313
0 224
8 897
21 882
0 935
8 526
8 861
8 604
17 342
8 683
9 993
29 695
10 376
6 262
25 761
28 203
12 512
9 455
3 333
6 324
28 769
19 281
14 433
23 394
6 618
11 499
23 421
21 265
19 373
19 528
2 791
8 570
6 461
15 397
20 250
29 632
14 732
5 741
26 434
27 494
29 275
17 794
15 362
27 686
21 868
28 725
25 510
28 571
11 793
5 384
28 567
24 896
23 908
28 220
16 275
12 880
28 720
3 907
28 261
21 337
9 612
22 839
4 983
29 571
24 214
14 408
22 268
3 245
4 518
10 244
12 962
19 753
17 459
24 910
6 210
19 424
1 214
9 235
18 691
9 229
5 929
3 982
2 315
14 917
10 872
0 874
3 839
20 270
17 439
21 627
10 731
17 348
14 978
10 357
28 287
26 456
18 486
6 538
11 708
2 262
16 444
15 596
4 667
24 713
7 685
2 498
12 451
10 694
13 235
6 913
13 389
14 928
23 296
14 237
12 980
3 528
7 718
9 948
8 880
5 394
6 849
28 264
9 699
16 628
0 960
16 216
12 271
21 999
20 384
11 773
1 517
9 601
19 721
0 814
5 358
20 348
6 370
23 729
7 316
26 704
2 356
20 632
7 425
10 918
20 918
0 948
22 703
13 870
29 938
22 721
18 603
17 951
19 824
6 353
28 694
6 889
3 551
7 319
25 482
9 412
5 644
27 937
13 713
5 483
26 574
14 617
10 478
29 229
1 986
5 294
26 857
0 809
6 883
28 797
20 896
4 778
15 693
11 352
8 958
27 906
7 643
7 305
9 558
27 524
19 642
26 648
16 684
0 801
15 957
7 681
29 801
6 795
25 417
29 363
5 829
10 760
26 295
0 871
26 500
6 532
28 767
21 351
7 975
22 956
3 250
6 478
3 619
11 654
8 565
5 564
7 850
8 706
28 646
27 496
23 281
10 506
11 847
7 309
25 374
14 465
13 669
2 476
4 433
14 420
28 883
27 257
5 390
0 376
10 669
12 603
7 912
6 941
12 901
20 288
23 474
8 609
28 651
17 940
13 202
0 486
26 551
22 605
24 374
6 561
28 555
11 601
21 668
0 985
16 623
18 250
10 729
10 568
6 860
20 680
18 985
25 666
28 382
6 604
23 533
29 662
4 343
6 519
27 353
0 594
19 698
24 603
15 311
24 212
28 639
13 353
2 328
27 407
22 236
12 957
7 346
18 853
2 417
3 673
16 889
22 928
16 994
28 867
3 335
17 391
4 564
10 779
5 258
0 936
24 668
1 871
3 723
17 340
17 900
6 611
13 886
0 375
13 842
25 672
28 346
1 660
11 822
12 289
1 914
25 224
14 838
1 455
17 930
20 285
9 577
15 522
22 995
11 543
29 944
22 633
27 508
6 924
8 358
17 449
1 310
16 817
15 836
5 841
1 341
5 324
16 504
29 795
10 995
26 739
5 546
17 272
6 622
3 906
1 202
5 299
28 886
27 830
1 449
16 289
11 545
26 460
27 413
21 611
13 694
1 834
15 619
9 422
18 717
16 722
16 379
12 426
7 416
4 971
11 333
28 675
3 958
24 397
12 545
13 519
13 425
0 690
23 524
17 560
18 282
20 241
16 347
15 584
21 323
5 218
13 805
12 982
2 367
13 309
29 361
24 806
0 436
15 708
3 802
14 765
21 702
22 640
13 599
12 750
5 216
29 468
10 221
4 285
0 348
4 784
7 383
24 339
5 563
3 698
25 461
29 950
24 841
15 590
5 531
15 672
26 840
7 907
22 276
28 416
6 230
17 428
10 546
25 985
13 655
5 694
14 881
26 799
14 444
26 768
1 623
18 869
27 640
23 610
23 836
7 951
22 891
20 235
10 868
26 932
24 537
1 245
14 251
13 471
17 731
27 750
6 901
11 874
28 380
6 940
18 806
3 553
10 957
2 972
3 882
5 560
14 507
18 720
28 433
17 536
29 571
13 572
3 386
7 593
8 335
0 437
29 894
7 604
2 727
15 614
26 277
1 554
10 880
19 506
0 889
0 926
25 569
21 280
14 897
3 389
11 403
13 374
10 941
26 891
24 934
27 245
24 550
12 404
26 752
7 942
5 406
13 245
12 867
2 299
16 517
2 872
14 686
20 726
26 789
9 544
17 598
17 658
21 315
12 842
13 449
25 975
7 314
17 684
24 498
9 885
21 484
14 879
29 866
6 712
17 667
4 659
13 847
16 933
9 614
8 853
15 754
12 640
16 730
13 903
22 807
4 494
23 451
12 372
28 882
27 463
22 961
4 807
26 967
22 858
18 341
12 255
28 570
5 644
6 251
20 835
25 400
6 794
18 962
0 844
14 359
22 699
8 705
17 330
15 479
6 237
6 803
0 335
13 702
6 709
24 550
14 307
12 466
24 942
22 325
0 375
15 807
8 253
7 592
17 324
28 750
24 869
20 704
28 924
29 975
22 645
17 686
1 412
18 704
26 345
5 790
19 614
6 339
29 306
21 261
26 434
10 672
26 303
17 800
24 335
18 201
12 382
6 953
13 385
2 245
10 839
1 689
15 829
19 363
18 378
9 678
2 405
26 315
13 781
20 307
17 492
12 795
23 793
8 877
24 213
13 219
10 996
18 676
1 471
12 262
7 800
18 758
11 235
28 541
25 580
16 830
29 206
21 850
19 778
4 916
29 787
17 631
27 461
28 838
27 565
6 222
23 279
29 483
2 280
17 360
0 763
19 759
2 423
0 625
29 949
22 795
7 479
18 450
22 505
9 831
4 353
1 569
1 551
1 864
10 627
