1000
4 888
13 438
25 830
15 630
4 809
2 679
6 299
4 469
9 651
14 436
28 719
15 202
29 451
3 373
6 522
19 930
21 525
5 569
13 795
8 853
15 614
16 446
13 454
24 929
17 839
25 444
18 362
29 305
25 546
15 623
26 732
28 787
12 779
12 626
7 889
7 911
3 609
3 459
19 991
7 842
17 755
15 245
22 621
27 627
12 521
6 494
21 239
20 644
11 762
6 773
13 971
22 465
24 822
16 951
10 973
10 294
2 270
10 320
10 550
15 721
29 988
27 795
27 217
22 614
4 580
26 650
19 402
17 623
23 632
29 444
5 723
12 326
29 370
29 550
28 747
16 291
5 758
18 435
1 663
8 349
18 510
17 611
2 612
28 849
10 590
27 757
11 893
10 693
14 899
4 927
10 432
21 705
7 615
23 277
4 320
2 567
25 246
3 531
13 629
2 280
1 667
23 806
21 380
24 780
15 312
6 711
8 204
12 364
17 237
20 721
3 939
28 265
4 611
29 868
3 475
19 573
25 840
1 602
23 647
22 811
4 969
0 964
4 552
13 678
11 603
1 677
9 235
25 791
22 608
12 741
2 363
1 213
1 539
10 381
10 742
1 727
9 580
4 518
23 301
28 370
26 840
11 766
9 478
4 772
6 808
25 650
23 762
7 911
14 247
21 333
11 373
27 816
12 775
26 643
20 842
16 744
2 586
22 967
24 811
11 256
19 874
22 683
17 259
0 564
12 311
4 756
0 702
17 604
29 834
25 907
15 891
14 621
4 555
27 472
22 362
27 270
12 899
26 965
24 626
6 326
10 853
1 606
28 742
18 837
23 471
11 739
15 812
12 385
24 374
17 538
18 331
22 960
9 990
3 407
27 352
29 506
28 901
21 908
11 653
27 851
24 847
10 353
26 488
18 921
11 341
22 522
26 310
12 261
9 779
9 579
4 511
2 705
20 931
17 498
26 565
0 417
7 523
24 800
11 314
13 396
22 399
16 238
27 592
25 417
5 709
27 655
10 494
20 376
3 260
29 693
0 702
15 626
11 284
28 365
20 411
12 894
27 333
26 874
10 294
21 461
26 791
29 754
10 801
1 979
22 689
10 1000
21 530
14 338
29 414
27 918
13 473
28 341
9 540
2 234
10 472
20 483
16 567
27 703
11 292
19 782
24 843
26 701
2 888
0 885
29 969
19 709
0 405
20 733
7 350
7 288
18 908
0 531
24 1000
3 641
18 457
27 929
17 258
0 933
21 328
27 804
16 587
4 290
11 228
28 343
27 955
29 742
4 615
6 762
2 650
11 522
23 329
22 223
25 792
8 772
11 709
6 689
24 815
24 761
14 530
22 293
25 899
12 761
8 216
10 973
6 857
8 221
23 340
5 884
20 259
19 594
13 752
18 920
16 574
24 551
13 620
7 226
15 768
8 489
21 800
14 288
11 548
15 258
23 346
24 768
20 1000
21 303
26 209
28 302
27 929
5 502
11 390
28 712
28 670
0 668
8 517
3 752
3 405
0 243
20 865
7 946
12 428
19 804
17 301
10 696
4 767
3 487
2 986
10 205
6 305
5 416
14 465
4 201
28 254
27 522
12 268
29 546
1 785
27 366
18 811
25 359
9 333
11 241
8 690
22 884
23 699
22 442
15 717
1 604
28 948
8 408
2 790
14 535
25 253
10 442
27 735
26 521
26 644
29 595
17 505
9 936
16 452
11 574
1 225
3 290
4 424
13 533
24 760
20 393
10 958
13 615
26 956
21 664
7 215
23 281
5 606
6 547
26 875
25 203
24 825
28 300
16 817
12 402
25 363
10 406
8 349
10 952
4 473
12 768
1 838
3 672
21 464
4 939
0 301
19 283
11 954
27 236
24 676
18 492
8 350
28 661
11 763
4 491
24 736
9 506
16 601
15 748
7 716
9 734
8 950
19 931
7 621
16 614
27 411
8 580
12 522
10 848
29 881
23 818
23 526
22 244
10 953
2 916
0 979
4 661
13 205
23 495
27 336
19 476
0 790
18 375
16 715
27 312
3 666
14 432
25 292
18 363
22 908
17 255
11 398
7 798
29 557
19 941
17 775
8 257
2 684
13 915
28 900
15 822
26 929
22 911
23 394
26 944
27 586
4 523
6 987
2 627
3 769
10 284
22 788
0 493
19 307
17 949
14 556
22 322
27 820
0 839
2 886
12 350
0 388
27 906
24 524
20 752
11 693
16 408
2 928
0 958
4 1000
20 542
12 660
28 810
10 620
29 568
15 290
20 753
23 461
18 455
29 703
4 995
14 913
17 828
17 897
1 952
14 238
8 695
29 564
8 331
8 272
27 875
26 291
1 282
23 718
23 453
27 478
13 280
6 452
22 848
25 364
24 263
7 698
21 315
21 778
9 202
0 254
26 299
27 983
4 208
26 355
21 752
14 959
11 613
0 904
12 900
20 487
2 774
8 275
17 564
26 633
5 958
4 645
5 806
6 778
29 779
15 911
4 332
7 915
15 260
0 917
27 428
14 359
23 261
10 918
17 385
12 853
3 421
20 556
20 824
22 398
29 815
15 875
16 478
10 717
23 263
21 969
5 355
4 803
14 254
27 210
28 890
1 520
28 797
11 989
8 570
6 340
10 344
17 418
17 856
16 736
15 216
22 701
29 850
18 234
3 381
22 469
1 522
5 937
8 881
4 821
16 585
26 972
21 512
6 462
10 613
7 280
3 860
27 321
27 740
1 747
26 221
27 685
17 295
24 365
21 963
12 455
22 752
15 778
6 477
3 599
10 921
9 878
12 407
3 620
19 781
16 733
15 652
8 604
0 596
25 399
8 322
13 866
29 363
26 572
23 759
3 227
4 766
21 754
17 513
13 688
2 677
6 710
0 229
12 500
24 670
20 836
20 538
13 325
22 817
26 529
7 526
20 279
1 700
21 944
15 487
17 960
3 651
12 854
22 222
23 213
16 572
2 386
0 722
25 986
17 378
12 475
13 536
16 326
23 362
11 375
25 904
13 426
6 854
24 414
14 564
21 884
13 945
27 638
4 832
17 337
6 468
17 635
10 467
12 340
15 805
22 722
22 478
29 834
4 593
15 539
1 961
27 210
24 335
17 660
22 910
1 463
14 495
17 568
17 566
9 239
6 868
22 661
13 925
11 936
22 603
15 541
13 615
24 309
9 896
20 881
2 804
23 680
3 781
1 413
5 718
25 707
18 336
1 800
3 402
20 906
6 977
22 997
5 808
22 844
11 941
13 265
13 964
15 552
25 584
13 765
29 234
6 906
7 995
21 764
3 631
29 737
23 574
19 598
6 288
14 958
29 660
7 514
5 350
11 926
27 875
23 385
20 300
13 287
1 936
20 223
8 309
29 806
19 254
7 959
2 740
0 392
8 634
9 753
5 568
14 290
28 801
13 307
25 887
13 814
10 712
1 490
2 611
4 246
6 702
13 591
22 517
28 818
28 583
12 887
12 981
14 303
25 610
26 843
19 753
21 492
6 809
13 564
2 818
4 849
24 411
13 285
22 717
21 260
12 225
28 947
28 497
10 262
11 346
16 793
6 711
25 794
22 580
21 778
17 705
14 343
12 972
14 910
22 229
17 800
6 859
29 246
16 337
14 471
16 551
22 266
21 449
3 883
28 842
12 244
0 978
28 362
10 235
20 666
11 801
1 749
29 961
4 280
22 771
23 1000
10 854
8 400
7 692
17 912
5 495
28 512
19 321
19 597
22 995
29 600
19 927
12 696
26 990
15 278
6 738
11 940
3 350
10 590
13 671
1 259
25 904
16 732
22 960
24 625
24 587
13 337
21 799
21 420
3 396
2 343
12 347
11 617
24 896
26 827
25 569
12 922
14 749
1 662
15 457
1 796
10 775
1 700
24 392
27 599
1 501
16 301
29 424
8 757
12 520
1 587
15 980
21 748
4 801
1 221
18 364
20 507
26 464
23 764
17 854
20 253
25 762
18 895
26 832
12 702
14 416
9 983
4 634
22 921
11 303
11 320
16 420
28 620
8 949
15 311
4 704
9 551
27 375
22 726
9 618
19 664
8 253
18 347
1 336
4 967
21 477
9 730
6 734
2 766
0 385
22 719
2 355
27 942
10 925
2 706
22 507
28 851
22 691
20 418
4 515
9 242
18 473
9 686
16 385
7 390
11 506
2 689
6 541
14 562
14 255
9 715
25 890
16 946
21 827
23 267
19 773
2 344
13 680
6 520
25 857
28 465
1 793
6 206
6 373
2 914
11 484
19 903
2 597
27 689
7 969
8 565
22 763
12 680
0 847
18 230
22 500
15 801
22 741
26 556
2 377
8 418
29 478
14 774
22 462
26 436
16 535
14 250
21 324
3 560
7 458
26 466
25 975
27 848
22 653
17 575
26 376
24 294
14 609
3 461
16 733
18 689
23 293
29 903
29 711
2 836
13 284
10 905
8 430
17 317
5 489
24 221
27 233
1 909
4 516
0 515
27 330
23 686
10 917
6 842
8 546
