1000
23 882
12 662
27 783
7 223
10 218
3 642
13 568
21 323
11 638
5 685
26 413
4 310
2 807
7 769
12 902
14 739
23 670
26 507
16 735
12 663
9 206
14 379
29 386
29 263
21 727
9 596
0 598
20 972
24 278
29 369
26 991
16 907
21 386
13 271
28 700
2 833
16 301
20 803
12 596
3 524
5 885
7 438
16 756
26 525
13 789
24 492
12 621
28 594
13 365
11 663
20 396
8 781
22 456
7 371
4 439
17 252
8 971
28 459
13 472
2 867
10 763
21 965
21 781
23 967
17 389
18 657
27 811
1 631
21 817
20 850
24 677
18 654
1 465
11 492
16 265
27 335
27 262
7 521
18 482
22 334
15 513
8 264
24 894
24 983
18 707
26 628
8 741
12 565
6 913
18 464
8 701
25 820
8 566
20 742
5 741
19 541
24 407
8 294
7 619
16 879
23 698
18 619
29 965
1 474
29 469
26 811
7 681
17 946
17 567
6 208
27 999
14 272
17 578
25 384
3 931
7 514
4 483
26 554
22 848
25 878
7 538
28 890
6 447
16 439
7 278
24 351
8 830
5 720
21 485
15 807
11 634
21 517
14 205
16 362
13 660
18 956
23 777
4 896
23 619
28 231
6 270
3 454
10 852
19 890
12 615
29 547
3 418
12 916
16 787
26 656
21 437
1 212
28 785
26 997
26 330
1 941
13 340
3 443
13 816
18 927
22 705
0 406
23 462
1 503
23 277
19 754
19 466
19 596
15 274
20 564
7 796
12 431
14 718
7 218
22 651
18 884
15 299
23 620
10 598
5 898
22 474
18 261
25 354
0 903
5 245
18 908
14 775
26 837
9 984
17 205
6 867
6 441
3 684
29 428
16 688
0 483
24 340
25 386
9 423
14 747
21 388
5 617
28 928
12 903
17 698
24 941
1 693
13 206
24 822
6 930
13 759
26 670
5 600
17 764
21 737
15 502
22 944
15 781
29 566
0 421
5 747
17 773
7 845
8 625
10 806
8 211
27 718
29 509
28 299
9 636
3 917
26 561
19 1000
26 516
1 328
16 571
17 415
13 504
19 886
24 355
28 219
2 556
13 627
24 965
13 675
1 463
23 744
23 635
12 349
4 824
13 367
11 464
9 369
12 806
21 206
4 760
7 631
11 351
15 394
12 861
18 968
24 685
3 955
19 448
16 567
5 202
20 953
4 850
1 617
29 905
29 577
16 968
0 344
8 680
13 896
28 340
10 943
17 205
12 751
1 786
11 657
6 301
29 216
15 245
10 661
0 572
9 917
15 585
9 615
9 275
4 493
3 728
25 894
18 362
9 616
17 992
19 973
9 375
2 290
1 965
17 292
23 391
3 281
2 776
24 557
24 635
13 793
18 925
28 484
21 906
24 683
20 469
22 804
28 757
23 508
22 249
10 718
18 691
23 900
16 839
2 781
27 823
28 677
12 481
3 556
19 817
11 993
9 712
26 402
11 632
2 409
19 361
6 439
15 255
28 246
12 994
27 732
8 428
7 238
9 885
29 637
14 452
16 672
23 823
27 892
4 205
14 784
22 909
15 606
26 552
4 874
1 894
11 661
20 226
8 746
28 606
8 785
3 882
21 891
15 246
29 670
14 548
26 732
29 896
14 367
7 336
9 203
3 643
29 350
0 627
20 875
6 689
21 401
18 929
7 618
22 477
27 653
24 592
0 286
16 280
26 511
8 524
15 780
7 785
8 431
29 835
16 706
23 687
20 298
27 593
15 223
21 270
13 944
15 375
23 634
20 971
24 767
14 657
17 512
26 249
15 605
1 921
14 585
17 743
24 570
16 361
29 595
29 546
3 695
18 919
20 791
29 921
28 464
28 479
27 354
26 884
8 618
8 993
11 589
0 490
2 956
8 788
6 321
21 757
23 525
28 565
0 664
22 552
10 920
10 603
19 236
16 742
28 988
23 644
19 264
22 658
9 336
22 710
26 776
26 326
29 496
5 946
4 908
1 902
17 608
21 361
4 728
27 552
27 818
3 966
8 462
24 368
9 619
23 281
17 265
21 208
6 750
26 628
5 908
26 721
26 407
3 914
12 861
11 507
16 858
20 300
24 771
7 972
16 510
20 427
16 462
24 327
13 527
15 945
26 709
28 878
27 726
25 931
6 403
22 869
14 991
17 795
14 309
10 235
26 634
9 962
11 510
23 795
26 642
10 676
29 271
20 500
19 411
6 706
29 421
5 518
29 628
6 902
7 335
26 301
16 818
8 782
22 434
4 568
0 320
24 491
12 299
22 649
25 595
19 330
20 881
21 478
7 357
5 901
29 777
27 971
14 577
20 227
26 983
11 491
15 970
7 398
22 863
4 490
8 697
14 869
18 715
26 515
1 528
11 502
14 814
11 704
20 640
25 280
25 298
9 824
27 630
22 821
26 785
0 753
2 764
20 226
25 274
29 551
27 789
16 233
6 200
22 473
26 676
19 518
26 721
3 956
3 420
1 455
20 902
14 627
11 323
18 444
1 811
11 960
27 979
13 958
19 259
15 613
11 459
29 551
10 218
5 387
27 976
29 574
13 755
22 713
14 583
27 475
6 957
14 470
27 795
28 831
24 502
8 224
6 601
17 736
8 529
21 576
8 467
0 200
26 943
29 705
10 616
11 949
18 625
11 789
2 735
3 842
8 964
9 366
20 222
24 277
1 715
19 803
7 434
17 868
22 615
27 486
4 588
17 220
6 916
14 552
5 241
4 834
21 285
29 653
29 270
17 436
25 723
29 879
9 935
25 603
10 971
17 830
25 800
22 689
22 299
1 314
21 736
19 351
12 406
4 365
15 284
14 286
4 352
27 270
13 259
20 741
20 429
10 868
27 917
29 364
27 849
23 997
20 475
11 356
20 937
5 877
20 220
19 876
3 962
7 557
12 410
26 402
27 943
24 401
17 405
11 915
26 632
1 754
24 345
28 367
21 401
28 454
14 847
2 588
23 242
16 479
11 514
4 852
21 817
1 512
14 601
27 286
15 272
15 776
16 316
17 818
11 520
25 269
23 623
28 966
26 486
24 604
6 758
23 435
28 383
3 665
20 747
16 995
26 208
7 604
24 441
16 959
0 527
4 744
17 533
28 926
23 884
11 968
11 800
9 564
8 299
9 491
10 342
17 781
4 947
19 402
14 335
29 676
20 869
29 726
0 525
25 310
0 704
8 582
29 616
9 301
19 340
4 684
23 795
14 613
21 688
28 841
0 564
13 777
9 553
5 608
24 997
26 804
25 588
25 705
11 409
16 828
5 932
21 747
14 244
15 553
28 725
12 871
16 300
18 752
8 549
5 937
3 748
18 389
3 215
3 364
19 354
28 410
3 437
2 622
5 476
0 244
23 364
28 783
9 482
16 669
2 941
16 364
8 202
18 652
16 258
28 527
4 671
14 389
14 905
17 346
1 630
12 267
5 430
26 952
23 811
28 646
3 371
19 565
10 208
27 226
13 646
16 527
22 445
8 402
10 567
29 969
18 353
0 960
25 565
29 321
25 400
5 506
18 983
3 703
15 919
21 837
22 662
3 784
1 356
23 507
9 889
15 709
1 825
11 623
18 222
26 978
2 439
11 560
3 886
21 696
18 511
1 967
5 477
28 339
10 595
16 776
29 605
15 423
6 566
21 399
15 735
25 383
14 326
2 266
4 451
27 957
26 789
0 982
4 362
0 747
28 766
8 299
22 571
13 753
11 354
22 689
4 752
11 216
4 710
17 822
20 775
16 346
7 309
26 510
17 618
11 249
12 535
11 492
23 279
15 493
5 981
20 811
19 698
17 426
8 947
12 709
7 488
18 993
13 985
29 580
17 875
24 654
16 347
19 872
26 462
23 842
6 543
10 274
27 945
4 302
16 983
25 551
27 387
10 358
3 395
16 718
20 910
22 705
8 630
2 751
10 281
9 407
16 454
3 368
9 569
1 583
1 732
14 339
24 721
29 594
10 657
29 806
24 975
21 987
15 527
24 297
23 526
12 444
4 470
16 720
17 370
7 719
14 535
28 351
21 947
4 843
23 637
5 469
20 426
9 262
6 981
14 393
10 382
8 959
18 976
12 512
3 254
2 711
24 447
26 292
21 773
7 747
28 481
4 999
22 837
4 603
25 918
29 438
22 246
19 214
0 483
19 558
10 517
7 504
2 737
8 907
26 233
23 679
29 947
3 684
18 547
8 303
2 685
17 984
1 545
26 827
9 750
28 915
2 889
23 310
20 450
1 330
11 696
12 894
17 924
25 619
14 916
12 493
29 310
2 999
17 369
15 853
1 844
26 306
1 876
8 314
11 424
28 622
11 285
17 483
6 861
14 404
0 974
24 742
9 531
5 491
1 960
22 507
29 982
7 555
2 520
24 360
27 879
8 451
11 520
9 811
23 538
16 734
15 880
17 756
8 536
11 282
9 663
28 572
26 474
6 873
23 888
24 447
13 719
6 232
7 354
14 822
16 224
1 816
13 319
10 457
