1000
24 907
14 340
27 616
3 298
21 715
9 384
20 530
16 559
3 538
22 844
16 910
10 584
20 486
10 837
6 323
21 969
16 291
16 298
23 826
20 356
9 421
6 774
12 912
15 419
0 976
11 571
28 416
5 861
14 995
26 537
21 453
26 774
28 519
5 628
11 435
19 530
11 351
27 225
23 661
29 747
0 926
8 969
11 421
18 467
5 819
26 963
17 563
2 905
1 918
18 765
16 680
5 931
9 765
10 795
2 516
28 913
2 913
28 945
14 627
29 963
20 905
29 918
1 712
25 940
29 735
26 581
9 305
7 629
7 845
13 300
25 424
14 607
12 247
23 558
29 733
11 367
25 493
23 768
21 291
15 914
12 603
5 964
20 728
17 459
1 824
14 249
1 459
9 581
7 776
18 781
25 954
4 608
17 250
25 693
17 648
28 837
23 386
1 958
9 351
16 897
26 799
10 216
3 486
5 225
8 386
12 770
3 497
18 853
20 911
20 798
21 927
7 374
20 540
25 897
25 837
7 490
26 941
24 851
4 616
27 542
14 280
9 571
27 267
1 666
1 900
23 306
15 867
25 242
7 336
5 818
16 298
10 279
8 430
3 758
11 506
0 920
6 808
9 271
8 973
8 662
10 835
9 508
23 874
21 455
15 227
5 701
10 406
14 831
9 208
28 266
13 933
0 478
15 291
10 536
16 904
26 248
5 285
28 796
0 349
13 715
13 526
18 510
10 768
16 552
2 206
21 827
17 546
1 986
10 357
18 387
22 470
16 615
23 230
0 660
3 294
21 789
29 460
28 448
17 886
27 704
11 883
17 282
5 402
3 920
18 558
27 783
21 794
21 705
23 617
20 388
23 232
2 351
4 534
16 519
23 230
10 276
15 925
20 710
17 364
4 705
8 718
15 357
0 314
18 784
3 764
27 272
9 325
11 846
25 455
15 599
7 314
13 721
25 296
6 692
17 855
23 454
3 847
16 675
14 770
16 759
5 622
17 723
7 227
11 972
19 486
25 833
6 787
7 534
29 245
5 839
15 922
25 590
21 230
8 898
4 423
5 471
19 544
24 676
20 967
1 671
1 221
7 992
11 414
8 665
20 561
2 579
26 557
29 392
13 766
4 914
13 233
16 855
3 696
19 231
0 850
10 404
28 944
0 526
16 987
29 593
13 817
0 538
1 784
4 458
25 628
10 427
13 726
4 835
18 815
18 445
8 547
18 501
13 715
17 713
27 280
24 343
10 724
11 241
6 982
10 651
7 850
29 344
14 751
6 893
24 932
24 442
19 721
5 379
20 857
19 554
29 512
4 835
8 805
6 742
9 465
6 874
20 680
28 586
29 206
26 322
14 464
11 397
24 328
18 714
13 754
13 918
6 553
11 388
19 866
1 370
12 357
19 837
7 452
19 557
15 477
18 992
2 284
20 788
24 569
11 625
7 725
15 273
15 778
4 576
5 611
22 455
26 645
19 796
13 861
10 887
6 397
21 645
13 805
9 328
1 355
28 452
12 341
29 597
20 707
16 527
23 951
16 401
19 324
21 531
13 787
14 417
29 248
6 583
2 946
14 292
19 389
27 763
6 453
8 331
20 729
13 793
19 968
16 718
29 704
18 215
16 935
13 202
15 371
16 710
4 965
8 280
8 892
1 262
21 483
23 695
23 256
4 216
25 480
0 464
4 563
11 532
16 517
20 319
22 268
6 253
2 606
28 474
4 405
10 961
3 944
17 716
21 817
16 638
4 428
24 948
0 970
15 370
8 462
17 418
3 539
4 314
17 278
1 809
4 213
10 426
19 987
22 705
26 772
12 343
21 411
12 520
2 878
10 761
1 279
10 245
0 919
0 707
16 690
24 649
17 367
3 760
22 838
0 757
9 571
14 399
28 667
15 339
11 974
0 620
28 344
1 694
21 292
22 264
27 913
20 682
22 528
27 358
25 864
6 751
10 268
18 918
11 511
29 260
6 986
10 235
7 841
2 272
25 828
14 418
5 749
28 751
6 250
6 638
11 421
18 255
13 613
20 835
17 751
16 617
22 643
11 412
27 927
6 422
20 381
16 870
6 544
20 363
3 469
29 634
13 381
9 626
20 234
5 583
25 637
22 221
17 840
3 676
7 878
12 206
16 681
23 795
9 409
7 716
14 358
8 844
15 928
13 570
8 810
8 408
17 969
19 398
12 258
24 691
26 523
27 850
8 838
4 931
0 925
4 759
0 933
15 303
11 897
3 692
11 458
12 515
27 731
18 219
11 916
19 671
13 980
17 817
1 874
3 814
8 539
16 717
1 719
16 390
28 482
10 638
9 566
2 943
19 554
21 279
8 255
6 492
16 932
5 461
23 969
7 609
19 826
17 380
15 930
9 230
8 279
6 958
22 507
13 523
12 948
18 880
22 881
2 602
27 665
11 516
28 622
7 972
20 624
10 792
14 586
4 322
27 269
6 262
24 903
26 969
14 984
1 426
22 657
13 530
27 782
16 317
26 905
28 295
1 226
11 527
21 656
1 871
18 876
11 514
3 495
11 515
9 441
0 761
4 450
28 328
28 954
8 877
13 847
1 627
24 647
0 594
22 778
8 327
3 899
11 748
22 214
15 748
20 419
14 466
20 804
11 582
19 887
7 695
5 327
29 499
16 292
5 825
26 604
20 435
24 676
0 790
22 486
29 878
11 609
21 373
5 707
13 801
26 486
20 627
17 622
12 672
17 400
13 278
14 820
9 913
22 379
12 963
15 734
6 498
26 717
2 641
9 750
25 303
0 666
22 489
24 583
20 822
9 877
6 231
6 569
7 539
27 584
29 480
23 438
27 413
6 281
12 258
26 954
23 498
10 474
2 642
18 610
1 706
6 648
5 769
13 794
26 267
25 447
18 238
19 626
1 500
17 420
7 559
12 961
3 870
12 722
3 732
23 242
25 406
4 315
18 725
25 669
7 378
27 377
3 391
23 736
29 474
26 570
4 485
29 211
15 829
12 379
8 956
21 769
17 288
25 618
20 852
27 416
22 309
25 906
28 296
0 863
7 648
26 598
2 539
6 968
28 801
4 617
17 330
16 935
3 756
23 217
5 347
13 854
2 376
26 282
29 949
1 809
8 341
26 755
11 819
0 346
17 344
15 988
27 545
3 477
20 419
13 587
26 238
2 437
29 461
4 546
11 250
9 941
5 441
5 642
7 488
5 440
12 609
8 288
0 310
3 257
16 623
14 695
2 714
23 774
28 863
22 539
17 704
10 457
6 498
11 371
14 846
14 840
22 947
19 575
13 326
14 206
11 497
21 740
3 805
16 824
21 597
26 779
11 957
18 339
1 392
11 869
19 422
4 964
17 976
17 434
24 368
8 763
23 441
27 204
15 806
27 380
16 225
19 515
8 238
8 914
11 511
7 570
13 625
13 689
5 700
5 212
21 751
25 523
20 665
25 323
16 758
6 451
20 476
13 511
17 392
29 312
7 869
6 786
7 983
9 435
9 466
26 302
17 882
23 436
15 793
23 643
22 693
14 696
24 786
9 969
21 668
14 671
24 822
26 803
0 225
21 530
12 638
20 662
4 874
6 645
18 851
0 987
27 444
13 269
7 373
14 325
18 901
8 420
13 227
0 275
24 202
18 660
2 847
26 560
16 635
24 714
9 333
17 844
9 420
1 327
3 241
26 999
28 705
0 971
2 748
25 984
27 650
23 565
22 877
27 547
8 497
25 947
9 248
17 285
11 364
8 792
2 206
23 880
29 979
6 694
5 832
12 318
14 427
8 446
26 280
22 813
27 537
9 852
20 415
22 424
5 467
7 819
8 304
25 679
6 550
10 559
13 959
15 427
1 487
12 616
28 980
25 421
0 369
29 382
23 810
8 267
25 447
23 996
23 366
0 693
20 517
21 377
2 379
22 420
17 856
11 907
6 663
24 256
19 499
18 545
25 441
14 938
2 775
14 933
25 613
9 672
25 524
22 390
24 951
18 394
12 393
25 699
0 354
15 919
24 772
19 432
17 735
26 375
1 742
24 244
28 841
12 216
11 510
21 481
6 738
5 796
22 673
15 368
20 587
18 289
5 641
23 605
15 586
26 376
26 446
4 703
9 453
11 271
2 554
2 694
28 205
5 706
14 646
0 503
19 205
2 449
5 730
13 463
16 318
23 367
7 426
5 341
24 547
22 859
8 449
27 223
21 259
20 986
10 327
1 764
23 901
29 743
9 380
7 588
4 391
0 437
0 406
20 303
18 637
0 720
27 828
27 300
1 995
26 993
15 378
18 959
10 215
18 391
12 996
13 675
20 381
21 773
29 271
25 935
2 492
20 538
22 783
13 854
6 854
1 916
18 407
8 558
29 489
0 817
17 218
19 614
26 958
18 998
18 259
27 616
17 779
4 446
29 936
20 327
8 355
22 343
26 501
18 822
29 694
22 200
1 589
2 477
10 806
11 760
10 664
9 462
1 747
15 467
25 976
1 897
22 440
13 302
13 691
18 367
1 528
