1000
0 882
28 831
20 860
24 354
5 402
7 452
24 454
25 385
12 736
25 984
19 478
23 619
12 909
5 825
4 767
10 953
29 486
23 905
10 572
24 557
25 308
1 712
6 823
25 798
16 963
6 279
12 514
20 810
14 734
2 654
28 513
27 829
6 604
1 498
20 411
18 281
1 759
22 665
18 485
7 346
6 465
29 776
13 274
15 672
11 408
24 650
10 547
22 526
15 469
3 245
3 796
0 463
19 606
9 676
6 217
15 504
6 329
28 779
8 642
6 488
24 537
5 616
27 423
24 868
17 729
22 847
11 538
4 421
20 545
27 476
28 224
28 822
19 278
11 529
19 957
18 372
12 774
23 824
24 525
10 476
10 291
3 884
9 480
12 795
9 202
13 633
3 594
22 923
9 350
7 716
19 457
15 215
6 631
25 968
29 742
6 928
9 221
27 714
16 958
8 800
6 894
25 917
29 201
22 766
14 226
14 871
16 577
19 694
17 838
10 944
3 880
15 945
21 447
14 777
18 498
19 578
15 302
25 641
25 307
0 842
21 786
27 246
18 391
29 315
25 928
11 423
24 952
13 342
29 746
29 847
26 963
2 394
2 637
12 873
29 210
1 522
20 671
21 550
14 392
8 980
6 835
12 660
6 780
11 760
5 743
6 268
26 274
27 294
7 503
16 923
14 306
19 284
4 337
18 566
11 776
2 304
9 379
17 536
7 888
22 669
21 586
5 355
17 711
28 808
11 409
3 602
18 546
19 840
11 773
22 592
0 788
27 854
15 968
7 981
3 885
16 746
27 495
1 630
4 695
26 410
10 889
28 311
3 418
19 773
23 997
21 333
22 467
11 878
24 532
14 550
20 587
28 571
20 572
25 860
20 534
2 686
19 510
8 389
8 444
29 935
15 585
4 936
4 579
10 231
17 873
23 686
0 469
18 886
27 458
21 838
19 827
19 368
8 717
4 487
7 785
12 574
20 475
5 383
7 779
3 774
21 597
16 662
8 327
7 775
9 254
14 546
11 228
0 233
7 484
9 936
21 777
9 384
17 385
12 810
23 209
5 693
10 619
27 828
22 559
29 424
27 778
22 574
12 838
15 383
21 894
25 748
10 547
4 400
23 507
29 325
8 330
0 203
21 737
16 630
12 436
7 880
3 557
12 407
4 996
5 462
15 447
9 472
3 548
25 477
21 727
14 701
2 795
15 265
10 657
5 728
20 515
20 506
21 350
12 682
7 782
9 363
16 759
25 573
18 250
25 945
29 512
11 786
14 793
20 388
4 685
24 996
4 456
5 800
18 645
13 738
18 477
12 611
25 308
2 927
24 412
26 777
1 618
14 550
13 903
24 651
1 918
5 289
28 760
9 484
19 208
4 767
18 523
15 491
19 549
24 977
15 242
12 819
10 705
4 1000
5 260
2 906
2 983
8 322
22 462
1 689
20 735
2 834
29 617
20 413
13 635
26 620
14 878
11 567
9 497
2 849
12 933
13 711
9 854
9 595
9 239
29 521
1 681
23 670
19 442
7 996
6 307
9 937
20 235
2 406
21 570
4 571
20 415
10 591
18 794
18 700
28 226
16 253
2 727
28 354
5 952
12 435
13 858
28 386
22 496
11 441
12 579
28 851
6 762
1 388
21 802
15 678
27 658
29 210
2 246
23 332
2 712
27 896
16 483
2 284
7 478
2 641
28 544
4 551
27 943
20 567
28 715
5 282
19 717
15 774
23 691
2 424
19 386
24 270
28 339
24 587
21 811
15 979
17 805
24 368
19 404
12 752
0 900
27 302
22 415
12 725
24 518
2 602
21 776
0 556
22 339
14 813
13 751
15 351
7 571
2 813
25 309
0 833
19 864
8 974
25 930
11 752
26 842
28 730
17 738
4 425
16 847
14 266
1 954
13 748
2 790
5 992
5 269
6 412
29 971
23 397
23 852
18 955
18 304
2 906
20 491
8 826
27 761
22 244
16 351
15 657
27 510
0 641
13 593
10 652
18 747
12 943
7 979
13 244
21 275
20 820
15 696
15 851
4 785
23 375
27 657
10 427
19 747
24 290
12 695
4 995
28 401
6 845
29 933
28 473
27 343
6 429
3 396
14 793
17 916
0 425
25 419
17 301
9 987
26 924
19 598
16 436
2 714
14 618
0 312
8 404
17 761
21 829
7 906
6 819
15 471
9 594
28 324
24 680
0 293
4 624
7 754
19 678
24 740
8 937
19 604
25 277
2 910
4 280
7 410
19 433
9 794
13 340
29 338
6 587
3 923
24 331
7 904
16 543
24 577
0 844
12 321
3 494
9 727
22 918
2 278
14 825
29 618
2 239
23 283
7 744
13 752
2 996
12 702
26 267
7 880
12 630
7 216
7 637
16 348
21 786
10 252
16 319
17 597
6 219
28 956
27 760
20 908
11 765
5 357
4 581
28 856
5 293
1 974
10 417
12 950
11 430
15 986
9 212
26 928
27 983
6 324
2 391
29 279
7 903
13 248
2 893
15 755
2 614
21 323
8 351
29 563
1 433
12 688
19 878
16 255
2 455
28 238
23 876
12 979
9 586
11 226
3 806
21 331
26 393
19 533
15 482
18 706
7 909
26 213
8 222
11 471
5 781
4 471
29 647
5 337
22 859
6 998
18 440
24 413
3 565
14 481
24 370
12 541
16 955
21 388
13 826
9 804
17 362
22 273
13 549
17 305
23 536
1 286
6 692
27 224
7 260
28 663
6 623
8 492
29 934
22 875
16 501
9 729
26 430
6 257
11 530
2 478
1 549
27 975
15 742
23 457
20 352
4 808
1 903
25 624
19 266
28 630
20 781
29 910
11 467
23 701
3 432
1 879
17 546
25 385
0 433
27 951
20 801
15 202
10 577
6 720
13 345
25 960
21 912
4 918
27 222
15 848
13 580
3 332
28 345
2 412
14 646
22 991
10 435
4 729
11 911
12 574
0 888
29 325
0 252
22 601
3 696
2 715
25 817
10 333
28 617
12 429
9 775
22 860
19 997
15 751
15 228
15 859
13 913
1 368
2 392
17 219
20 870
7 843
23 341
15 727
8 757
7 581
18 751
24 487
13 319
22 720
15 320
25 721
28 418
7 988
4 683
10 746
8 674
12 321
8 897
12 727
29 679
2 556
3 555
29 217
21 230
23 342
17 892
13 312
0 476
26 521
28 688
19 567
26 295
9 586
2 282
28 486
15 537
27 505
27 499
7 846
17 549
6 412
4 827
3 499
3 389
22 816
2 600
3 569
4 574
22 511
21 694
23 508
12 862
29 944
2 647
22 710
4 800
26 696
9 854
3 741
27 447
21 864
20 359
4 435
12 410
16 813
6 265
6 270
2 364
1 528
8 770
11 792
1 941
29 518
8 737
9 828
21 419
19 223
18 544
28 475
5 326
2 227
4 833
27 644
23 215
19 922
28 842
10 654
26 835
1 990
16 291
3 511
20 352
17 669
24 764
29 930
15 452
22 523
15 438
14 663
24 818
14 218
24 726
11 851
8 585
13 697
6 388
26 374
21 377
7 898
2 219
8 316
23 907
26 448
21 541
16 888
8 471
1 858
26 595
11 778
9 771
22 981
18 829
7 415
7 864
5 587
6 265
8 647
0 793
6 463
20 423
6 966
0 420
8 957
22 382
8 793
19 645
3 624
8 386
28 885
15 283
10 211
27 269
10 912
27 330
29 205
6 637
29 651
25 511
23 343
12 797
4 524
8 392
28 723
8 567
2 242
27 450
16 839
26 774
4 461
14 430
28 697
15 224
24 772
22 367
25 728
23 988
25 594
20 534
15 580
8 614
18 562
15 916
4 684
27 759
7 332
16 425
22 793
4 238
6 846
1 810
5 351
0 494
26 227
26 248
28 926
3 803
6 956
3 849
17 707
16 892
24 270
16 764
4 997
16 437
16 394
4 356
27 624
8 315
24 537
11 782
5 784
11 933
7 523
10 943
10 864
0 472
2 589
2 252
2 362
12 285
12 428
28 266
16 441
26 728
12 926
11 590
11 285
0 388
5 504
8 304
15 773
22 680
2 431
2 537
1 893
1 679
14 997
15 371
21 319
25 502
8 617
26 802
12 617
0 410
24 349
7 995
19 872
27 923
28 270
6 289
14 734
9 244
12 528
9 496
7 938
5 970
3 253
9 688
11 647
3 367
2 374
24 670
18 842
7 970
7 546
25 411
24 245
14 275
14 899
10 763
4 313
14 910
12 679
18 716
3 275
1 201
1 994
13 966
6 526
20 952
28 601
5 225
0 481
0 258
5 200
15 519
18 290
2 635
24 277
3 518
12 595
3 264
20 283
9 563
9 451
29 743
7 348
13 391
26 805
20 656
24 680
6 358
28 882
24 804
0 545
13 500
15 294
16 319
28 388
18 441
6 311
25 554
8 220
9 382
14 975
11 428
26 477
0 325
8 406
11 676
20 851
22 743
2 852
6 747
0 874
16 419
8 655
2 583
4 715
15 455
10 741
0 247
