1000
13 527
28 385
3 827
2 932
16 842
26 770
26 560
29 207
27 776
22 958
3 340
24 692
28 955
25 364
21 532
23 822
11 379
29 884
16 979
4 311
22 657
12 494
19 309
23 509
18 965
21 477
21 501
8 835
28 533
18 996
12 716
2 287
7 642
1 931
24 528
0 415
12 510
11 523
15 798
22 726
7 508
21 939
26 382
19 482
12 483
14 955
9 758
13 837
23 921
22 673
29 583
5 397
18 327
29 784
22 450
22 310
13 400
5 315
26 923
13 302
24 469
15 615
8 863
4 896
8 959
6 569
13 922
21 336
21 804
13 898
18 219
5 616
10 666
8 721
17 769
0 436
0 399
15 533
11 647
15 922
14 785
13 500
24 486
21 720
13 981
12 226
22 849
5 837
21 219
17 522
6 964
0 720
4 736
1 605
1 714
23 995
11 958
27 584
25 744
12 510
11 246
14 266
23 346
5 722
10 690
6 988
12 904
28 506
4 980
10 407
1 704
25 599
2 919
18 416
27 366
22 714
28 869
24 835
12 989
15 299
22 602
10 723
22 629
19 875
18 972
11 358
14 973
5 327
10 978
18 377
26 310
22 517
29 362
24 457
12 724
5 492
27 746
22 886
6 974
1 707
10 517
4 868
27 613
7 871
7 384
8 845
4 777
18 988
25 452
11 957
4 793
28 873
18 367
29 382
24 301
11 619
24 595
18 303
7 229
1 989
17 280
18 870
17 391
11 656
5 848
18 249
21 355
10 776
0 844
15 606
22 389
14 940
4 937
8 772
13 792
12 996
26 292
12 253
10 950
14 970
17 954
21 834
26 941
3 243
21 393
1 383
18 658
14 835
4 575
16 386
17 624
19 509
28 788
23 467
25 901
28 814
18 717
12 481
15 812
17 263
28 859
29 315
16 944
27 381
13 509
19 777
7 826
28 268
15 778
9 982
15 696
28 774
22 227
2 382
4 729
20 563
12 812
26 755
10 994
18 999
20 476
6 323
3 883
14 278
18 270
0 636
9 239
15 938
17 456
21 977
7 385
16 563
11 350
13 200
24 240
18 662
18 966
2 431
24 382
29 344
3 743
19 668
2 304
16 239
1 229
28 502
10 933
0 716
24 549
29 720
15 329
1 292
16 229
6 834
21 391
14 300
28 367
23 265
13 589
16 617
4 264
17 354
20 880
6 821
1 239
7 901
7 271
28 727
25 977
18 429
11 696
24 626
9 250
9 802
19 752
11 990
20 771
27 597
20 377
7 222
20 453
3 321
2 503
19 258
14 608
12 888
29 449
19 689
21 687
5 462
0 778
0 395
16 626
1 600
8 414
11 262
17 473
15 380
13 411
24 681
23 972
15 814
15 662
24 380
1 968
28 282
19 537
20 999
18 287
26 394
15 471
25 773
29 214
0 309
0 992
27 919
13 632
29 952
12 796
3 456
6 254
4 608
0 408
5 801
4 845
18 657
11 495
11 678
22 710
16 597
20 720
10 359
3 940
7 245
6 326
26 667
3 499
10 731
13 341
8 675
28 656
18 842
3 963
1 224
14 582
13 778
24 252
11 565
2 950
8 272
19 206
17 700
7 446
4 371
27 932
3 825
10 224
12 882
24 782
8 713
16 448
25 467
13 660
9 475
20 618
27 414
0 433
8 748
24 856
10 705
1 724
13 851
8 930
7 626
6 593
18 307
15 240
6 645
23 791
24 747
21 249
5 724
20 740
11 243
3 499
23 383
1 424
22 422
3 750
4 812
18 490
22 961
9 336
8 709
6 647
24 281
29 211
5 982
18 563
16 730
4 936
26 487
10 216
4 522
14 562
0 521
19 827
2 366
28 879
4 577
25 568
15 965
15 704
16 990
17 649
12 589
19 450
29 466
16 490
7 348
27 211
20 443
17 603
4 285
22 355
21 754
27 488
6 483
6 390
3 915
20 770
15 653
2 998
15 929
16 302
27 742
4 592
8 640
6 611
17 239
9 348
5 778
25 416
15 921
2 447
9 734
27 703
16 370
13 420
24 948
1 342
10 370
18 945
22 350
1 822
2 463
12 469
18 563
24 690
14 594
11 588
16 240
15 276
24 279
10 647
1 593
20 721
11 944
19 554
7 611
5 632
15 445
23 960
18 774
11 287
14 399
27 328
25 405
4 643
1 858
5 369
23 667
11 346
11 479
6 934
26 848
10 678
16 553
9 521
4 258
9 974
0 797
25 331
18 796
25 657
17 999
8 548
0 824
6 679
18 346
9 595
19 409
27 462
0 412
2 325
9 374
28 685
9 860
20 976
29 559
7 205
0 364
29 398
1 243
1 621
3 457
19 651
22 211
24 656
12 991
9 763
24 969
24 695
29 891
15 712
19 968
25 796
9 425
29 986
27 911
15 698
23 753
25 857
27 503
25 200
12 684
1 659
17 864
6 734
11 503
22 255
17 842
27 221
16 918
8 525
15 297
1 766
10 810
28 355
3 560
13 590
18 467
12 923
10 807
16 331
14 864
5 284
4 416
5 514
22 900
3 380
9 998
18 237
7 807
26 288
19 347
6 812
29 373
8 836
20 388
24 959
6 767
25 302
18 838
29 354
23 358
2 517
19 222
1 300
14 264
22 261
12 368
0 508
25 385
28 302
0 557
23 492
11 778
10 347
16 266
25 1000
10 766
7 497
7 445
11 959
16 891
21 987
6 267
10 419
27 269
13 620
2 367
19 657
13 857
9 708
14 476
27 540
5 516
1 732
16 800
17 307
25 856
8 839
17 835
2 823
18 703
26 914
16 543
9 288
28 413
11 487
13 973
27 785
7 727
24 401
1 931
4 650
5 848
4 217
7 667
9 588
14 674
13 544
21 369
6 690
25 759
20 997
12 932
1 444
20 955
21 932
6 936
20 356
6 406
18 956
26 214
28 494
21 899
13 342
2 441
4 858
25 430
7 537
0 408
2 209
10 449
3 392
26 911
29 817
24 756
20 957
0 901
25 238
5 419
26 584
19 506
3 208
24 784
2 523
4 312
8 849
12 787
17 252
13 943
12 963
25 389
27 303
1 521
8 704
27 653
13 334
5 743
26 979
23 567
25 985
13 218
13 396
5 995
24 369
18 789
3 637
25 478
13 823
6 906
11 655
17 639
9 991
12 437
8 685
1 475
25 945
19 212
22 312
25 441
0 495
27 938
26 585
3 730
20 948
29 501
28 661
1 485
9 349
7 310
15 908
6 427
8 556
29 462
5 953
25 409
17 285
1 570
27 576
16 499
14 491
22 259
15 757
16 810
7 819
0 646
25 802
12 348
20 385
25 451
15 215
28 298
1 663
28 920
1 320
28 669
29 397
16 796
28 272
2 558
27 915
21 536
28 547
6 942
19 408
10 886
24 355
19 253
4 519
9 442
9 686
18 514
25 574
23 951
16 418
17 315
12 906
5 992
24 389
26 869
27 760
10 692
18 728
19 964
18 603
17 569
27 931
7 669
29 372
9 634
9 615
19 632
20 972
18 394
4 854
4 692
4 431
21 967
20 529
15 475
21 857
28 481
22 532
15 754
6 922
0 573
11 313
25 879
28 902
7 432
12 684
15 405
29 290
11 761
16 880
9 458
9 799
12 748
6 247
16 598
10 916
24 530
1 577
4 541
7 828
3 589
4 258
11 753
4 965
27 386
0 834
21 657
2 272
10 943
28 642
4 890
4 999
23 743
5 630
5 429
15 575
12 976
13 365
4 260
5 365
11 363
29 507
12 802
3 325
21 405
2 612
25 878
5 493
6 468
7 942
5 501
4 569
1 382
15 460
26 292
15 330
14 975
27 246
0 947
7 970
16 971
20 973
20 307
5 209
7 991
18 601
12 995
14 659
17 235
11 964
9 916
25 911
8 758
4 513
27 416
9 825
26 854
3 806
17 444
21 705
2 715
28 381
9 836
16 281
2 786
8 526
1 241
9 708
11 918
7 842
2 519
0 322
13 311
28 582
28 793
15 269
9 337
18 231
21 685
19 334
6 964
20 885
24 463
5 657
14 725
21 881
2 962
7 439
13 326
20 608
9 724
19 673
27 629
10 731
21 940
4 961
20 492
6 204
13 922
28 864
9 365
26 409
1 941
27 879
4 495
9 297
28 240
23 815
8 738
3 949
3 232
20 406
9 338
12 272
11 574
0 920
16 592
28 635
17 473
10 694
20 341
1 340
21 741
19 434
28 444
9 694
1 585
11 571
4 969
20 620
16 777
24 441
0 433
0 487
24 967
5 386
27 804
8 478
26 746
5 350
9 249
0 448
6 377
2 231
12 214
24 873
5 298
12 958
15 398
16 330
20 307
8 272
9 842
5 218
29 635
18 761
14 330
17 453
13 822
18 619
19 282
21 351
11 722
29 952
14 270
15 837
17 392
28 452
15 287
4 302
24 271
5 927
24 460
1 948
8 222
17 772
12 375
25 930
8 402
18 695
17 751
20 671
3 790
0 306
29 876
3 659
18 430
14 423
21 865
5 299
29 948
