1000
4 537
14 396
25 645
9 839
13 758
25 975
26 619
1 991
4 502
14 336
26 515
14 740
3 352
8 305
8 562
29 669
12 945
15 942
7 598
3 732
10 499
4 228
22 565
7 791
18 518
24 372
8 301
15 969
4 597
18 230
7 680
4 614
21 545
11 398
25 646
5 497
23 755
17 683
29 524
20 897
10 364
10 932
28 868
26 232
6 529
23 929
10 595
11 950
13 807
1 301
27 669
19 595
14 332
1 761
20 651
7 878
28 256
27 740
1 885
14 383
22 782
14 323
26 751
12 542
9 272
25 791
11 334
9 220
20 281
4 931
27 383
24 356
17 781
6 661
29 724
8 750
9 672
21 855
9 924
26 627
16 494
7 254
1 309
1 215
16 482
26 432
3 268
27 930
12 792
1 670
24 592
20 208
7 786
3 412
22 301
2 862
7 482
7 703
18 377
1 387
21 447
14 443
5 989
1 740
7 405
7 422
13 604
20 799
11 251
16 220
9 504
25 282
24 928
24 842
22 673
15 550
22 910
21 401
10 861
16 969
27 601
21 323
2 746
28 725
15 846
7 345
28 241
14 843
7 963
17 427
18 253
11 493
25 948
29 332
0 932
8 443
14 537
10 618
14 368
18 251
7 237
26 871
23 492
23 825
19 523
24 416
16 735
14 896
10 628
20 832
23 777
5 918
18 669
22 973
5 231
3 278
14 519
11 408
16 884
17 573
10 819
27 665
5 938
21 668
0 891
3 554
1 561
28 292
0 264
21 291
29 440
0 695
5 480
21 469
13 574
22 668
13 890
15 768
6 713
21 545
20 498
14 617
2 391
28 859
27 346
8 900
29 766
7 445
25 802
7 504
0 346
29 798
22 366
18 321
5 790
28 973
8 744
11 946
23 493
6 648
12 779
24 679
7 693
22 708
14 343
14 967
10 664
0 488
25 410
10 806
28 671
13 652
25 452
17 604
17 467
16 992
13 989
7 761
1 645
28 605
13 335
5 783
15 900
1 461
2 728
18 202
10 549
1 551
1 501
26 837
27 629
7 500
17 964
21 589
19 913
16 499
6 790
6 347
13 237
10 496
4 518
23 466
28 979
22 292
8 947
18 244
8 797
6 829
2 393
28 401
0 349
18 282
10 781
15 983
11 558
24 939
0 845
15 622
5 480
27 879
0 965
16 485
3 251
17 695
29 361
25 359
18 450
21 661
22 570
9 623
27 662
7 687
13 282
5 516
11 328
0 448
25 644
28 656
21 450
19 655
22 376
24 540
24 496
29 907
0 808
24 274
6 482
14 849
15 464
15 384
11 540
22 964
20 612
1 587
6 272
26 233
3 890
25 702
18 318
26 575
27 623
2 458
26 364
2 879
8 817
19 314
22 281
16 723
11 865
23 485
2 657
17 851
25 502
13 612
14 928
4 610
13 755
27 292
7 667
20 387
25 348
16 730
23 602
2 392
16 745
7 428
2 944
16 257
23 380
8 251
12 558
20 504
9 716
7 217
22 379
4 569
26 771
2 596
26 773
16 949
10 853
2 442
16 699
22 316
27 1000
28 610
19 957
23 701
10 858
6 745
9 845
23 373
17 472
29 991
12 223
28 686
2 486
28 570
27 550
18 718
29 661
8 586
5 923
10 818
12 276
21 547
16 486
6 341
27 782
4 358
18 324
25 677
2 856
24 365
16 377
0 295
27 607
2 229
2 748
15 706
25 824
6 202
23 456
20 299
13 585
12 598
26 311
6 900
6 903
6 685
11 368
13 911
28 732
17 449
23 381
29 484
21 346
8 641
15 949
5 648
9 642
13 729
8 344
9 708
6 720
14 704
16 303
24 468
5 793
2 583
11 882
10 945
23 296
2 327
26 732
22 234
25 456
20 907
27 407
15 372
6 632
4 208
21 425
2 454
11 216
10 713
27 523
18 748
26 943
15 717
2 599
16 347
13 914
12 532
15 305
28 947
28 694
19 252
24 608
28 303
7 790
26 617
19 416
26 889
19 340
5 561
19 865
19 907
26 262
14 914
12 319
12 518
23 991
11 818
7 406
13 909
29 459
12 869
17 209
19 959
8 607
12 564
7 337
8 799
24 352
20 671
11 921
15 486
12 298
0 667
18 837
3 238
10 516
25 591
2 664
22 695
12 597
3 762
3 372
20 551
24 276
19 356
11 797
3 774
12 449
11 918
2 203
14 796
22 260
22 350
11 816
15 358
10 884
6 223
9 674
25 949
14 500
28 776
1 495
18 614
5 758
8 568
11 745
10 261
9 553
4 270
8 770
11 941
26 755
9 604
13 596
10 696
28 223
2 777
6 205
17 819
19 829
21 411
16 328
6 886
28 487
8 277
25 433
18 574
29 565
23 636
24 563
21 860
5 528
4 609
26 264
19 328
3 848
2 754
17 367
12 793
6 856
8 831
20 876
14 446
7 722
13 849
24 252
7 310
11 752
15 951
17 335
27 676
5 600
8 836
26 480
19 928
25 534
21 882
24 502
25 630
10 986
17 712
4 512
8 209
12 263
6 600
20 688
3 456
21 673
12 727
9 684
14 292
1 701
2 877
27 625
9 796
22 970
3 690
0 711
8 364
23 846
8 559
14 238
10 366
12 839
6 671
4 492
26 336
11 564
17 247
14 238
18 801
27 712
18 709
10 310
0 363
26 248
24 850
1 907
9 813
29 497
4 737
6 692
15 809
16 352
17 871
9 203
15 551
6 998
24 296
28 966
6 563
20 998
15 738
15 960
29 510
12 612
27 782
20 375
14 490
14 662
23 231
17 496
28 731
12 577
25 474
3 353
10 728
22 888
14 424
19 862
8 912
17 894
5 211
6 639
17 246
28 653
18 888
0 589
17 806
16 999
12 483
21 225
4 487
19 580
21 518
18 273
20 699
11 917
2 953
17 967
1 345
15 793
5 722
17 670
22 256
29 421
5 571
18 503
2 590
11 313
2 774
21 595
20 207
28 833
0 220
17 268
11 205
7 513
13 909
18 629
5 754
8 271
4 477
18 340
24 758
18 215
10 924
7 240
7 908
12 877
4 718
2 987
8 996
14 379
21 652
4 809
5 951
24 794
8 369
6 589
22 798
15 811
10 206
9 389
15 536
0 943
18 479
13 751
21 627
25 815
26 618
25 230
12 584
24 474
16 639
8 784
17 831
25 664
8 664
22 985
19 760
11 607
19 320
19 263
20 526
19 490
10 419
26 591
15 965
27 703
23 428
26 978
29 437
5 524
26 503
2 547
2 465
14 766
16 765
21 659
13 547
20 407
19 466
7 977
17 923
29 913
18 229
13 553
15 957
10 491
8 749
1 624
19 987
5 226
10 992
25 843
18 634
27 209
1 678
12 774
22 553
7 326
11 819
23 968
19 952
15 852
18 239
21 826
11 927
25 258
23 247
22 547
8 987
3 649
28 794
9 986
1 935
2 227
2 950
0 525
3 943
8 420
0 847
23 790
26 353
15 429
17 979
21 452
11 683
27 982
19 593
16 209
23 715
21 419
11 656
9 275
14 727
23 799
29 203
11 337
15 870
22 574
23 892
11 874
18 359
24 343
5 569
12 867
28 252
10 717
7 682
20 888
8 397
17 771
12 632
0 770
4 553
22 548
19 380
0 825
21 721
20 892
9 813
21 325
27 678
26 210
25 699
6 817
0 233
20 855
3 667
21 366
20 911
9 933
21 963
10 594
8 685
17 630
12 630
0 357
2 720
8 679
3 747
11 603
11 430
23 481
28 986
18 531
4 952
10 791
2 856
0 323
24 406
8 360
6 627
14 733
25 560
14 604
18 538
13 467
16 509
10 966
8 229
1 722
19 529
7 238
19 891
9 653
21 862
1 321
29 984
21 213
25 465
28 269
9 426
9 476
6 642
25 481
2 750
18 624
21 455
19 960
2 777
7 514
4 495
28 723
1 435
1 604
16 309
19 485
0 350
17 417
10 752
6 349
19 478
3 795
25 570
12 260
14 256
15 436
15 312
28 831
28 894
21 983
29 791
11 364
7 515
0 811
9 916
19 555
12 643
26 354
18 626
25 864
5 346
25 961
5 720
24 701
19 423
10 819
8 490
19 424
1 873
25 745
12 886
19 949
25 862
29 472
26 475
6 826
26 291
4 805
10 328
17 323
9 668
21 982
20 235
26 389
17 952
24 503
5 498
26 455
24 286
2 259
29 703
1 668
22 461
3 327
9 256
18 463
24 849
21 253
26 890
29 593
19 725
3 324
18 811
19 571
2 808
15 247
23 535
5 734
19 675
5 566
21 851
29 799
13 551
10 551
24 597
20 720
21 671
27 302
17 510
11 317
16 980
25 547
14 949
23 712
8 634
0 262
9 867
10 268
21 220
2 628
10 949
11 486
20 971
26 336
0 599
13 232
15 711
7 914
19 221
17 473
2 211
4 905
12 338
19 682
13 222
3 347
28 422
5 688
3 289
29 707
12 336
29 490
15 1000
13 295
10 900
10 324
9 956
5 518
21 898
