1000
1 552
16 890
5 847
21 774
22 892
22 648
17 283
10 912
10 478
12 633
5 960
26 245
28 664
23 850
0 236
24 653
6 900
17 746
29 505
11 205
5 642
23 822
13 262
29 541
22 494
23 993
5 955
6 900
8 415
19 777
9 617
29 857
19 722
10 800
20 295
5 688
9 705
2 342
14 785
28 671
29 991
26 514
15 389
6 488
18 661
3 760
23 774
3 638
28 605
0 538
22 232
21 395
7 618
28 302
11 881
7 534
12 948
2 293
19 500
27 255
27 601
23 373
3 959
16 677
21 799
23 300
2 595
0 235
6 624
4 540
24 920
12 915
11 448
9 626
16 554
23 464
14 831
10 604
24 554
25 666
22 724
0 745
18 359
20 614
7 316
24 726
2 426
26 802
1 577
22 888
17 948
19 436
26 607
4 285
26 701
19 742
26 339
14 846
21 416
1 431
16 770
28 495
7 840
28 498
15 937
5 399
6 703
0 611
29 204
15 246
27 899
5 714
28 420
24 270
1 353
25 233
21 652
8 678
2 251
23 920
27 377
3 835
11 285
26 424
4 237
21 668
19 664
1 789
8 388
25 913
9 461
7 471
1 953
17 521
3 514
13 984
16 857
11 667
9 224
17 777
27 365
15 305
17 931
17 771
24 290
28 383
12 388
16 999
24 964
19 324
19 764
7 476
5 557
26 296
6 484
12 221
25 457
29 975
17 842
24 928
21 801
25 230
10 931
4 509
17 648
19 480
23 274
24 641
6 631
27 991
6 412
19 419
15 206
17 974
13 539
28 658
20 817
12 616
15 436
21 248
8 369
2 480
2 854
24 431
14 620
28 636
29 330
3 382
25 754
25 453
12 674
3 403
14 887
12 573
20 210
16 1000
15 710
20 877
28 217
14 654
9 559
19 312
0 940
2 625
12 917
4 932
12 575
9 450
28 444
18 735
19 795
24 482
15 435
24 337
26 903
17 584
8 443
22 411
29 867
14 268
3 673
5 241
10 666
12 392
5 799
19 526
10 447
16 316
16 614
29 971
2 910
11 929
24 583
29 599
12 572
18 372
7 796
26 301
24 971
18 321
3 360
26 598
4 647
16 745
12 834
11 774
6 851
3 760
11 888
10 563
8 297
20 720
26 681
7 832
28 599
2 294
4 215
22 862
0 747
23 953
22 855
8 439
13 749
13 667
2 213
11 855
11 758
5 248
5 669
25 490
10 848
29 875
15 289
18 449
12 393
8 254
28 426
12 882
10 755
10 851
22 212
22 669
28 956
21 459
22 801
25 711
23 236
13 553
20 891
3 728
26 901
29 907
11 638
29 677
25 321
7 764
1 873
21 452
21 541
24 273
20 901
18 584
21 468
10 630
23 448
6 998
4 854
8 864
4 969
23 823
0 605
26 465
6 807
28 958
1 327
27 629
21 593
25 937
9 867
13 698
15 576
15 736
28 953
25 844
13 810
8 513
21 961
29 951
22 257
9 699
4 637
15 552
11 442
10 486
24 517
29 889
12 471
27 385
27 449
20 952
24 367
19 980
22 520
6 437
26 644
24 459
9 392
18 986
27 241
13 433
29 544
13 592
6 526
13 752
24 517
2 703
26 372
7 584
19 957
12 393
1 255
28 603
2 974
22 350
18 646
8 289
4 213
12 638
23 821
20 319
18 421
14 479
0 966
22 947
20 847
5 747
29 666
4 735
15 254
4 637
13 946
2 772
26 460
12 392
8 592
25 442
3 516
13 262
23 289
27 377
8 459
21 216
12 996
17 694
11 753
3 344
27 296
15 817
21 743
29 456
27 818
8 469
19 338
17 406
4 416
6 224
8 329
24 831
9 460
18 274
17 986
6 397
27 696
29 597
18 569
14 908
16 444
16 301
22 742
23 934
2 996
19 274
1 704
18 487
2 445
14 918
18 994
26 783
21 591
9 789
22 906
4 830
12 682
3 372
3 398
18 538
19 589
11 652
10 975
2 846
22 497
19 937
2 809
21 692
18 349
16 317
3 237
11 251
13 779
23 969
2 858
8 625
10 929
24 543
3 319
3 659
14 908
27 705
25 486
28 309
21 509
1 660
20 289
10 534
6 552
29 639
4 878
25 832
4 244
2 803
27 284
16 523
20 399
27 377
8 933
2 207
29 256
27 536
21 769
11 396
18 720
3 514
10 557
22 276
0 512
1 354
29 926
29 640
25 333
5 342
17 503
12 329
25 823
23 906
19 931
13 258
18 369
7 594
7 572
24 649
18 649
10 463
4 675
29 314
12 970
21 443
18 856
28 491
19 255
2 419
13 425
16 646
6 307
23 387
14 317
3 870
24 290
14 217
10 779
0 999
24 620
25 775
6 305
22 710
25 244
5 408
11 557
28 600
14 712
11 484
10 722
5 701
27 805
5 288
0 603
25 220
21 321
9 761
19 712
4 926
0 819
1 805
26 753
6 388
2 351
18 699
22 636
21 617
20 796
3 414
14 359
5 678
26 477
29 448
7 767
2 373
18 332
27 365
2 770
2 750
13 774
4 729
25 643
19 534
20 255
11 673
12 971
13 988
24 422
21 311
25 776
2 313
23 877
4 765
1 268
5 429
15 800
16 729
9 734
17 919
26 293
29 969
4 263
1 290
8 701
12 291
29 914
25 423
13 843
5 620
29 926
26 935
14 580
18 201
10 677
19 801
15 364
25 963
3 562
26 501
5 507
19 528
19 975
29 871
20 696
4 722
28 996
13 480
27 397
3 853
23 930
4 379
12 757
22 822
18 548
29 494
22 556
13 308
17 837
9 736
6 242
18 832
10 880
20 539
12 367
3 793
16 205
9 738
13 620
25 520
5 885
3 532
2 419
6 778
11 549
7 951
18 512
19 339
19 868
11 458
26 880
28 621
3 820
6 531
22 368
0 251
29 244
15 989
0 301
23 726
20 929
8 244
12 953
14 368
23 767
3 852
8 626
3 633
22 458
11 868
18 989
10 609
6 859
20 795
27 211
17 219
12 816
17 823
12 741
13 443
13 626
5 567
4 252
0 989
15 681
13 348
28 732
29 975
8 449
4 963
23 740
16 689
6 410
15 846
21 252
8 289
10 245
17 648
0 994
1 669
1 836
22 372
7 667
16 254
29 242
16 875
4 626
20 834
23 748
6 887
8 401
16 344
25 307
8 973
6 348
24 910
16 286
20 865
5 231
26 389
24 924
11 204
18 949
5 963
8 387
18 511
28 410
0 244
19 596
7 470
15 283
20 324
3 387
1 963
1 663
6 825
23 921
1 375
9 904
21 494
8 649
6 424
13 381
6 940
22 854
9 934
15 969
18 951
11 610
18 517
18 400
8 547
8 447
9 732
0 688
13 638
18 623
26 868
11 277
1 717
2 814
14 793
1 355
24 448
21 425
6 359
12 582
8 463
15 729
14 762
13 718
26 514
29 428
11 322
16 872
15 695
13 655
11 403
20 831
8 778
2 603
4 317
2 641
14 345
19 405
18 639
0 590
19 277
0 557
9 450
19 743
13 613
19 426
12 926
0 818
26 977
3 657
11 691
0 404
15 986
15 763
8 358
23 872
28 554
16 848
17 686
8 328
13 959
27 948
26 938
20 455
0 733
13 469
15 834
1 540
8 681
0 927
28 431
22 554
0 886
23 967
9 497
24 648
26 776
14 775
13 635
15 717
22 327
8 880
28 908
23 446
20 730
9 928
16 467
3 406
28 755
12 308
28 624
25 246
5 603
28 363
6 379
13 428
23 717
22 495
1 883
12 226
27 859
21 226
17 441
4 215
10 803
29 653
9 773
13 622
13 570
21 256
28 892
9 393
1 967
23 271
10 221
26 853
4 631
22 475
29 989
12 784
26 811
27 646
27 358
20 638
19 252
18 801
0 506
19 438
3 725
17 896
26 457
12 885
16 999
9 205
23 979
5 380
11 725
15 696
25 486
3 357
26 238
10 450
19 927
0 771
26 763
17 620
5 624
18 591
13 568
7 357
9 554
4 451
5 329
29 594
22 931
0 737
27 261
10 230
7 233
27 501
13 559
19 829
26 754
24 678
15 405
0 200
26 305
3 410
18 297
0 293
23 688
13 221
4 545
16 668
13 235
10 340
26 997
29 932
19 557
28 780
27 450
0 873
28 318
24 568
23 944
10 282
6 717
14 623
7 639
18 380
18 260
0 212
3 724
21 423
15 329
14 420
15 989
25 636
24 291
24 547
18 595
3 678
23 375
8 543
12 456
12 270
7 391
17 901
13 524
16 318
27 444
5 608
25 406
26 948
22 304
18 496
18 428
12 810
16 936
5 234
25 647
26 648
3 877
7 728
0 801
27 447
4 250
25 486
16 627
11 605
11 677
20 813
4 993
6 967
3 967
28 399
3 294
7 753
16 438
23 674
16 615
26 769
21 277
9 858
17 211
22 979
22 707
16 489
19 855
28 654
9 598
22 315
21 639
2 757
6 995
21 373
21 976
13 304
12 569
20 872
22 531
13 295
16 918
