1000
25 831
10 562
22 289
4 393
10 482
29 433
1 742
18 857
4 830
28 500
6 891
17 732
8 725
11 982
20 989
10 683
11 937
2 351
12 848
29 620
29 698
4 345
10 642
23 796
25 873
19 675
23 871
18 416
27 601
5 897
26 947
4 876
23 453
7 454
18 874
5 721
7 913
3 494
26 208
16 730
7 393
26 995
9 610
20 755
23 994
1 430
9 880
25 420
22 502
18 799
10 920
6 850
1 991
25 919
10 768
1 925
29 912
27 449
3 995
16 213
22 512
3 293
28 392
7 991
7 660
14 423
16 318
8 412
24 285
22 533
13 435
9 650
4 793
17 675
18 835
28 576
25 442
20 509
27 314
13 407
25 562
21 791
5 747
4 267
28 443
24 538
0 722
11 945
13 575
20 528
16 608
19 970
7 265
18 357
7 763
17 561
22 441
24 305
12 764
17 269
11 314
11 332
11 404
27 663
25 313
2 781
16 292
21 367
20 400
14 992
26 318
20 317
11 616
19 863
15 937
25 875
26 634
9 994
3 669
4 748
17 200
26 359
22 779
5 216
0 757
5 226
9 629
18 739
4 628
17 637
29 952
17 484
11 896
26 754
21 362
29 947
21 985
2 747
26 947
27 743
17 813
7 525
11 951
24 318
7 700
21 762
17 687
5 274
28 302
14 751
11 225
1 666
16 678
27 719
12 253
26 245
7 654
20 308
7 312
18 540
7 358
7 230
11 599
23 289
23 682
20 450
1 669
15 601
28 960
17 208
9 886
9 462
24 407
11 862
13 819
20 312
10 523
15 409
14 785
24 639
19 901
13 857
20 553
4 402
22 719
23 509
2 693
5 825
18 332
24 256
23 956
14 447
26 996
3 908
8 921
17 888
12 532
29 898
11 975
29 670
4 652
22 490
6 888
12 947
12 401
26 506
17 658
24 852
12 598
0 345
9 363
11 658
15 269
5 572
12 452
21 209
7 854
28 934
2 382
16 788
21 942
8 972
29 310
14 456
21 759
11 518
14 991
27 307
1 271
24 458
14 288
24 814
20 544
17 953
19 719
18 250
27 378
26 790
10 718
26 442
29 730
24 718
8 286
18 859
24 398
6 841
2 781
26 717
24 315
29 415
21 817
17 801
5 214
13 218
5 306
0 204
7 351
2 685
4 446
17 726
23 944
10 670
16 746
16 505
5 680
12 800
15 894
26 502
10 760
19 336
9 793
19 945
15 632
29 228
3 436
10 436
19 340
10 286
25 389
10 721
7 759
4 333
21 203
3 958
15 543
12 897
28 670
6 826
12 822
25 708
1 369
16 377
21 328
22 716
26 394
1 991
26 878
7 630
20 378
8 509
19 533
4 215
19 905
21 871
15 602
18 573
20 589
22 345
21 707
5 497
23 449
18 425
20 852
13 361
4 921
13 975
26 927
9 248
8 886
9 722
18 632
7 984
23 710
21 988
28 464
4 875
11 401
3 286
5 900
24 790
19 511
5 478
7 448
13 443
18 473
23 457
9 848
15 270
20 979
0 741
2 642
22 572
13 752
14 574
16 271
18 636
14 616
8 287
16 498
11 443
12 666
15 251
17 318
5 574
26 766
17 251
1 899
26 749
20 947
6 694
11 933
13 274
2 228
6 892
15 483
10 540
8 309
3 676
14 729
6 952
21 611
17 759
24 437
27 758
15 476
5 461
13 590
15 788
27 941
19 810
5 615
7 399
12 387
7 642
26 615
0 981
26 953
8 977
26 518
1 623
8 580
3 882
9 536
2 255
16 391
16 348
23 234
12 596
14 441
20 364
9 742
12 708
23 606
5 891
7 655
7 419
0 754
3 787
21 925
12 714
26 919
6 877
26 260
9 419
18 935
23 594
15 353
20 994
24 964
19 912
0 914
27 233
1 420
11 622
18 527
8 928
6 919
6 867
25 490
6 843
6 428
24 316
7 540
26 353
14 626
29 744
21 233
11 638
2 539
26 973
12 734
9 432
2 695
25 767
11 743
14 666
26 415
0 215
20 836
1 407
0 417
15 952
21 273
1 305
8 711
22 534
6 900
3 824
17 764
19 358
5 566
22 824
25 457
19 361
4 972
8 711
26 546
18 686
11 966
18 603
25 377
7 671
20 773
12 243
15 575
25 984
4 532
26 389
23 219
5 820
15 903
21 347
3 679
5 813
16 881
12 670
4 553
8 486
11 261
0 394
4 304
12 930
16 796
27 849
17 375
4 390
27 258
23 740
21 989
22 505
25 277
26 745
27 538
4 364
10 255
5 777
4 510
19 534
20 907
0 428
25 539
7 745
28 250
2 498
2 556
27 712
19 326
0 753
11 723
24 713
16 431
3 497
21 468
11 621
17 963
9 870
18 758
8 556
23 922
24 777
10 445
29 613
26 861
12 891
13 368
16 971
17 672
2 826
19 842
21 475
26 594
23 527
13 576
25 305
18 928
23 330
18 236
16 660
1 554
13 941
8 617
9 932
1 399
18 304
17 255
8 368
15 670
28 404
19 238
0 811
3 444
18 964
20 602
14 681
6 865
22 682
19 275
29 627
2 792
28 685
5 464
0 769
10 760
19 413
9 570
29 372
23 447
18 216
29 403
14 942
22 235
29 333
1 346
2 623
26 501
24 805
20 616
25 760
13 915
22 792
13 940
7 438
6 797
28 411
27 406
4 512
16 687
29 595
4 663
3 508
14 470
18 773
18 913
0 919
21 310
15 804
24 317
6 258
9 811
9 917
1 344
5 324
13 741
27 335
25 554
6 297
28 678
20 916
2 425
1 445
21 702
23 512
5 908
15 868
16 203
12 374
21 394
4 588
9 433
2 554
14 965
7 996
28 424
28 211
3 767
20 251
22 243
17 403
21 636
25 658
29 204
2 868
17 715
8 361
24 951
18 417
3 969
18 899
28 938
22 748
4 279
22 291
20 212
8 736
4 397
4 700
0 347
15 292
9 249
6 834
8 430
15 471
16 684
25 426
22 501
15 329
7 850
15 807
16 456
19 740
11 450
9 758
3 425
23 974
7 274
15 366
27 602
6 444
23 874
22 990
25 774
23 329
8 273
11 375
12 640
13 816
0 265
25 590
29 316
7 826
4 824
23 329
6 763
16 691
3 857
17 557
4 435
28 202
5 963
11 776
18 243
21 244
3 299
22 871
21 300
2 436
0 877
25 678
26 800
18 904
9 768
8 347
5 278
18 707
19 617
0 440
17 732
0 926
7 561
27 963
18 204
5 838
5 974
23 642
0 877
0 464
18 295
23 548
26 561
24 951
11 296
24 293
19 752
5 323
20 623
7 376
28 697
27 867
12 524
7 354
25 335
2 654
15 272
0 487
25 355
21 770
14 746
15 890
29 828
15 880
14 774
18 823
25 430
27 751
6 507
21 572
22 770
19 306
23 841
25 244
16 966
25 755
22 328
12 506
13 304
3 777
27 679
0 448
12 805
0 360
23 472
18 796
27 722
18 601
4 383
11 545
27 810
3 363
26 664
28 611
18 472
21 846
14 562
24 365
6 775
26 725
11 243
4 980
4 865
6 596
9 652
20 660
20 269
8 534
29 787
13 386
6 852
8 422
26 733
2 319
10 766
1 440
5 394
23 282
23 519
24 828
1 472
23 763
3 995
1 845
8 754
12 982
23 926
14 635
1 918
9 421
23 836
21 688
8 302
24 641
27 759
25 564
11 574
4 212
27 650
16 586
15 673
28 454
25 697
11 411
24 383
24 742
16 785
11 228
27 469
23 845
19 666
10 661
20 880
21 934
9 601
27 558
9 808
10 843
27 278
5 700
15 688
28 944
9 214
6 903
16 595
19 235
13 686
25 726
18 495
26 518
1 920
20 931
4 838
12 203
26 653
27 296
23 598
5 801
18 530
28 895
22 509
0 925
1 350
16 573
25 341
10 646
11 216
26 668
22 463
15 854
18 698
9 634
20 473
24 668
3 253
25 827
18 813
18 562
16 408
9 469
13 724
4 930
18 742
24 768
16 230
26 644
27 347
28 309
3 727
17 503
6 535
1 933
4 931
28 764
21 302
18 285
11 220
24 236
4 568
21 572
18 947
1 718
18 686
14 369
10 262
14 342
8 792
24 582
0 209
26 918
21 399
15 361
2 467
13 404
5 560
4 899
22 946
12 997
19 501
13 841
5 203
24 904
3 411
20 466
16 573
28 991
23 498
15 840
7 892
20 438
26 497
24 819
26 532
6 305
21 414
16 760
10 835
8 288
0 458
25 676
11 999
24 374
16 259
29 216
26 399
1 209
19 463
6 216
1 219
12 347
20 813
18 489
3 326
18 478
28 904
27 906
28 919
26 293
13 800
1 343
7 540
23 330
17 484
11 356
5 520
7 772
17 498
11 417
1 506
0 947
11 550
11 423
26 775
3 770
6 577
26 861
2 421
17 583
7 479
22 825
13 568
26 382
0 429
3 489
26 406
24 717
11 569
27 649
15 310
18 724
25 505
25 263
17 897
24 502
