1000
10 409
1 631
20 502
16 341
1 245
18 351
7 612
12 807
28 796
22 431
4 315
20 312
6 597
1 620
21 574
7 657
13 615
3 533
18 206
20 636
1 769
7 803
22 879
16 853
5 500
6 430
7 609
12 900
7 429
28 995
23 321
20 683
11 931
13 361
14 407
21 583
15 589
8 713
21 342
0 314
10 938
17 622
12 789
15 940
21 805
24 288
4 862
7 734
22 247
24 601
8 964
9 628
3 771
3 373
3 279
25 765
16 859
22 645
27 849
2 887
8 454
4 890
24 763
14 770
27 212
20 671
11 991
15 821
10 298
16 913
23 455
0 301
25 828
9 306
5 558
14 459
22 976
9 245
23 753
11 756
5 961
6 767
18 702
23 276
22 660
23 419
4 712
2 905
6 526
17 415
2 719
26 248
19 725
2 863
28 468
28 701
1 574
14 256
29 361
21 726
18 669
18 239
26 490
0 604
12 804
5 321
23 397
7 660
15 353
26 571
5 245
12 681
12 250
16 774
8 274
21 975
16 208
6 684
19 228
1 532
25 731
20 681
6 843
10 681
11 933
0 542
18 227
18 708
13 253
16 760
24 470
11 324
13 336
2 737
28 213
20 786
28 393
12 400
12 666
1 228
24 483
13 930
14 547
4 693
20 943
8 388
17 665
0 540
11 954
6 981
13 877
16 711
23 328
2 736
1 783
12 725
23 853
29 764
13 934
1 701
17 899
28 516
22 906
5 619
8 588
3 537
22 231
13 771
26 218
16 406
12 764
6 777
21 503
2 971
3 490
14 275
2 556
22 288
7 481
9 265
6 817
15 885
23 229
22 705
13 909
25 605
5 261
23 574
10 910
8 548
20 729
11 940
25 863
8 794
27 756
13 670
28 849
10 284
12 477
3 260
10 905
1 430
13 587
21 471
1 359
27 525
21 319
13 681
14 498
15 698
2 532
16 487
17 625
29 637
26 446
4 347
25 259
13 238
3 513
7 610
19 557
8 728
11 358
25 640
0 493
1 550
26 648
7 571
29 253
8 746
7 307
17 264
10 846
13 756
6 749
14 858
2 898
21 443
1 937
18 485
20 418
11 828
12 951
2 421
17 612
28 619
9 602
14 455
10 608
25 598
21 513
29 514
0 856
15 275
29 248
23 311
28 392
7 919
25 714
9 423
23 548
26 235
4 917
6 811
18 459
13 246
23 679
16 420
5 268
21 534
26 290
8 574
1 623
20 445
8 713
27 787
2 662
12 527
14 530
29 314
24 1000
13 874
4 764
14 493
24 855
1 898
21 997
11 287
28 323
21 530
26 489
15 226
4 564
28 354
17 429
2 871
5 430
7 367
20 882
26 582
9 620
22 605
3 740
8 765
24 865
10 394
2 304
12 724
14 778
15 578
4 470
3 824
2 789
15 506
2 510
22 604
7 904
21 452
25 577
3 665
28 479
15 468
24 287
1 873
5 935
18 924
18 498
14 620
7 654
25 328
4 928
25 463
16 877
9 425
26 689
20 269
28 341
10 616
14 767
2 956
9 974
14 462
19 368
26 799
12 816
6 897
12 786
18 573
17 400
5 354
28 428
21 422
24 927
25 860
12 326
2 778
6 414
8 634
6 450
5 252
19 790
28 953
8 630
14 547
11 619
18 545
17 683
15 486
28 559
17 654
20 889
28 797
27 395
23 417
20 244
0 609
19 351
18 332
13 758
29 559
9 967
19 333
8 410
27 890
3 577
8 346
15 492
0 277
2 846
18 402
5 531
17 826
12 894
28 269
10 472
8 911
2 876
5 846
5 932
13 592
22 960
10 812
2 415
15 394
27 518
10 213
6 220
2 352
26 680
3 523
2 906
6 463
15 203
24 461
23 524
19 401
18 240
9 428
16 383
7 451
27 904
19 765
8 352
13 918
18 579
29 295
17 273
17 516
1 631
28 539
17 739
27 667
18 491
16 803
4 204
3 618
19 296
5 340
10 346
24 421
14 890
10 428
25 261
21 506
26 341
1 731
13 338
13 221
29 225
13 291
27 335
16 866
9 763
25 666
6 479
27 412
13 592
12 695
4 554
9 742
16 734
2 793
14 331
13 877
19 668
6 813
21 272
28 621
11 308
12 924
19 913
28 327
26 983
15 785
19 870
17 552
19 652
20 847
19 301
4 799
0 308
29 650
1 853
4 556
29 568
3 253
2 847
22 353
22 421
16 586
2 886
25 315
10 385
9 699
26 827
12 876
22 308
17 515
7 228
10 734
21 701
14 940
8 595
2 360
26 793
3 561
17 802
28 886
10 323
3 202
15 356
28 770
0 405
11 554
22 357
13 783
15 265
5 340
4 918
12 644
27 477
4 204
10 392
13 948
0 969
24 631
16 673
26 701
23 741
15 983
8 403
24 661
15 843
9 691
26 452
3 782
1 585
3 204
13 944
21 497
8 474
15 603
26 389
9 865
13 245
27 461
29 618
7 430
9 678
7 513
22 754
24 247
1 542
22 217
4 276
16 576
0 411
17 706
5 563
8 757
3 785
11 855
4 861
25 370
7 282
28 652
2 318
17 420
12 591
5 889
20 375
4 801
11 651
9 712
19 518
8 300
1 777
12 799
10 725
18 347
7 474
4 819
22 344
1 741
21 349
11 872
2 398
3 582
20 799
4 489
18 701
16 734
20 607
29 911
22 494
28 616
13 509
19 557
17 300
29 808
10 535
26 764
13 610
11 475
7 846
9 216
1 274
8 950
9 455
28 327
3 730
6 225
10 894
15 249
17 678
13 417
21 587
10 871
22 459
17 997
14 770
3 650
27 852
2 267
10 939
28 974
13 772
24 782
23 934
15 548
5 439
8 989
27 861
1 296
26 503
13 890
16 432
8 670
6 575
15 797
3 396
25 492
0 404
7 439
12 398
15 512
4 240
4 918
13 980
2 470
8 634
27 551
10 996
27 398
24 303
15 528
5 879
11 366
12 544
12 392
13 891
27 988
3 526
0 662
6 275
23 518
10 728
6 978
29 776
21 821
1 582
14 462
6 903
25 791
20 805
4 319
21 613
23 999
21 363
7 538
0 792
27 886
13 572
8 228
6 203
12 283
18 409
11 303
25 732
6 429
27 847
2 610
4 721
4 612
14 264
26 355
22 916
6 811
4 799
24 584
22 668
7 593
7 976
9 547
19 672
7 511
15 405
29 368
8 558
17 295
0 691
1 717
5 621
4 350
27 948
2 702
8 573
20 612
23 260
16 428
24 213
14 659
23 249
18 733
8 840
29 758
26 600
29 996
22 378
19 592
25 666
25 999
20 501
28 653
29 273
3 529
11 990
5 840
24 498
16 327
14 649
3 953
1 631
18 815
11 554
6 691
6 565
2 774
11 561
11 729
8 714
26 809
20 390
5 594
6 615
8 365
19 611
4 807
23 320
20 538
5 477
9 688
8 933
21 764
14 682
6 447
9 256
8 350
15 337
12 466
8 707
24 459
23 550
28 967
4 533
17 836
6 1000
22 703
16 205
17 784
16 424
23 447
7 745
12 548
18 551
15 972
0 793
13 495
0 877
4 247
28 682
13 282
17 594
28 929
29 902
23 586
20 404
28 215
7 588
23 623
8 709
4 616
8 755
23 526
18 550
24 650
23 769
17 538
6 548
6 635
15 396
27 621
5 252
3 577
17 372
21 904
4 488
25 222
14 746
6 649
11 869
5 653
3 950
1 429
13 223
25 572
14 777
11 934
24 689
22 938
10 501
7 340
26 463
15 487
5 540
8 981
28 289
3 588
2 476
27 619
2 844
21 478
0 286
16 711
11 236
28 614
25 492
11 236
8 808
4 690
23 844
27 869
17 470
5 378
17 722
2 694
23 672
20 742
9 259
16 544
3 495
24 486
23 460
17 661
25 624
25 489
23 522
8 767
29 325
6 539
22 851
5 303
24 432
14 981
24 436
19 883
12 506
17 320
3 966
9 849
27 765
12 543
6 998
6 231
0 949
18 935
8 298
24 231
22 806
26 598
25 826
4 441
19 455
18 998
0 948
2 459
25 448
20 992
10 946
14 617
24 210
9 258
22 896
23 722
28 386
3 384
18 583
0 571
21 980
16 779
2 595
26 599
12 288
28 306
26 671
8 355
12 574
9 445
26 926
13 254
2 244
9 997
12 271
18 712
2 569
2 317
2 591
14 608
29 316
3 490
10 861
14 751
8 429
16 926
13 720
19 403
21 251
27 376
11 846
5 902
14 556
29 286
18 752
8 654
16 344
1 878
15 459
13 276
6 213
20 985
4 660
13 222
19 222
22 611
5 837
21 269
4 942
22 995
20 806
5 403
10 694
29 546
17 548
10 966
2 359
22 814
15 236
2 726
23 820
3 767
22 463
7 344
25 578
20 937
27 960
23 444
0 471
22 239
8 755
22 281
6 909
29 848
17 792
17 771
15 489
12 509
10 506
20 491
25 715
11 467
7 274
20 736
19 865
29 773
16 532
29 651
21 322
3 750
0 797
18 634
