1000
16 713
9 719
7 246
29 827
18 586
18 618
6 517
20 825
8 244
1 926
11 869
15 243
4 739
11 897
11 354
27 630
3 864
29 415
4 812
26 233
21 585
24 815
17 314
24 455
29 437
22 579
19 623
23 333
4 521
16 651
23 231
10 223
0 280
16 764
10 260
29 797
11 868
1 961
24 548
24 916
28 403
22 346
1 792
21 267
21 720
22 621
21 882
1 892
19 855
8 207
23 802
10 704
9 686
13 255
28 675
27 250
13 810
29 476
0 490
17 240
2 924
2 853
29 470
24 882
6 905
18 344
11 380
10 823
12 463
0 787
22 552
4 956
4 513
13 774
29 565
3 884
13 300
28 748
23 309
2 884
27 972
20 347
11 586
1 827
3 654
23 295
3 503
5 410
28 468
27 486
26 284
27 673
11 463
24 301
10 816
12 862
4 301
21 968
28 661
5 593
22 644
15 901
17 600
8 787
4 732
28 332
20 405
4 220
5 925
23 851
11 681
26 819
0 574
5 465
7 977
8 861
7 612
3 758
2 252
8 715
28 243
24 618
20 529
9 821
27 846
21 956
5 979
29 919
12 386
18 201
23 915
23 621
20 478
21 907
22 677
0 227
9 516
14 437
11 696
2 266
15 539
1 892
10 618
5 443
7 459
11 225
7 708
16 294
18 671
14 437
11 665
5 725
25 861
23 762
24 752
7 639
14 820
1 348
12 600
5 706
10 665
8 356
16 885
21 549
13 365
15 442
23 474
16 772
3 929
27 980
14 235
22 389
1 304
2 278
27 771
1 761
14 336
20 492
24 830
26 530
23 794
26 843
7 702
28 434
13 666
12 900
4 481
8 530
20 204
25 994
14 484
2 838
17 537
13 773
23 927
20 621
21 535
3 563
26 841
5 468
8 930
25 227
12 732
9 705
29 563
28 415
10 550
7 250
14 879
7 472
17 322
20 822
26 430
2 393
24 953
29 873
3 205
20 630
13 510
22 272
1 902
3 508
8 876
21 970
8 657
11 775
9 961
2 529
29 614
16 546
13 545
19 874
7 778
1 795
2 690
11 931
13 901
18 378
2 411
25 428
24 376
24 965
7 875
20 486
23 952
21 945
13 460
15 912
11 839
24 686
13 230
7 203
28 958
1 307
15 985
16 546
2 448
3 747
19 837
21 458
21 505
9 948
2 985
4 393
28 655
16 364
23 584
1 347
17 567
5 314
19 439
25 231
8 948
5 502
27 679
0 678
1 519
21 973
4 430
4 498
27 390
19 580
22 632
3 405
10 525
24 365
6 579
17 980
5 494
14 772
6 865
19 424
18 328
10 375
5 523
8 693
17 214
8 227
1 406
17 444
6 323
29 971
1 965
20 677
14 626
22 830
5 235
16 997
14 340
23 464
28 818
26 566
21 260
17 498
16 429
4 851
24 928
26 883
11 240
28 239
12 572
5 407
28 765
19 584
28 656
2 665
19 362
12 920
6 512
5 208
23 588
24 993
8 978
12 876
6 268
8 650
4 472
25 931
3 646
19 457
13 565
20 611
15 486
11 657
20 955
3 822
21 473
26 542
14 485
8 558
27 776
4 994
3 818
4 780
16 335
6 299
22 353
14 686
14 298
12 660
24 523
28 406
22 611
17 390
24 425
13 210
16 869
29 760
15 757
2 738
21 484
1 316
19 452
24 602
19 386
3 841
23 871
24 375
12 832
16 354
16 894
26 258
18 783
18 338
5 909
0 545
26 662
17 437
2 859
3 209
23 540
7 760
8 911
13 674
28 609
1 359
10 821
11 491
25 359
15 993
0 956
0 907
11 389
6 932
28 429
15 320
19 696
16 654
5 686
9 915
14 572
8 591
21 686
26 802
2 900
21 604
14 808
29 466
8 320
25 498
10 589
14 515
8 498
0 835
26 895
19 802
2 644
18 433
6 948
25 968
18 440
25 352
10 362
12 246
24 272
14 972
27 886
29 910
0 351
24 992
19 409
22 705
26 816
18 917
25 287
15 556
7 547
3 638
27 365
13 933
9 518
1 306
25 617
13 233
21 244
18 765
17 789
10 672
26 908
12 393
15 795
1 607
8 758
26 828
0 435
21 451
9 262
3 631
20 441
0 343
13 220
17 694
14 313
14 482
23 721
17 369
9 478
5 676
20 885
9 692
17 439
1 683
8 752
29 384
24 338
3 627
9 443
29 334
7 496
15 693
14 479
11 872
9 608
11 292
24 492
22 735
1 333
24 517
29 388
19 678
19 215
24 325
11 585
28 319
13 774
24 967
27 458
29 989
13 207
15 780
23 808
26 548
14 212
6 320
22 968
29 747
4 764
11 925
10 962
8 787
6 814
14 551
25 840
14 833
3 252
13 403
15 341
22 380
28 644
24 485
3 824
26 694
13 930
26 996
2 445
13 955
4 781
28 640
4 220
13 785
9 211
28 547
26 873
26 440
18 332
17 932
22 861
27 941
28 263
5 426
7 660
9 1000
26 597
20 218
20 683
6 917
1 297
14 477
16 434
23 352
28 671
29 493
22 647
25 577
2 257
29 628
13 979
7 525
22 429
4 256
10 439
29 573
6 387
21 468
3 811
10 493
0 772
1 222
18 787
29 545
5 546
0 323
19 238
13 864
2 287
29 476
13 535
22 780
25 500
11 261
29 294
5 758
13 851
1 422
13 773
18 684
2 215
6 579
23 865
2 264
11 635
22 655
11 724
18 330
20 769
20 360
14 658
22 324
26 242
21 793
16 219
7 813
0 209
10 653
3 207
10 813
22 303
21 897
12 657
9 606
25 884
4 735
3 637
17 525
6 954
15 829
10 715
21 652
21 533
29 950
26 792
0 206
22 231
23 958
8 682
10 973
2 810
23 350
14 744
6 852
14 752
19 925
1 541
15 973
16 310
1 862
18 421
26 615
8 299
4 701
4 671
16 890
23 698
0 547
18 380
0 888
23 496
11 872
9 956
28 440
18 277
20 868
27 638
9 684
16 268
11 953
4 205
0 469
25 595
10 769
14 996
29 739
25 671
3 213
16 522
28 903
21 559
3 479
25 430
26 529
22 991
6 551
21 278
9 739
14 985
17 369
25 815
12 536
0 212
19 487
25 682
11 395
0 711
21 579
20 714
26 218
11 538
3 464
27 310
15 433
24 522
28 247
12 243
2 565
7 918
23 762
15 834
27 672
25 597
28 634
29 674
4 541
3 738
22 962
9 227
2 968
5 359
21 320
26 527
11 954
13 406
4 413
7 968
12 363
22 839
6 900
9 775
22 369
21 945
10 556
9 485
25 816
28 464
21 550
8 478
4 726
20 826
9 224
14 858
8 544
4 603
5 265
21 984
8 686
21 280
28 375
19 879
3 887
16 245
6 427
8 898
8 920
10 959
8 440
12 218
8 286
20 807
26 226
4 976
0 870
1 568
24 971
29 963
28 536
13 375
11 883
16 213
2 249
4 429
28 608
4 965
7 622
0 529
6 564
11 697
20 677
14 703
0 598
8 804
2 358
26 796
10 302
7 642
12 854
20 714
8 281
12 543
3 872
7 861
28 428
11 749
5 298
11 665
27 848
9 574
14 252
11 209
19 633
6 690
8 445
19 318
7 411
11 514
3 917
28 786
21 854
16 863
15 272
9 422
19 460
20 221
12 960
18 492
6 686
3 720
0 386
2 221
4 791
1 946
4 678
0 758
10 222
25 851
22 834
9 852
9 687
20 953
22 799
24 777
14 968
29 257
6 246
21 896
26 970
25 497
10 472
2 367
2 910
15 491
19 911
17 236
6 416
17 673
4 734
25 335
15 336
10 527
14 844
4 351
11 241
8 312
11 520
14 803
2 429
3 445
26 261
20 592
26 897
20 268
1 439
17 926
25 920
26 591
8 715
16 506
26 759
13 434
0 944
29 412
13 697
0 539
6 944
17 997
2 384
16 262
13 420
22 630
14 833
21 564
14 862
26 841
6 459
8 857
21 593
13 573
24 684
9 348
9 590
5 280
16 751
24 273
29 547
10 986
21 784
23 405
3 925
18 469
21 256
17 698
18 223
4 403
28 569
18 595
2 760
1 794
3 489
7 801
5 632
15 467
27 738
22 925
21 446
10 345
18 472
23 810
19 373
12 707
18 226
7 437
14 323
27 253
1 976
25 830
27 847
9 648
28 209
23 891
8 488
17 961
1 744
28 393
11 975
15 289
13 823
7 572
8 946
2 646
25 434
21 631
25 416
2 540
22 846
11 784
16 921
14 288
23 871
15 599
23 200
11 935
2 497
2 742
17 939
1 699
28 358
25 964
20 679
0 264
21 253
22 352
13 259
14 254
16 853
28 872
13 455
23 585
13 539
1 781
24 986
17 670
29 625
19 996
24 360
28 240
17 806
13 717
11 884
2 975
4 725
5 282
2 750
29 592
29 548
0 646
0 521
17 664
5 722
18 945
16 746
12 694
25 568
21 270
0 992
23 707
10 865
11 412
8 785
25 475
17 895
5 778
5 303
