1000
6 261
14 602
23 237
15 201
26 803
9 860
21 879
1 318
8 357
7 836
18 811
18 322
15 778
22 304
28 307
3 519
17 235
2 549
28 545
9 581
10 704
16 674
18 993
19 512
4 879
15 323
9 932
12 938
6 822
2 750
17 518
15 770
6 967
15 703
12 746
14 547
13 498
15 448
14 777
6 783
16 415
26 525
4 349
22 434
10 720
13 853
24 780
16 726
12 931
23 761
27 871
23 337
17 759
13 957
7 999
23 227
24 637
9 219
17 862
2 735
2 970
22 962
17 600
13 955
18 274
14 425
10 660
1 569
29 765
14 251
11 779
28 665
3 375
2 367
28 729
22 759
23 277
3 822
25 317
9 795
13 862
18 583
0 305
8 373
18 483
18 306
24 338
7 976
17 255
15 415
2 441
21 982
3 407
7 518
20 811
16 475
10 202
9 797
1 581
20 533
26 714
20 892
19 570
27 822
14 273
10 779
26 571
23 582
7 682
1 502
13 647
26 720
5 793
9 889
1 414
10 912
18 930
29 344
24 517
24 363
3 219
13 500
24 833
11 276
8 501
10 515
18 719
24 401
14 955
4 673
24 568
0 316
12 653
2 660
14 401
8 376
3 458
10 482
11 670
0 820
4 887
16 674
8 455
13 408
3 601
17 473
22 492
9 384
11 743
13 689
15 532
8 776
16 215
16 756
4 662
10 735
10 921
7 418
24 607
18 428
14 966
12 548
16 667
3 530
1 562
27 777
2 607
22 614
20 298
16 497
4 575
8 451
3 917
6 555
16 887
8 506
4 842
26 817
17 846
5 889
8 629
0 263
27 732
15 951
24 963
26 285
9 802
3 502
18 512
5 818
3 678
4 437
8 889
4 552
23 246
5 377
29 735
18 973
9 817
15 492
26 663
1 574
11 214
28 940
21 822
21 214
6 797
18 412
4 662
12 695
10 245
6 914
5 854
29 832
21 996
16 950
24 529
9 261
15 765
13 601
3 856
21 417
1 808
27 732
5 508
8 531
2 742
1 555
1 543
26 533
19 285
8 345
28 894
26 504
22 966
19 974
17 804
8 491
23 543
15 616
27 230
16 224
22 671
10 529
21 223
17 407
14 316
12 414
18 461
20 787
21 562
3 648
8 961
19 747
21 217
2 584
11 572
4 652
5 573
21 873
5 834
5 542
13 295
27 268
14 877
29 934
21 1000
7 854
24 657
27 457
17 641
14 253
28 688
21 936
27 843
15 649
1 777
13 642
14 469
0 519
15 517
28 315
3 322
10 824
1 939
6 654
9 720
15 927
13 513
8 600
10 657
5 942
28 478
10 685
2 771
14 363
5 953
18 466
13 749
21 915
12 479
29 603
24 592
8 384
13 624
28 736
22 795
24 217
23 406
24 708
29 673
0 574
8 400
1 251
1 216
19 894
22 979
19 867
16 547
2 357
26 308
13 324
16 649
1 789
24 944
21 818
23 834
9 920
4 576
6 759
26 980
10 786
2 600
26 589
0 888
12 821
18 240
16 375
25 891
8 668
19 977
0 348
28 951
24 826
4 770
24 212
7 260
17 337
10 305
24 374
21 207
13 277
11 554
24 886
7 681
25 365
16 828
13 367
18 210
17 940
7 619
20 522
2 771
17 493
12 506
21 914
22 951
14 706
20 762
10 597
18 380
24 364
22 270
7 513
9 722
2 475
18 517
7 413
25 213
13 974
7 229
5 887
19 628
18 683
16 286
16 506
1 840
19 694
5 333
3 228
11 851
13 916
6 453
3 241
4 912
9 463
14 598
3 654
29 367
18 605
9 357
21 691
10 218
26 644
29 453
23 230
23 465
22 762
4 402
3 281
15 381
11 775
20 510
11 860
28 673
19 844
29 267
15 878
5 401
26 755
28 857
21 320
12 663
14 242
25 208
23 708
28 399
18 900
3 327
2 323
24 463
3 589
21 842
12 495
5 719
8 979
12 466
1 322
1 890
16 886
0 685
3 487
28 498
14 393
0 892
6 884
22 437
22 281
21 511
24 300
24 315
17 574
9 609
23 372
12 316
16 830
19 541
12 632
11 982
16 640
29 691
1 414
23 281
18 395
2 494
3 884
6 386
11 666
6 345
24 633
29 599
3 343
3 707
10 809
10 398
29 388
11 481
16 660
9 548
9 790
13 664
12 890
15 438
5 439
9 941
23 873
3 995
0 299
26 684
11 968
28 998
0 719
22 949
6 378
20 400
23 604
7 549
11 250
25 834
9 957
7 890
4 599
18 252
11 710
24 582
0 462
13 361
14 403
26 348
26 956
9 427
0 616
23 450
3 780
12 791
17 356
26 578
24 257
14 612
24 512
7 872
7 332
4 474
13 810
2 767
23 621
9 329
12 240
20 764
17 519
8 782
22 541
16 585
17 784
22 908
29 213
10 568
5 489
25 585
11 324
13 586
15 479
0 250
10 755
1 960
11 809
18 459
20 635
6 301
7 639
15 664
29 434
1 405
5 834
1 559
9 719
26 226
27 280
12 769
8 698
20 607
17 540
29 642
24 593
27 892
7 940
0 357
3 655
27 432
7 625
18 229
11 473
28 460
7 369
28 606
17 371
12 597
22 779
24 211
29 861
6 859
17 397
25 961
12 975
3 591
6 485
22 604
3 627
0 332
0 370
7 568
22 476
17 810
5 501
4 424
28 482
14 904
29 656
12 961
20 730
28 727
9 423
21 747
18 649
7 762
28 835
20 476
9 501
13 540
14 648
7 824
6 214
22 629
22 852
16 973
16 238
26 560
4 506
26 813
23 633
20 679
28 471
12 224
26 782
23 610
10 673
24 537
21 372
13 755
8 407
25 518
12 694
7 226
16 417
0 465
25 720
2 409
26 274
12 885
7 323
26 882
12 742
1 819
0 738
2 366
7 481
9 958
13 864
20 525
5 956
4 735
14 972
8 766
20 274
9 201
5 230
1 453
21 233
22 366
3 739
8 678
25 998
4 756
6 510
20 423
21 347
2 870
28 820
21 467
7 589
27 469
4 393
25 741
17 716
12 685
22 970
11 559
12 732
0 490
26 551
7 973
8 663
6 878
28 258
24 968
0 254
17 905
29 779
12 386
0 404
24 471
27 325
23 232
7 845
21 398
1 558
0 452
4 570
16 322
27 688
6 918
25 917
9 674
28 571
9 419
26 555
14 364
29 687
3 947
23 825
3 691
12 331
4 556
5 929
28 356
7 546
20 497
18 280
19 554
24 922
7 777
8 561
16 382
11 652
24 754
24 622
18 930
8 851
15 465
4 955
5 406
17 206
11 767
18 277
29 568
3 667
10 931
4 707
12 342
4 228
9 330
3 551
0 986
27 425
22 561
24 400
24 213
18 318
10 339
13 418
25 544
8 472
22 520
17 363
8 942
21 757
4 912
17 554
12 746
7 843
4 726
18 344
7 556
0 780
3 777
27 879
7 253
6 621
3 426
1 290
5 702
0 635
15 999
21 951
14 445
23 497
5 854
27 772
10 210
21 912
23 302
13 203
12 492
27 711
4 655
7 542
11 498
3 534
10 223
17 412
28 551
7 651
23 529
22 269
28 937
23 364
29 977
17 443
23 780
21 278
10 262
16 845
13 799
0 475
11 821
16 914
4 964
12 215
7 804
11 211
8 340
6 701
16 524
10 646
7 988
19 945
12 655
27 974
17 675
16 651
12 923
17 821
13 957
11 231
28 418
12 756
5 678
22 721
6 962
6 999
24 928
9 493
28 515
26 805
8 952
21 790
29 536
15 955
5 832
17 290
26 976
19 551
22 309
15 521
14 449
12 962
7 693
29 529
26 583
24 787
26 577
15 314
23 340
20 410
25 534
4 594
0 750
2 896
23 660
12 224
14 367
3 985
7 432
12 566
0 420
10 499
22 771
16 954
28 312
26 988
25 984
10 775
9 787
11 861
25 812
20 959
15 737
16 484
27 255
10 945
25 745
20 297
19 290
14 734
22 828
26 283
6 984
23 272
14 800
29 264
23 459
29 250
22 244
10 748
20 695
15 870
20 248
11 786
16 630
19 722
27 273
28 246
21 742
16 972
4 927
8 808
9 522
29 836
25 439
13 509
23 546
12 809
1 592
6 710
24 617
1 666
21 664
4 820
10 268
20 945
3 689
5 431
11 427
24 380
4 889
18 457
24 716
11 834
13 858
1 924
16 206
26 789
22 557
4 838
13 884
25 600
11 699
18 910
7 554
21 207
23 594
26 554
10 836
4 279
2 519
20 391
6 327
7 702
12 593
6 350
24 459
16 684
12 362
26 431
20 388
14 988
27 379
4 466
29 540
17 697
24 347
11 915
26 624
9 829
14 806
4 600
19 445
4 211
8 605
8 737
19 787
26 225
26 934
7 213
17 570
10 872
9 890
0 722
2 476
18 765
13 674
3 343
16 392
11 619
19 368
12 445
18 808
15 610
1 827
20 982
5 912
28 715
12 890
26 617
20 302
3 669
27 471
18 523
20 299
11 252
