1000
19 785
2 402
24 975
28 476
25 330
11 958
20 837
12 258
21 709
11 773
13 640
5 508
19 440
3 895
23 777
15 683
0 316
17 370
11 781
22 864
2 796
16 268
28 821
2 644
26 717
19 1000
10 746
19 340
11 464
27 927
14 601
6 883
1 748
11 786
23 511
20 372
20 284
7 940
0 571
9 630
4 323
16 568
3 882
21 452
22 857
0 494
13 839
24 671
12 685
5 293
9 574
14 694
21 388
28 870
5 591
6 581
13 370
25 462
9 246
28 968
22 465
24 242
2 869
16 947
29 581
24 324
1 467
27 713
18 636
14 466
24 432
12 459
7 795
6 344
20 974
15 888
29 721
29 464
17 893
19 898
15 994
5 472
8 425
0 846
24 445
28 232
29 263
29 528
6 775
13 237
14 829
17 360
21 1000
29 948
6 340
4 294
15 319
16 638
23 527
17 364
8 330
8 416
19 209
15 541
28 690
4 467
7 639
9 653
22 291
11 777
5 957
29 909
26 978
23 554
9 682
17 632
29 272
27 335
5 982
21 593
22 392
17 871
23 825
3 894
13 332
27 626
3 874
18 217
13 682
8 746
14 981
4 606
13 308
0 252
18 490
0 858
25 926
18 282
18 817
18 771
17 304
1 732
23 659
19 247
0 287
13 814
4 546
10 629
19 464
4 612
18 558
22 821
0 913
15 316
29 232
1 451
29 407
25 622
1 248
15 444
23 899
6 922
7 999
28 936
16 221
14 547
14 878
14 381
9 656
3 897
20 778
22 888
2 219
22 651
24 299
18 213
9 889
20 425
19 314
18 249
27 541
25 736
0 259
7 218
0 729
14 563
27 331
6 546
15 631
22 533
29 382
11 684
18 566
23 205
4 874
17 290
14 633
13 579
26 554
10 777
21 941
5 600
27 562
17 470
18 818
27 754
2 721
11 291
14 591
25 900
13 527
29 898
16 576
20 301
20 615
12 833
14 536
16 405
3 913
1 942
7 454
5 508
27 805
20 675
17 815
21 236
8 940
7 421
20 690
12 433
19 564
12 728
26 351
24 254
5 409
14 968
8 385
3 620
17 478
27 875
22 656
17 756
14 271
18 584
20 222
13 449
22 724
19 780
4 871
0 426
2 478
24 821
19 747
15 425
18 290
11 842
6 622
13 713
26 984
27 626
4 478
14 609
17 929
1 803
4 682
29 293
5 667
11 636
15 790
17 641
22 406
5 979
21 354
25 720
16 915
21 898
17 391
8 945
19 388
0 560
8 264
10 516
8 631
19 367
18 456
16 786
0 601
5 252
5 201
29 982
29 246
6 271
10 555
12 616
29 764
5 513
8 485
23 249
17 803
28 795
23 346
2 226
3 978
13 622
15 625
27 295
22 241
23 869
12 310
17 384
7 434
17 731
6 568
17 477
1 484
23 859
26 988
25 862
4 384
9 365
6 866
28 676
21 831
10 837
18 751
16 929
18 930
15 946
15 266
8 814
18 948
23 824
28 994
12 377
24 436
26 490
13 745
17 624
15 923
10 519
13 752
2 970
2 224
16 303
2 254
8 631
1 956
4 804
15 270
28 582
9 455
19 560
20 901
13 532
2 869
29 425
29 685
3 760
3 910
12 966
25 442
29 261
10 476
25 896
8 496
21 542
4 612
11 646
16 336
14 698
27 825
6 926
13 685
4 443
11 895
2 556
23 434
15 286
24 633
14 334
28 458
22 534
16 717
4 685
1 662
21 881
22 411
9 227
29 769
0 523
23 885
22 958
9 269
25 364
17 205
16 262
7 867
20 407
18 654
9 875
14 777
7 875
25 919
16 798
5 983
9 935
0 750
6 586
14 458
5 621
15 493
8 974
25 249
22 486
21 858
15 440
23 538
5 929
22 517
11 579
3 576
29 803
26 417
1 347
28 979
26 980
11 406
25 902
23 631
8 575
2 925
18 746
1 907
3 897
25 880
5 407
28 815
15 497
18 238
2 570
16 446
15 738
10 825
14 871
29 752
27 403
7 299
21 665
12 510
16 282
17 359
20 308
24 951
19 603
10 964
17 968
1 435
14 493
5 538
18 269
26 877
26 796
18 201
22 543
25 702
25 911
29 757
18 282
6 896
2 756
11 336
0 642
7 968
3 802
21 679
20 245
4 860
15 381
8 537
4 672
0 958
19 975
14 693
16 872
14 335
6 976
18 873
21 619
13 799
20 881
14 604
8 247
4 286
28 451
14 971
12 383
6 499
17 537
10 353
14 391
22 660
26 990
9 382
5 691
21 956
17 595
28 761
13 937
8 394
27 272
24 994
21 893
20 276
26 485
25 753
29 985
16 593
5 319
18 470
0 942
24 285
9 669
23 669
18 775
12 837
7 713
1 442
9 684
8 417
12 312
14 840
13 718
11 240
23 834
29 699
23 387
18 881
19 741
13 212
20 775
20 336
1 675
28 657
23 910
6 202
9 231
7 818
7 867
18 757
13 828
6 887
11 294
21 280
18 881
17 360
6 214
25 977
27 294
29 554
21 577
5 678
0 910
12 799
28 327
14 265
19 600
23 522
26 354
9 921
4 867
8 759
27 920
15 771
22 481
14 554
5 660
17 578
3 491
24 280
22 548
1 534
25 727
10 442
12 581
25 750
19 951
0 368
0 301
26 657
9 203
6 393
15 584
21 805
20 435
16 692
25 928
8 945
1 324
21 270
14 469
2 811
25 274
9 307
24 633
13 432
28 859
7 530
29 791
17 282
5 697
23 396
3 403
5 742
11 505
10 681
1 230
19 930
4 489
26 750
26 674
15 520
26 914
12 349
14 658
3 923
16 321
2 586
9 392
10 646
15 248
16 371
0 503
4 826
13 742
22 859
3 765
19 556
28 918
21 777
17 524
27 278
15 821
13 836
20 578
7 510
13 993
11 487
8 598
18 452
29 316
13 861
7 399
11 791
5 439
24 856
11 387
5 245
17 764
22 732
2 714
4 789
24 521
23 878
18 477
22 452
25 239
16 635
11 226
4 342
6 302
12 326
6 441
13 974
8 439
22 609
17 308
26 920
3 741
6 867
28 594
3 643
11 235
5 286
6 404
7 750
12 564
10 638
10 819
14 346
21 444
22 781
21 728
9 245
26 633
3 931
28 277
22 390
27 811
10 665
25 471
9 422
11 872
17 752
5 400
25 962
25 444
13 425
1 764
13 513
6 292
13 800
8 401
16 927
20 243
9 374
17 642
3 776
27 987
29 542
9 755
2 796
17 487
15 227
0 848
24 722
7 256
17 351
26 802
26 930
0 957
1 517
14 286
4 459
9 769
27 476
24 278
9 834
15 693
9 385
26 687
27 399
20 920
7 280
20 284
23 242
15 304
29 404
18 499
21 708
8 205
15 449
25 678
19 653
27 510
25 919
10 467
1 621
2 994
2 855
6 311
16 765
23 307
5 264
7 351
23 839
14 410
9 797
28 731
3 924
5 213
21 379
28 782
13 851
13 799
2 866
14 908
1 735
14 236
4 689
13 891
25 298
1 484
21 311
11 798
25 686
11 822
18 884
13 324
2 644
4 887
25 206
20 210
18 412
11 643
18 220
0 347
26 561
3 436
13 970
0 894
5 857
0 389
27 213
5 934
27 417
11 345
14 215
8 715
9 854
0 604
8 440
10 237
2 473
10 328
29 724
26 247
10 555
9 676
25 544
29 424
25 448
28 948
3 909
16 987
17 259
14 346
16 900
20 905
14 618
23 280
26 825
16 215
18 914
13 374
22 838
25 982
13 543
26 305
13 718
1 903
0 542
19 293
13 205
17 672
26 485
23 765
7 516
8 631
10 569
23 818
17 927
12 853
29 360
9 939
27 512
4 668
7 522
24 957
25 336
11 803
16 767
9 205
16 652
3 703
22 422
18 965
7 906
8 381
5 888
28 532
6 256
28 342
6 306
10 953
24 771
21 534
10 380
7 857
12 771
16 640
10 754
15 419
5 684
4 938
28 659
27 600
29 443
11 246
4 744
13 269
15 338
0 724
28 240
17 914
20 841
5 819
1 521
13 917
21 246
16 999
11 591
15 695
20 574
6 565
21 430
21 736
19 973
17 810
26 310
15 827
28 966
26 342
16 225
28 672
11 656
13 370
10 735
6 986
29 308
3 485
22 944
1 855
1 447
23 833
3 271
8 360
6 946
10 292
3 893
28 883
12 474
3 947
13 468
15 668
0 838
23 939
6 969
10 332
11 707
5 568
8 841
9 504
13 794
3 350
20 450
14 604
8 660
6 820
3 333
26 614
10 312
13 946
17 714
21 896
10 737
26 580
3 744
25 425
18 839
1 571
16 924
4 754
8 719
12 938
25 477
21 267
7 874
3 455
3 753
0 240
24 549
25 684
25 839
18 502
4 947
18 254
24 947
0 468
20 838
27 430
2 807
5 212
14 786
25 684
29 492
2 353
6 638
12 829
13 551
4 854
19 404
5 339
10 299
27 318
24 262
1 679
11 274
27 204
21 633
18 700
