1000
12 840
9 482
14 822
3 942
17 982
10 531
26 923
19 256
26 591
23 518
1 449
18 244
20 238
10 275
16 229
12 493
15 550
22 394
16 537
6 533
9 756
9 508
21 682
5 806
16 512
19 375
24 580
17 335
7 695
28 731
13 533
5 581
18 500
19 834
1 488
12 394
28 977
0 611
11 769
13 562
1 272
1 370
20 444
28 224
15 324
18 443
29 628
23 638
6 239
13 430
20 714
15 942
24 565
16 894
6 903
0 938
2 245
26 989
16 608
17 651
12 900
27 851
3 474
18 534
26 892
26 778
24 581
1 537
12 421
29 695
8 203
15 649
19 622
18 562
18 229
21 439
21 896
9 369
3 541
12 510
2 916
17 388
4 258
26 502
18 621
13 337
20 782
22 895
20 835
21 368
21 457
15 229
5 861
24 304
2 305
29 886
27 569
21 344
17 753
3 968
28 392
1 958
8 250
3 848
19 382
26 466
4 460
21 742
21 823
16 625
22 275
19 970
4 782
19 354
26 788
10 266
1 799
16 563
27 929
16 815
24 309
14 500
22 698
22 657
29 783
18 412
29 577
19 977
27 323
28 512
14 753
8 223
3 336
15 828
23 344
0 496
23 605
15 856
25 972
7 248
4 631
18 671
2 944
14 783
22 898
26 663
4 270
17 469
8 936
11 638
28 598
23 374
11 751
3 220
3 272
5 612
10 858
25 747
18 634
1 737
22 846
26 235
5 514
0 777
6 233
24 972
4 832
6 235
5 426
7 651
13 793
14 264
20 531
8 249
16 781
22 640
4 949
27 590
21 612
22 706
22 840
20 833
3 867
13 277
10 869
3 514
19 402
17 625
20 910
29 464
29 720
8 238
8 718
24 631
7 564
1 765
2 796
11 231
21 513
19 961
20 503
18 534
20 288
24 559
12 304
2 579
6 967
6 303
16 236
26 829
17 878
19 344
17 254
11 251
10 455
22 478
13 411
11 355
9 952
29 878
11 983
21 797
29 771
3 219
18 813
16 802
28 226
0 777
9 767
27 405
2 442
25 709
17 699
10 499
6 781
29 963
18 527
25 202
11 494
28 999
22 354
8 376
18 642
15 720
6 478
16 310
4 603
17 586
21 451
1 672
26 921
14 223
11 520
28 648
12 707
1 401
21 934
7 594
2 561
22 737
15 242
18 645
19 286
20 302
15 468
20 931
15 799
26 970
28 695
22 511
16 735
1 929
9 789
23 574
4 637
21 508
18 978
2 709
9 203
6 452
16 646
17 772
23 549
24 790
20 492
17 770
24 203
5 603
10 405
11 215
26 642
24 893
14 285
23 880
19 792
20 317
12 914
29 380
11 256
18 273
8 808
12 408
10 547
17 682
4 790
16 893
16 806
9 470
10 810
7 978
18 684
5 701
14 890
9 400
0 563
23 789
27 505
12 920
3 920
20 419
14 902
3 859
13 687
24 689
26 550
9 833
0 748
3 313
3 403
2 971
14 565
8 431
5 443
20 426
2 602
21 946
6 224
3 940
1 830
2 404
23 445
9 481
4 871
12 979
12 731
25 892
13 820
12 903
9 323
24 419
27 754
19 421
12 393
10 432
22 775
29 358
0 376
20 568
4 999
10 716
23 929
25 563
22 541
27 339
6 390
1 499
22 435
14 991
8 501
18 255
3 898
22 226
22 493
28 577
17 402
22 736
5 229
15 586
25 840
19 570
6 594
26 688
18 597
13 522
13 966
5 847
17 834
4 549
7 1000
25 569
4 565
1 559
17 471
2 698
11 670
5 567
6 365
22 873
20 939
4 836
28 977
14 258
20 715
20 746
24 561
12 665
21 772
21 527
20 878
7 951
18 358
8 811
0 783
13 546
8 327
17 380
6 880
13 207
28 548
7 271
18 399
9 681
1 587
29 894
0 807
14 376
11 242
18 360
20 704
4 864
2 521
24 693
20 880
23 257
28 990
0 704
15 218
12 521
12 452
20 712
4 336
29 360
1 579
10 396
1 273
13 678
20 907
10 984
15 630
12 353
0 340
3 709
21 201
9 322
25 322
28 504
25 667
3 678
9 790
27 366
14 828
28 480
9 478
16 200
25 799
16 330
11 899
22 862
21 844
5 716
16 647
18 589
9 417
15 286
28 383
26 517
2 726
12 575
7 769
15 202
12 837
29 541
3 992
26 758
13 415
24 645
18 810
21 695
2 374
4 941
19 845
8 478
26 341
25 449
0 663
18 292
24 322
4 913
24 544
9 778
25 875
19 841
8 716
28 718
15 264
7 466
19 239
15 721
9 793
17 830
4 372
8 841
13 611
22 423
7 590
14 848
18 924
21 749
3 748
22 912
16 540
3 442
3 438
25 290
12 502
27 307
27 857
7 515
1 575
14 877
22 277
10 967
16 762
22 849
14 736
21 303
2 820
3 747
21 211
21 400
6 692
29 550
9 736
21 762
4 509
17 382
26 638
16 927
12 842
23 578
27 638
24 318
11 279
26 952
20 921
14 730
22 710
27 677
24 983
11 733
13 270
5 573
26 204
29 475
28 254
18 549
9 872
14 930
19 447
16 732
17 760
12 651
3 245
17 718
16 549
0 887
22 795
2 431
17 734
18 254
11 761
5 835
24 275
3 963
14 486
18 380
6 795
3 209
20 369
5 763
14 556
23 844
14 398
5 362
1 367
4 328
25 532
29 377
1 692
15 284
24 836
29 577
8 605
7 735
25 475
17 379
15 612
15 204
28 303
28 726
11 881
8 384
4 428
20 766
16 962
4 415
21 741
19 640
9 728
5 813
4 654
1 504
14 700
14 251
22 677
18 468
7 756
6 918
21 534
1 616
9 586
5 823
4 451
2 495
4 829
22 938
29 603
28 227
15 674
18 678
27 319
17 363
4 765
15 537
7 379
12 721
15 730
29 467
7 283
11 452
29 809
10 841
29 657
8 356
19 939
22 918
22 590
13 439
17 692
15 566
28 581
18 518
25 577
11 672
8 495
27 802
9 890
27 999
10 756
18 622
2 714
12 709
5 645
25 941
14 884
0 519
10 352
25 535
21 724
20 220
20 376
16 434
3 621
22 386
0 372
11 909
29 382
14 558
29 323
24 957
9 268
19 785
26 615
16 291
1 435
20 994
10 761
1 910
24 229
3 390
4 608
12 790
11 929
2 844
6 403
15 568
2 453
15 592
13 901
13 358
7 967
24 347
23 428
10 778
21 316
10 807
24 291
5 235
14 925
7 379
6 376
6 439
21 542
17 361
0 607
14 792
20 989
26 780
13 613
13 939
5 267
27 938
0 869
22 792
19 612
1 411
9 396
6 796
16 963
7 295
22 445
29 451
11 458
19 278
20 375
14 307
26 940
28 581
1 267
28 484
24 956
17 486
10 301
25 996
8 432
3 815
21 277
11 468
0 793
25 608
0 580
12 262
29 394
20 332
5 864
12 942
19 412
29 679
7 698
19 763
26 423
15 265
9 737
22 269
2 754
29 966
17 741
25 236
21 296
9 896
27 654
0 393
8 675
29 633
14 560
3 898
25 734
4 626
28 206
21 499
10 897
3 769
19 930
15 322
7 474
7 728
13 871
17 227
27 382
6 645
14 347
20 436
29 381
10 253
12 539
21 379
29 866
25 563
11 747
6 696
6 226
23 374
20 376
10 353
28 205
18 258
6 885
9 668
22 908
25 912
9 645
9 514
18 329
1 963
8 562
29 977
0 902
24 870
11 342
11 358
12 214
28 388
14 837
11 968
26 590
4 516
24 949
16 730
7 365
20 958
23 885
1 749
3 599
3 455
18 672
13 700
28 724
28 425
10 877
20 520
27 852
22 532
7 305
1 417
14 242
11 483
6 511
11 671
16 349
7 896
28 600
4 497
29 329
1 238
26 969
23 716
7 737
15 733
8 916
0 238
7 486
29 797
15 819
2 568
11 235
26 568
21 570
0 854
19 497
29 392
22 472
7 236
12 785
8 436
26 696
21 907
15 941
24 228
16 303
3 651
26 294
16 645
10 202
12 326
24 391
6 548
8 765
16 830
21 629
25 301
22 872
29 649
11 942
22 492
17 619
29 648
17 208
10 456
14 880
16 762
11 605
16 438
17 751
17 981
4 713
7 438
23 203
22 564
4 233
19 338
0 929
11 360
8 420
29 737
3 683
8 969
9 708
3 564
12 429
23 537
23 900
8 283
23 816
11 934
21 769
5 845
28 502
16 746
11 711
9 766
7 792
23 995
13 851
3 732
16 675
0 333
27 963
17 904
22 602
19 663
26 475
14 883
5 839
10 578
11 727
8 469
13 971
23 589
24 768
18 640
23 706
23 758
7 299
25 592
28 795
15 611
13 475
6 320
15 201
26 508
9 440
25 660
9 513
0 506
28 334
16 784
1 232
9 960
23 259
24 557
12 439
11 894
2 489
3 921
19 482
24 240
4 617
0 202
16 253
9 512
18 278
1 278
4 510
4 458
22 538
9 557
3 444
14 925
22 935
16 366
