1000
29 555
18 658
12 953
14 700
26 707
26 619
3 502
12 578
7 563
26 613
1 800
19 450
1 820
13 358
14 704
3 231
17 475
4 727
6 392
7 829
17 967
9 652
11 785
17 931
18 900
9 341
26 837
12 703
22 356
16 761
20 715
12 339
12 714
22 372
17 719
7 776
19 308
5 425
7 236
25 306
10 583
13 986
14 503
19 619
17 868
26 716
21 735
16 304
22 364
12 490
24 935
8 448
26 451
14 596
24 390
26 571
3 469
8 309
8 843
24 775
6 483
6 390
19 601
6 535
21 452
20 993
16 210
7 681
5 715
0 913
15 745
29 526
10 796
7 303
13 918
14 962
27 354
12 776
1 537
12 216
10 833
29 536
1 616
22 900
13 656
27 817
26 803
1 237
20 298
17 947
3 617
21 415
2 246
28 938
8 961
15 829
29 314
7 839
5 544
27 297
11 208
21 627
9 374
19 277
13 743
14 798
23 403
25 589
15 761
28 364
1 781
16 520
24 257
20 894
3 254
22 333
16 836
3 654
22 395
18 988
13 649
16 649
18 786
26 962
24 994
22 559
23 430
6 406
16 754
3 275
12 868
27 736
3 935
15 440
26 708
14 417
5 559
28 362
23 399
25 656
12 726
26 548
2 679
16 851
16 894
12 956
8 264
25 968
12 393
0 530
18 237
4 500
24 877
14 524
12 376
3 814
23 283
7 466
28 870
23 603
16 627
5 559
2 331
28 781
19 536
5 426
0 621
0 725
23 600
13 562
19 808
14 807
5 685
9 240
7 856
23 998
9 434
11 953
8 219
19 533
16 967
23 961
16 845
0 763
27 697
10 765
4 459
28 816
22 600
9 818
7 285
29 502
25 990
0 389
16 412
21 735
5 273
12 570
14 854
6 970
1 580
1 316
26 701
14 202
9 313
20 888
1 416
18 374
15 634
27 452
28 682
28 641
12 895
9 497
7 716
3 207
29 357
22 652
8 219
13 594
29 818
13 945
22 993
23 691
18 767
4 996
14 302
5 669
4 581
24 297
9 710
17 315
19 682
1 426
5 433
8 998
22 596
8 431
19 363
28 330
13 795
16 878
0 215
10 276
0 621
9 613
17 577
7 322
19 505
6 999
4 977
21 272
23 975
22 264
28 824
26 643
21 316
9 348
13 923
12 568
16 946
26 463
10 777
10 248
7 841
7 960
3 831
13 525
2 459
14 505
1 755
2 327
22 747
15 638
21 617
24 961
18 880
25 242
3 333
28 824
10 241
9 581
15 957
6 390
3 424
9 468
18 721
13 459
29 932
21 953
3 991
9 223
14 245
11 876
1 688
23 611
10 349
0 507
14 327
16 634
13 590
10 515
14 826
11 248
11 904
2 580
26 528
27 866
0 281
15 598
25 494
6 305
3 438
28 444
18 731
9 918
3 658
23 208
13 551
16 907
25 919
28 299
28 624
12 386
9 988
24 719
19 647
3 780
4 436
23 599
13 861
26 591
12 863
0 796
18 673
27 216
6 634
12 628
28 546
17 348
10 268
20 853
14 771
9 421
1 585
7 777
11 825
25 340
0 870
17 414
19 498
7 379
19 281
21 986
2 203
1 775
14 848
4 435
4 676
17 985
28 701
0 479
11 463
28 988
13 586
11 417
2 654
20 504
24 407
9 204
14 686
1 673
23 331
3 792
27 635
18 884
1 658
13 790
29 386
28 729
27 926
26 746
2 493
21 436
26 469
26 224
21 947
10 593
15 684
7 870
14 839
3 894
23 951
9 519
19 322
15 698
0 700
20 450
23 916
9 548
7 456
15 212
27 832
21 376
10 842
21 772
15 392
12 890
3 928
8 671
12 631
27 680
9 243
11 618
29 492
1 522
24 206
25 431
22 522
24 539
4 755
21 838
24 866
27 888
19 851
29 218
11 541
15 435
25 394
15 559
19 758
23 580
1 788
0 311
7 444
1 900
29 441
9 519
18 803
10 616
4 359
28 203
5 943
21 470
3 428
15 610
12 865
19 986
21 822
16 684
28 242
16 426
18 529
1 393
28 427
20 300
19 324
23 202
25 336
4 870
3 945
27 922
20 335
19 738
15 597
8 464
29 228
22 232
23 599
26 920
9 322
1 246
27 523
18 340
24 708
2 675
26 560
27 549
0 500
9 461
19 711
15 346
17 258
23 383
13 622
26 699
13 343
25 864
29 431
13 611
0 823
22 597
11 609
26 399
5 674
20 857
14 966
0 526
8 673
9 686
3 306
18 642
13 882
4 306
21 246
9 852
9 309
9 321
19 902
17 791
7 457
29 357
3 636
20 538
25 606
28 792
6 473
19 280
1 594
13 587
12 568
18 338
28 408
23 940
17 708
3 202
12 322
27 320
28 544
20 238
23 955
0 994
26 588
11 457
12 330
6 343
10 217
26 527
5 306
12 792
2 368
7 555
8 552
5 258
17 731
29 894
8 836
15 587
26 815
11 726
10 755
29 310
10 712
12 243
21 284
7 942
22 939
18 632
13 397
26 827
7 249
22 234
19 377
3 285
28 929
9 463
27 585
17 831
29 326
6 360
17 388
15 605
28 213
23 259
22 257
23 703
16 918
13 779
17 322
13 553
8 767
26 691
22 337
18 948
19 788
26 675
21 828
10 742
18 479
26 209
5 541
1 450
13 290
4 295
13 755
14 313
20 472
16 593
27 701
7 441
15 523
28 680
17 216
15 997
14 786
4 579
12 901
20 519
1 314
18 641
8 744
20 593
10 349
12 366
0 764
28 503
20 665
15 674
16 233
24 430
9 710
23 558
2 418
11 899
19 522
0 319
13 419
17 477
9 587
8 661
2 719
0 310
10 588
25 934
14 605
27 633
3 944
26 650
10 438
26 414
2 591
1 560
8 218
25 875
2 979
3 589
10 934
5 720
8 921
12 276
19 757
4 486
18 473
5 900
25 643
15 299
15 906
9 358
15 876
3 922
10 749
18 802
26 577
10 883
3 718
14 548
13 884
13 742
21 412
5 301
18 846
15 248
17 891
11 368
4 878
23 732
25 228
8 608
4 367
28 966
7 940
0 262
22 556
29 867
7 861
6 265
15 230
7 971
0 727
5 472
4 286
0 642
23 378
12 620
4 630
2 529
2 899
24 303
27 689
8 661
25 519
22 350
0 996
26 883
3 843
21 815
18 238
27 421
1 818
18 378
22 640
24 233
6 442
10 878
26 793
25 502
3 893
9 341
10 285
16 232
14 561
27 903
0 803
0 541
25 535
8 669
20 202
27 413
25 421
6 695
3 696
26 334
6 290
25 391
14 642
16 840
3 578
1 654
5 522
11 635
9 771
4 667
28 838
28 238
0 875
27 982
9 589
23 310
8 760
4 520
5 980
19 992
22 811
17 979
2 585
27 240
23 547
3 917
29 253
7 945
17 491
27 788
10 912
18 772
28 878
22 543
11 385
11 354
6 314
26 862
1 300
8 778
2 732
14 878
11 526
16 562
19 709
4 358
23 553
9 926
23 429
6 253
19 636
28 600
18 947
5 641
22 724
18 490
0 500
5 680
7 286
15 283
19 869
27 891
20 367
10 400
6 986
29 830
25 254
24 335
10 372
14 712
8 485
21 292
21 783
7 676
4 665
14 909
12 353
6 666
6 312
4 445
5 277
22 407
4 801
28 243
29 929
17 812
22 254
23 941
28 954
5 437
4 469
24 410
7 413
16 318
6 514
23 759
24 864
27 519
21 698
15 553
24 746
25 745
8 218
14 389
26 250
22 445
28 602
5 612
4 381
12 900
12 341
3 831
17 205
24 787
23 655
23 897
21 625
17 816
18 807
16 731
13 854
22 537
16 677
25 809
18 711
27 983
19 748
28 924
29 300
12 418
20 480
2 343
5 966
19 900
6 624
9 958
28 398
17 310
9 774
16 229
8 986
18 548
10 559
5 682
14 675
5 879
27 884
24 548
15 760
19 203
13 595
3 341
6 203
8 659
3 994
7 291
21 304
29 854
28 971
28 341
15 347
27 225
2 628
15 340
15 599
18 835
29 879
2 603
28 504
17 997
26 886
26 683
26 823
6 240
11 792
25 790
13 582
15 864
24 874
4 348
6 632
28 553
10 742
12 333
22 662
20 320
29 714
21 880
22 836
6 901
12 623
6 766
15 337
13 406
0 839
1 294
8 417
22 826
21 856
10 544
29 640
4 362
23 940
20 601
27 334
13 806
14 679
8 999
6 778
6 704
22 222
12 404
18 351
29 393
5 958
25 850
5 798
7 713
0 477
19 710
16 260
14 349
28 636
26 466
13 631
23 507
2 829
24 426
23 475
3 412
26 299
16 654
2 919
14 906
26 308
22 639
29 360
2 670
3 447
0 402
0 456
7 479
8 953
0 316
27 680
3 794
24 658
4 808
5 841
16 238
27 802
23 331
28 942
9 294
6 607
13 211
17 786
27 614
0 888
6 392
21 479
15 306
21 520
26 977
4 224
29 373
22 786
9 714
