1000
16 375
14 774
9 429
6 951
10 676
2 425
9 216
13 294
4 876
20 636
14 635
22 398
19 382
16 756
16 235
2 713
6 311
16 620
4 622
17 607
19 262
22 834
20 356
28 237
8 857
27 228
8 751
24 273
5 843
8 369
22 377
19 690
23 577
22 583
7 843
19 892
5 723
4 299
18 459
0 765
4 329
6 698
16 265
6 662
29 286
18 833
22 711
17 296
16 852
17 354
7 813
21 348
19 526
23 916
11 824
3 627
1 798
4 517
18 229
3 910
18 788
27 921
7 528
20 952
13 718
12 632
1 624
9 896
8 785
13 627
29 785
2 567
11 265
17 824
22 639
17 990
20 386
26 692
10 730
2 389
22 675
25 972
5 939
15 271
23 380
24 205
2 672
6 231
14 397
27 513
17 274
1 576
18 846
19 508
17 613
21 648
26 328
12 741
18 891
16 655
18 790
10 513
7 492
25 337
14 549
8 224
26 805
28 578
9 411
11 810
24 212
7 712
28 447
26 531
7 882
18 225
29 790
17 986
28 908
4 720
17 377
28 545
9 616
0 718
23 541
7 389
0 584
12 371
23 510
20 683
5 396
26 502
4 658
3 217
18 992
29 801
24 360
14 322
26 788
19 495
10 615
11 761
7 480
6 600
16 837
24 262
11 872
20 408
28 955
6 334
14 804
25 420
20 982
20 414
4 318
18 852
4 203
21 231
19 849
25 950
2 873
0 521
25 362
11 405
16 388
2 327
29 847
26 331
2 746
5 450
12 751
24 822
12 225
29 778
20 658
9 452
16 649
18 203
5 897
29 261
9 526
19 519
19 396
20 979
22 201
6 412
23 446
7 645
12 378
18 360
6 432
14 423
25 383
18 625
13 386
15 743
11 643
19 341
3 242
14 841
12 576
19 341
14 988
5 958
3 662
4 923
5 245
11 785
1 651
7 326
18 796
20 523
25 575
19 434
5 232
18 793
25 996
29 688
11 558
10 787
29 749
14 275
21 870
0 756
12 259
21 222
21 519
24 869
29 412
16 233
7 453
12 891
2 826
11 573
27 505
3 365
21 603
8 468
19 966
0 830
26 556
15 465
14 656
10 287
12 530
17 837
11 423
27 631
10 355
5 343
21 889
26 260
4 875
5 486
29 409
26 933
2 614
13 279
28 542
4 841
15 402
17 717
16 803
29 312
3 417
22 754
5 713
23 366
14 656
26 586
0 838
10 345
0 528
22 574
28 486
2 819
8 739
3 678
25 609
9 926
3 945
1 387
6 691
3 681
14 262
7 657
2 389
6 595
1 576
4 756
11 805
10 342
14 532
11 935
29 520
18 949
20 695
16 945
20 890
22 419
7 626
13 842
11 434
23 447
13 572
4 764
12 633
27 357
17 520
24 776
26 247
5 370
16 358
24 276
4 751
29 295
12 567
3 779
21 799
18 408
24 259
8 734
6 841
15 970
1 466
11 362
16 996
26 845
28 721
8 478
12 948
23 490
14 966
22 274
3 569
26 319
2 763
5 305
12 621
20 903
22 946
10 250
18 632
3 222
15 972
0 890
11 355
8 820
10 735
21 229
28 521
24 517
4 920
16 790
1 384
23 572
20 249
3 322
22 828
12 201
24 834
18 777
8 483
15 216
15 356
0 331
9 970
22 852
1 749
24 646
4 695
11 538
27 780
15 769
13 374
24 920
23 903
12 616
13 871
20 957
16 951
10 470
13 685
28 910
17 746
4 774
21 328
1 516
26 217
12 632
26 753
20 273
1 971
21 766
13 858
12 668
13 221
23 529
26 680
26 822
21 920
26 468
24 278
28 219
16 1000
17 685
22 475
15 391
25 475
24 546
28 897
6 642
19 523
27 266
8 654
10 728
25 811
12 210
10 451
23 259
11 435
16 319
5 755
2 325
8 489
17 984
28 629
18 975
14 251
27 709
8 515
22 445
27 341
26 514
25 555
9 893
10 392
25 280
1 337
12 204
12 732
8 422
29 664
11 431
9 205
7 736
0 875
11 911
5 449
14 621
14 874
7 306
10 457
19 587
25 775
1 225
0 762
7 817
12 928
25 755
19 839
1 209
19 286
6 553
1 407
17 391
1 629
18 702
29 763
4 905
12 882
13 725
3 455
28 216
14 367
3 836
9 658
17 222
21 664
6 217
24 729
17 447
12 845
9 627
8 819
19 799
29 284
14 785
10 382
9 982
27 385
10 302
12 347
10 304
3 773
12 802
18 913
3 636
7 607
14 438
9 406
28 786
22 467
7 1000
16 669
8 903
11 349
18 319
10 551
3 830
19 906
17 612
16 899
0 905
22 464
15 892
3 233
12 297
21 300
12 719
10 924
14 502
13 950
14 493
20 951
29 925
14 766
8 457
11 425
21 639
0 695
25 460
11 401
15 879
5 305
12 551
29 263
10 218
18 736
10 337
7 539
7 450
5 319
29 852
22 475
27 641
5 862
27 793
5 760
12 840
2 255
17 511
7 488
11 460
15 655
4 340
24 379
28 569
11 529
23 789
28 759
26 259
17 586
1 882
12 982
17 328
9 268
9 687
29 730
27 918
3 761
6 763
29 463
29 452
0 795
9 662
5 498
29 981
11 648
20 456
12 757
13 891
27 332
5 204
24 585
6 807
10 363
4 365
11 946
24 606
18 952
27 534
4 674
16 460
3 957
3 602
9 690
18 817
2 573
24 709
26 741
23 222
14 418
2 562
5 594
6 660
7 298
2 254
13 265
10 950
27 424
19 331
14 876
9 953
8 865
15 351
28 835
16 997
17 482
7 905
17 337
26 930
26 442
26 206
6 774
16 759
20 570
26 994
4 506
7 435
2 697
6 638
8 659
11 976
11 833
24 984
8 625
3 812
4 994
18 762
4 857
16 782
1 375
11 517
19 631
3 826
14 633
16 972
0 874
0 650
14 917
6 917
17 411
15 462
19 237
0 932
22 952
19 774
14 766
0 874
3 938
7 429
2 207
10 464
5 265
4 968
21 501
8 361
4 658
10 723
0 747
20 567
14 564
4 787
18 933
13 990
5 984
6 274
19 918
18 715
12 474
24 385
11 655
18 461
10 654
5 618
22 337
15 802
29 569
29 208
27 466
11 699
28 371
3 515
8 379
19 960
26 979
26 645
17 939
25 652
21 422
29 960
4 593
14 300
20 302
17 426
13 548
3 982
15 776
12 300
8 870
22 534
14 689
21 801
20 923
26 246
14 830
23 923
22 813
27 827
4 265
27 890
4 933
12 224
28 949
12 640
12 621
18 511
23 654
1 424
14 238
20 730
7 237
26 264
22 927
19 568
9 276
7 353
22 630
4 766
17 947
17 559
12 989
9 884
18 334
3 978
6 875
12 285
6 643
29 435
0 879
18 792
11 474
1 342
7 674
26 338
7 533
6 612
24 727
7 569
28 522
11 236
24 438
3 732
19 929
0 938
21 612
0 480
2 284
9 367
9 550
9 668
17 931
6 314
7 799
20 267
27 487
22 786
29 709
9 861
23 979
1 446
20 265
25 867
5 567
20 840
29 945
0 565
9 580
11 507
3 365
12 394
18 455
28 887
9 433
23 295
29 289
8 470
11 781
22 807
19 437
23 996
17 234
27 995
10 419
19 248
25 324
7 686
11 606
23 829
6 684
19 943
25 463
17 442
27 987
13 858
26 459
26 249
25 421
25 232
5 320
10 559
20 990
29 223
14 333
3 204
4 728
12 228
9 432
27 320
15 467
7 487
27 941
14 563
17 787
1 732
10 268
2 997
10 637
0 394
28 756
24 200
17 571
21 815
11 634
6 847
15 506
18 263
22 499
24 633
3 280
16 409
21 620
29 669
13 953
9 612
3 527
10 910
7 902
13 616
10 937
19 287
21 695
27 506
12 394
3 691
4 403
13 389
19 827
18 527
0 740
5 588
7 449
12 218
4 706
21 295
7 428
8 707
27 242
24 635
6 683
6 956
1 356
13 761
23 648
19 962
16 500
14 573
28 869
14 463
20 439
6 971
13 249
25 930
9 379
28 432
12 471
28 727
3 471
3 497
27 340
15 557
13 790
27 405
23 634
18 449
15 725
10 323
25 986
12 295
18 888
15 588
1 440
22 991
27 318
11 879
9 955
24 449
24 330
3 449
5 889
28 783
23 505
19 585
17 336
4 874
5 672
9 267
19 912
2 569
3 264
11 469
24 520
8 378
28 413
25 664
27 606
15 601
11 923
16 670
21 619
27 431
5 578
11 493
17 890
11 669
4 273
24 349
25 407
15 600
8 424
25 633
16 656
10 423
11 535
19 639
7 210
24 575
11 610
19 341
13 879
3 214
15 956
15 766
29 398
18 594
23 657
2 254
16 485
14 632
18 851
15 301
11 984
18 829
14 980
24 244
10 342
27 656
11 911
18 547
11 494
5 329
22 969
15 447
7 983
0 563
5 655
26 699
12 828
20 909
24 843
26 608
23 471
22 623
0 667
27 617
15 425
17 492
29 735
7 892
