1000
5 968
22 780
22 229
9 555
27 280
4 209
18 995
9 643
11 854
2 535
25 561
10 257
20 944
9 887
20 467
14 582
19 792
26 924
8 995
10 486
3 443
24 808
14 644
28 378
20 970
24 817
6 333
14 346
29 977
2 687
11 609
2 929
14 904
22 514
9 473
19 308
12 761
26 981
17 455
3 657
26 229
13 538
4 312
6 499
13 953
19 402
18 876
7 934
25 554
11 535
5 295
8 998
4 623
16 936
20 838
13 311
20 495
6 648
18 249
20 664
13 332
8 329
13 270
14 440
23 627
14 516
15 847
21 785
4 928
26 718
27 267
19 931
13 389
1 924
12 402
18 784
23 449
25 735
23 909
19 883
18 654
7 853
1 928
25 598
23 814
27 295
19 390
0 837
25 266
16 375
21 970
12 699
25 672
16 691
2 933
6 500
9 863
7 428
29 839
25 313
28 688
11 400
19 400
15 216
18 739
5 485
12 910
13 468
27 954
4 948
22 629
11 978
2 404
11 273
18 461
13 260
27 803
4 408
16 448
25 391
26 347
7 835
14 313
2 780
25 787
15 348
5 697
4 233
19 706
28 790
3 365
22 239
9 810
24 377
7 664
16 222
29 813
8 218
4 633
25 295
24 547
11 646
18 994
20 746
6 606
11 332
6 535
16 787
9 555
8 564
4 980
5 778
10 338
0 462
0 394
11 502
26 982
16 643
11 482
20 906
2 644
3 250
10 271
11 669
26 956
29 656
15 683
16 737
29 416
28 263
24 251
15 966
20 344
28 626
9 852
29 882
14 699
29 839
25 935
8 875
24 393
8 627
9 720
0 541
1 747
8 637
3 869
9 954
6 558
24 517
28 756
5 807
14 214
27 570
25 758
6 713
5 584
28 470
18 645
16 509
27 813
9 264
0 649
9 918
17 708
21 851
12 993
7 890
15 785
8 308
7 770
0 939
13 452
22 997
3 641
4 470
27 558
14 466
17 238
13 454
9 503
26 947
8 281
15 612
17 932
19 758
3 785
4 800
0 732
7 795
7 554
7 644
9 287
13 452
15 365
4 707
6 856
23 661
9 907
16 801
10 757
24 610
23 606
14 238
22 719
4 621
23 371
19 726
25 483
19 308
2 310
20 314
27 964
19 844
19 370
17 749
27 802
20 265
15 607
7 290
29 298
16 817
27 586
26 440
29 407
23 849
13 708
16 731
22 668
11 539
14 835
4 201
4 998
28 962
0 727
17 353
1 786
7 532
23 946
27 966
3 633
8 329
8 895
12 357
5 206
12 962
14 208
17 221
10 840
4 488
8 290
4 284
2 568
16 690
17 861
5 750
1 602
3 321
2 433
9 217
22 459
25 261
8 221
14 840
17 301
18 583
0 224
11 733
16 247
0 838
2 887
5 639
18 540
24 419
27 468
23 516
16 434
15 431
8 922
3 432
20 509
17 363
4 903
12 396
14 640
5 727
10 984
22 291
26 834
3 782
29 907
24 796
3 394
8 901
9 689
4 607
18 796
7 394
4 267
11 959
18 603
2 325
14 954
26 472
14 549
24 789
11 495
19 590
15 583
22 503
3 337
1 460
12 510
7 794
14 525
28 738
4 770
12 302
11 704
5 727
7 293
29 203
9 255
16 231
2 248
0 751
14 409
21 213
13 590
10 541
25 616
11 596
9 481
29 536
29 201
7 536
27 745
15 766
22 210
2 309
26 415
11 576
24 737
3 632
23 393
22 641
16 391
3 607
6 743
6 326
21 810
1 759
19 858
13 722
17 856
27 580
29 231
21 239
10 388
13 704
26 900
10 758
23 684
17 338
0 941
3 824
15 685
15 948
6 617
6 658
24 215
8 367
10 856
12 983
4 749
5 585
7 633
19 958
10 956
5 990
5 554
16 988
21 517
1 641
6 415
17 556
16 329
0 878
4 585
28 229
15 421
0 498
1 933
19 268
23 827
1 968
16 338
26 701
15 480
21 809
17 587
16 609
25 284
20 500
5 358
6 594
20 811
18 913
10 433
25 479
1 242
4 494
14 983
21 848
2 823
23 386
28 570
5 346
3 968
11 663
16 877
9 250
2 749
4 852
29 984
26 375
16 466
10 303
12 951
3 880
5 468
17 467
17 332
14 458
10 285
21 961
13 631
8 261
17 989
16 574
17 601
1 560
9 813
8 946
2 569
3 668
28 726
3 954
20 398
9 568
17 299
27 934
14 334
29 907
1 642
21 953
20 292
14 448
16 264
8 825
0 437
17 981
14 568
24 778
6 817
26 801
1 283
29 390
13 662
11 895
16 423
13 833
16 807
8 234
12 924
18 460
27 860
4 649
23 473
7 240
7 773
24 743
15 389
11 707
21 738
10 367
6 897
12 934
1 469
8 207
13 469
8 269
4 368
5 848
19 565
12 815
20 423
21 378
6 244
12 492
12 807
2 564
11 742
16 939
29 785
11 788
11 218
1 538
17 551
28 298
12 225
12 453
3 324
15 406
1 879
10 621
0 722
5 718
5 960
1 741
18 976
17 729
11 443
20 446
7 911
4 445
16 947
8 312
29 367
8 840
19 925
6 528
1 422
23 955
2 460
23 617
15 335
25 562
9 401
10 298
25 868
28 502
12 330
29 244
21 499
2 773
13 554
3 982
2 479
20 424
9 936
27 455
17 351
14 712
25 491
7 493
9 930
4 313
20 981
25 734
26 201
28 596
10 268
20 222
27 687
28 936
19 764
6 814
12 570
21 807
15 838
9 328
15 491
21 835
5 364
5 692
3 742
22 586
3 683
14 738
13 849
14 769
24 751
0 700
1 551
9 209
2 796
19 772
29 639
8 975
2 671
4 741
20 368
4 501
20 951
20 706
19 367
3 376
16 240
29 359
25 857
8 355
18 652
27 374
26 899
10 270
2 471
15 849
2 428
27 397
16 648
23 368
4 402
5 850
16 538
12 474
16 874
27 795
20 271
26 525
5 759
24 270
21 403
2 502
17 356
22 348
2 827
29 972
9 708
20 488
1 767
19 856
18 705
25 636
16 706
6 760
20 880
5 532
18 259
10 275
3 518
18 866
6 279
29 325
1 687
5 661
10 407
9 369
22 870
16 933
4 539
19 558
6 494
4 218
16 988
1 264
23 493
5 372
25 370
13 525
22 689
16 753
25 795
0 992
15 406
17 754
2 810
3 362
0 718
22 233
5 220
8 792
27 248
10 607
12 594
25 811
11 925
20 441
12 544
6 797
18 348
9 322
9 523
26 274
3 749
18 215
20 837
29 385
6 769
23 855
11 542
7 236
7 821
2 866
26 597
23 549
14 766
0 994
16 587
20 590
27 397
25 553
18 467
16 269
10 444
15 699
29 627
16 382
6 807
23 777
26 521
2 458
27 618
16 914
0 707
11 382
18 797
22 710
4 816
27 201
9 298
4 310
18 496
29 601
12 428
5 638
17 441
19 338
13 729
15 924
28 363
4 700
19 490
12 772
9 415
22 467
21 907
19 376
3 295
0 701
15 689
21 424
7 840
2 386
11 427
4 214
20 242
23 386
17 268
7 254
26 786
21 865
8 262
1 247
17 400
19 514
10 701
0 917
16 412
10 666
2 518
1 481
29 369
23 416
23 209
20 882
23 716
10 640
16 996
26 366
11 925
13 320
1 495
15 407
4 454
0 551
26 380
17 561
18 319
21 392
12 920
17 209
3 660
18 814
9 882
9 871
11 423
8 309
7 312
3 574
12 601
8 768
1 876
12 628
11 361
21 215
5 217
2 306
8 702
4 341
1 445
24 252
8 938
3 581
9 588
3 413
4 403
5 819
24 508
28 778
16 487
23 268
19 271
14 776
22 444
12 912
22 742
15 731
9 516
29 270
3 459
12 511
15 417
1 536
25 993
0 688
4 650
29 823
19 263
11 879
18 835
12 704
9 616
25 812
15 437
3 489
27 360
24 233
18 364
22 233
0 249
3 400
16 224
8 915
0 801
5 233
23 810
3 869
24 221
24 776
18 314
15 468
23 392
25 454
1 241
23 908
1 311
2 341
9 364
0 282
4 231
7 397
1 738
20 532
29 794
8 516
20 238
3 210
26 383
25 415
8 541
29 319
6 314
15 975
26 475
7 918
26 270
26 451
8 251
0 767
11 229
26 249
27 401
15 297
17 599
4 400
7 956
25 851
28 262
18 542
1 900
25 602
7 918
12 529
27 521
8 703
19 454
11 593
21 328
11 992
0 211
4 347
13 910
28 716
4 962
28 549
27 615
27 234
26 655
26 572
25 462
15 455
24 519
8 214
26 850
2 233
19 206
21 357
3 931
8 201
12 970
11 645
20 946
13 607
13 532
23 595
16 567
19 430
20 772
21 742
22 321
7 339
11 227
7 956
16 917
20 802
0 730
12 790
27 339
14 800
21 335
9 325
6 797
27 913
19 789
6 295
15 919
13 864
14 941
29 809
28 747
0 767
0 577
11 457
11 288
21 523
26 255
12 391
27 634
12 847
