1000
22 945
26 834
5 826
9 896
2 345
25 316
15 419
22 315
10 853
26 990
3 523
0 901
5 509
6 730
8 904
9 302
5 519
13 488
9 722
20 826
12 802
23 983
22 594
29 817
27 362
18 751
25 771
4 229
6 675
13 514
9 737
23 863
25 579
5 601
15 929
14 696
27 248
0 627
0 338
4 357
29 262
21 639
13 716
0 456
12 953
2 398
22 430
24 383
6 396
0 458
29 492
7 872
17 749
29 734
14 380
17 393
18 631
26 542
1 419
18 519
19 832
15 405
23 989
21 356
17 835
8 418
3 587
29 294
24 797
13 735
25 407
2 690
19 857
8 861
0 595
4 864
0 828
9 446
29 490
27 467
4 820
14 554
28 649
22 229
17 501
6 591
14 382
19 925
0 960
8 726
18 504
15 609
27 828
29 229
22 831
13 359
7 444
8 207
12 767
9 257
22 250
7 396
28 444
13 450
6 549
29 972
4 692
7 559
2 377
1 776
9 529
8 366
23 389
20 481
20 798
14 812
9 780
18 449
11 457
27 399
3 882
29 611
12 274
29 655
11 680
12 835
13 728
5 304
28 966
18 280
29 287
21 492
15 449
25 678
25 678
6 601
8 429
6 529
8 487
9 236
1 249
26 246
23 584
14 832
8 481
22 786
5 527
18 783
7 940
3 760
9 298
6 533
7 203
24 357
29 601
26 944
29 677
19 901
2 527
23 469
17 561
20 291
17 308
28 629
2 700
19 310
9 998
3 750
11 587
10 326
1 804
10 270
6 226
4 535
16 744
16 837
13 394
25 762
0 798
22 786
16 617
4 436
11 829
5 887
28 866
9 909
15 385
25 481
29 286
27 804
27 703
11 279
9 958
28 826
22 940
14 992
9 418
0 943
4 421
5 608
21 507
16 238
22 979
13 938
2 586
10 797
28 355
0 969
9 731
16 681
20 394
6 603
19 220
5 201
15 410
4 950
27 605
27 854
12 292
21 967
24 291
23 764
3 414
27 696
19 725
6 602
3 463
16 637
11 279
26 239
29 451
26 215
24 640
1 848
27 545
7 326
14 406
21 495
27 565
1 410
26 399
23 362
6 706
12 400
4 963
3 557
6 366
13 278
10 439
22 632
15 966
14 434
26 232
0 833
24 974
21 835
7 763
28 252
18 560
24 246
29 205
11 576
14 606
21 508
2 283
26 425
2 725
17 741
15 253
25 678
28 802
1 220
22 223
24 502
5 890
2 577
16 271
12 423
5 616
3 785
16 825
13 349
4 410
19 278
19 929
13 982
16 928
22 433
7 720
17 704
27 395
22 766
16 786
28 562
28 956
3 659
16 439
22 225
13 864
18 518
9 575
9 359
10 207
21 325
14 655
18 846
5 406
5 767
15 493
3 327
27 790
28 685
17 611
12 425
15 749
22 463
5 887
14 984
26 362
11 652
29 724
8 419
4 570
21 202
18 601
8 236
7 336
23 608
19 972
26 512
6 753
15 452
17 929
12 690
27 860
25 461
20 931
26 248
4 284
29 548
10 371
16 962
15 328
2 462
11 620
19 562
29 882
4 222
10 646
13 661
3 274
0 419
2 390
11 383
24 578
25 424
9 528
19 469
22 578
17 804
18 801
26 346
15 861
15 469
24 695
7 307
20 677
12 795
17 303
27 476
23 880
1 277
10 632
18 795
10 707
2 722
2 381
16 386
1 264
11 210
20 203
24 403
19 980
3 266
29 205
1 537
21 271
19 451
22 394
1 704
11 681
1 881
22 338
14 717
20 868
11 496
10 706
24 715
25 642
13 883
16 498
2 653
9 229
13 878
0 415
2 886
19 715
14 259
19 940
15 588
6 889
26 518
7 346
17 699
0 731
5 387
8 817
19 282
4 468
28 765
1 724
18 955
4 743
11 798
19 952
24 983
9 347
2 860
29 204
1 988
20 733
17 578
14 424
11 483
6 993
8 382
11 244
21 989
20 417
9 919
6 242
9 332
16 703
13 981
28 501
15 274
19 277
4 287
25 637
19 401
8 363
16 331
1 541
5 474
2 507
12 875
18 458
27 800
6 763
4 902
21 545
6 790
1 627
29 478
12 527
4 909
13 594
9 210
14 843
7 560
6 862
5 741
22 917
0 465
22 757
25 260
23 312
26 221
16 254
7 590
2 992
25 875
29 502
13 769
21 511
0 982
21 753
21 443
24 356
10 851
29 865
6 358
25 578
9 830
16 238
1 949
14 726
11 459
9 436
11 203
20 579
8 923
12 647
5 380
5 822
23 403
14 397
12 432
27 401
9 421
7 488
12 598
27 782
3 506
14 649
14 870
1 856
7 523
25 770
10 643
0 383
19 483
21 638
28 551
18 700
27 992
20 282
11 322
22 595
1 295
23 735
20 922
3 903
24 580
27 674
0 753
18 893
6 396
1 937
25 918
10 263
13 315
24 510
0 703
28 934
10 743
13 363
17 681
21 619
23 589
0 963
4 296
29 462
27 419
5 812
3 383
20 738
26 449
11 940
12 514
27 874
26 266
1 550
28 642
17 495
15 775
3 824
21 394
18 991
28 487
15 262
1 889
21 481
7 370
6 485
2 432
0 717
8 990
3 558
22 659
16 475
25 564
14 312
6 373
0 995
25 505
0 669
29 985
16 327
17 549
18 263
26 310
7 926
26 794
19 907
28 929
8 515
23 614
25 230
22 323
11 224
26 819
9 457
3 445
24 531
19 230
24 711
25 283
24 282
1 923
21 244
19 496
4 467
20 271
13 516
13 590
4 351
28 429
2 769
6 809
20 385
10 442
19 900
3 369
3 957
2 278
14 915
4 209
19 854
10 966
18 790
11 749
16 200
20 472
18 781
12 709
29 441
15 250
24 762
26 567
20 461
12 635
4 796
24 407
0 481
15 268
20 737
16 958
0 207
14 734
19 307
27 803
23 890
4 851
14 453
0 417
5 861
14 884
27 396
22 342
9 951
20 592
21 326
25 342
11 962
25 509
27 316
2 531
23 807
13 311
16 847
21 772
28 556
25 496
24 575
6 640
11 605
0 765
27 580
14 598
2 931
23 938
17 935
12 872
3 467
3 293
7 468
18 363
7 523
16 547
25 901
11 490
16 745
11 803
21 514
20 204
24 285
2 398
2 512
28 706
29 686
26 236
18 580
14 570
16 373
27 969
11 931
13 622
27 395
23 966
0 989
14 477
20 899
18 930
16 704
15 635
26 481
26 634
5 521
4 457
24 685
18 961
23 412
0 221
16 807
20 455
26 341
13 654
9 825
16 657
25 462
24 317
24 746
24 279
14 620
10 482
27 524
0 965
25 389
25 942
3 762
3 613
4 961
25 481
26 539
9 333
28 372
9 205
21 432
4 877
29 265
4 293
0 620
1 816
10 451
26 534
10 849
4 399
25 364
2 940
18 273
21 420
23 446
28 857
21 224
19 637
7 391
29 298
8 888
27 935
5 775
0 964
24 823
9 590
3 854
9 675
22 299
19 411
28 957
7 886
28 596
12 572
8 569
20 421
24 369
17 816
5 722
9 888
26 647
22 265
17 410
8 202
22 523
4 620
16 985
25 304
28 249
5 586
22 836
24 621
25 707
19 804
28 773
29 734
24 209
17 938
15 478
9 460
10 915
20 698
21 443
15 980
9 567
17 998
13 767
26 320
25 525
3 361
18 451
24 683
2 839
17 211
17 833
13 270
15 527
1 728
1 929
25 814
12 447
25 202
10 265
16 728
23 485
29 831
8 807
18 937
25 285
25 389
8 566
6 515
0 934
12 225
7 226
0 339
5 386
7 722
14 574
8 702
16 543
28 349
5 343
15 439
20 542
11 332
20 405
17 775
8 208
1 440
10 630
13 349
10 588
21 593
23 466
12 218
25 541
20 414
26 700
19 950
13 762
14 923
2 747
4 531
24 957
0 743
5 930
23 263
20 724
27 734
6 822
6 836
2 528
25 640
2 256
4 803
26 234
21 383
13 791
0 971
13 664
9 556
20 906
28 715
14 841
13 323
28 580
19 427
6 941
27 868
15 741
13 937
15 886
11 848
26 961
21 631
11 738
23 213
29 887
29 587
14 458
22 785
6 666
9 254
7 496
29 800
25 349
20 695
14 502
2 733
2 425
6 476
14 776
28 544
20 487
8 567
13 307
10 586
17 596
8 997
12 539
26 715
29 525
5 636
29 722
0 930
23 810
19 816
25 322
11 892
0 565
28 637
28 533
6 468
8 972
2 664
25 207
23 272
22 770
15 686
23 828
23 718
2 328
9 540
27 802
1 427
24 316
29 591
12 711
13 943
26 661
17 212
28 437
2 925
28 491
8 236
29 938
26 542
2 755
19 514
8 258
14 486
28 734
28 625
26 310
18 782
0 802
7 287
13 232
2 567
24 669
21 528
0 735
13 636
13 687
25 584
0 209
20 656
4 291
14 586
12 846
7 222
4 279
11 599
29 329
23 849
25 336
13 865
29 929
16 278
21 469
26 756
