1000
10 424
3 875
6 704
27 276
10 294
1 941
11 559
16 987
27 597
22 411
9 723
6 591
18 311
21 211
12 271
4 287
7 212
4 536
13 813
27 1000
15 253
4 712
9 347
5 928
7 512
20 981
6 329
21 606
0 294
22 365
9 339
11 708
1 529
12 592
19 585
10 253
10 203
29 355
13 707
12 609
20 379
27 952
15 716
24 288
4 212
25 397
13 436
1 358
26 823
3 902
11 984
11 515
17 398
23 996
0 304
1 636
13 886
18 263
9 597
4 303
8 958
11 778
12 734
27 955
26 546
7 424
24 432
14 989
0 770
5 599
22 546
4 316
19 661
19 725
24 584
18 997
6 456
13 654
10 803
11 817
20 910
2 836
12 537
18 217
3 954
19 667
22 796
12 525
6 617
20 655
21 460
25 989
12 811
24 862
18 491
23 712
2 639
9 269
7 366
8 219
13 789
8 325
29 515
27 669
28 886
13 801
29 282
18 581
10 419
27 322
3 227
8 438
10 359
15 224
5 947
3 430
18 215
3 980
14 863
14 797
4 416
4 330
10 333
20 872
1 439
3 914
7 715
21 976
23 889
15 981
13 390
7 815
12 337
15 860
15 452
10 771
3 864
8 771
1 305
5 275
9 610
8 990
5 530
26 913
4 444
14 605
4 962
27 279
14 523
8 517
18 657
27 779
1 900
7 905
19 743
19 885
4 200
3 509
15 620
28 729
27 372
16 909
9 214
17 402
27 498
25 484
25 277
9 517
19 575
28 961
21 578
9 272
12 371
9 605
9 650
19 425
27 222
3 914
14 355
23 303
9 247
25 574
15 387
22 394
4 734
29 756
21 554
9 866
27 462
13 913
1 971
28 352
24 488
2 503
2 861
6 460
26 855
27 602
25 921
20 965
26 771
22 928
20 960
2 293
18 605
7 684
13 397
9 953
2 205
14 865
2 377
12 862
2 218
23 716
24 419
0 278
1 817
14 488
8 688
4 228
26 267
10 385
11 234
0 653
29 755
13 861
27 935
18 596
6 553
10 869
13 613
2 803
26 932
28 222
13 236
19 322
26 544
7 250
13 965
14 313
13 390
4 718
2 974
14 782
18 921
5 263
21 876
18 675
25 931
3 367
14 690
8 733
23 933
5 656
28 510
9 313
23 200
3 616
2 516
20 381
26 595
1 984
4 750
17 299
3 921
19 299
23 962
24 892
12 572
22 867
3 514
10 720
6 571
19 508
14 279
15 730
12 988
0 732
7 347
16 720
29 690
8 678
13 380
0 795
24 511
0 518
13 315
13 974
6 253
11 447
2 293
29 957
21 686
3 729
28 749
11 865
18 925
10 201
5 832
29 813
10 261
7 883
14 884
29 987
0 218
5 230
0 880
21 270
19 869
20 670
24 745
13 407
0 373
12 742
15 988
6 559
29 731
1 691
4 515
18 686
10 605
24 263
4 778
5 854
18 725
16 509
9 324
20 373
10 264
2 214
7 597
29 963
11 375
18 252
27 207
0 237
23 405
1 548
8 644
8 640
10 226
25 267
29 434
20 632
2 582
12 603
27 472
4 967
20 754
19 946
27 647
29 530
24 635
25 260
4 618
29 699
12 462
3 955
9 817
5 275
25 374
16 763
14 404
27 262
12 215
27 244
19 856
1 961
7 776
25 497
1 914
25 948
14 813
11 367
5 962
25 809
20 468
17 828
16 808
20 570
7 478
6 241
24 235
23 768
4 424
0 831
27 397
17 590
12 563
3 736
28 786
16 792
26 560
20 371
29 999
17 232
8 643
29 765
18 799
3 642
16 979
1 953
11 250
13 645
13 727
12 567
27 819
23 323
28 910
15 899
8 896
23 987
10 748
21 605
24 825
7 204
17 534
0 475
5 550
21 413
5 810
23 743
18 200
24 384
14 574
19 842
10 539
1 412
17 884
3 722
11 871
17 272
4 518
27 930
16 810
12 703
22 746
24 435
18 934
10 432
5 475
21 811
10 296
27 481
23 807
8 281
12 261
19 564
17 286
9 879
13 892
28 634
0 920
29 203
29 314
3 488
28 983
10 907
21 405
21 250
14 658
11 880
28 203
12 886
21 249
28 528
15 815
11 847
3 964
14 521
17 442
21 913
28 621
19 731
6 965
20 746
23 903
21 624
29 801
14 854
16 262
18 325
16 360
23 257
10 708
26 968
21 633
6 375
0 661
7 778
27 568
15 221
7 454
28 281
27 783
27 543
29 817
7 494
24 441
0 955
7 341
20 426
4 352
5 843
16 921
7 287
20 929
25 778
21 265
25 950
27 729
2 745
22 509
25 655
2 741
17 784
23 1000
21 611
6 733
8 688
7 802
1 583
27 908
11 263
11 435
28 542
14 934
9 485
2 213
4 254
19 890
3 229
7 398
26 668
6 581
9 709
13 218
22 616
19 821
19 874
12 239
26 847
9 578
6 452
14 918
14 681
16 222
12 298
27 802
23 539
15 898
2 601
20 907
15 496
9 375
10 678
16 540
29 914
6 872
5 897
5 920
27 638
16 755
6 577
22 679
16 954
29 961
21 864
9 722
20 210
7 786
15 669
13 613
24 719
26 722
10 675
14 363
2 591
21 431
20 547
24 867
27 371
0 686
7 978
13 613
25 910
6 301
13 918
12 799
11 929
12 488
15 737
7 395
16 940
17 389
11 272
29 479
11 925
15 363
24 402
12 803
16 759
18 710
16 727
13 681
26 755
28 238
19 343
1 205
10 370
3 869
3 490
19 286
21 604
27 241
1 731
21 268
1 675
0 735
26 426
8 407
15 793
0 232
24 508
23 736
6 622
7 484
4 562
21 218
21 933
17 226
23 741
26 358
22 901
4 883
8 727
4 811
29 393
23 361
17 287
21 529
15 740
4 802
6 542
0 461
18 618
26 575
13 628
17 899
25 991
26 666
7 991
26 959
11 315
10 391
25 715
22 357
25 917
14 857
11 933
26 566
14 386
5 612
8 933
20 483
17 737
10 991
0 393
18 852
27 623
26 541
25 222
11 594
7 581
29 349
26 467
11 792
9 703
9 637
27 590
19 290
12 937
20 215
25 984
1 245
13 395
18 262
1 660
11 216
24 357
2 560
13 571
17 809
7 735
23 445
16 399
3 630
13 699
12 724
21 235
2 681
25 376
28 257
8 672
19 668
15 610
15 708
9 606
12 577
18 777
0 370
13 243
24 627
6 329
16 383
14 725
15 487
18 383
21 410
5 669
5 740
9 342
29 813
19 502
23 395
22 801
7 667
7 791
2 497
15 486
22 486
25 546
3 879
17 1000
4 945
5 687
24 709
3 665
9 786
14 821
7 959
11 910
15 876
17 468
19 235
29 704
7 930
26 728
18 395
4 688
16 745
7 833
3 289
25 802
14 664
6 217
22 584
12 992
26 957
18 225
21 832
20 959
18 893
2 709
28 926
5 826
27 992
12 929
22 417
17 740
24 300
19 792
29 847
9 219
13 402
13 953
18 450
17 748
29 670
27 929
21 891
15 331
20 264
14 523
15 701
0 725
11 459
10 633
0 485
8 964
5 636
22 561
16 398
8 411
13 801
18 223
27 658
8 843
17 379
17 766
2 736
29 333
9 250
19 976
10 417
25 364
25 474
14 260
18 786
21 549
22 205
9 560
22 984
23 525
18 236
4 785
14 674
7 692
27 806
18 619
27 635
24 970
12 783
14 452
12 280
27 358
18 282
22 950
15 877
0 524
20 248
12 691
20 460
4 969
29 852
29 255
23 502
2 679
13 489
22 450
20 689
25 478
4 296
7 694
27 236
16 494
11 503
21 498
8 908
29 722
11 371
19 277
5 626
21 755
19 286
10 988
19 847
22 647
20 324
28 398
3 472
24 767
22 410
9 356
29 370
28 675
8 594
7 855
6 373
5 690
6 431
2 930
10 994
22 301
2 961
27 349
19 282
23 799
25 802
24 670
24 878
29 317
29 934
27 529
16 712
28 889
13 417
19 345
29 848
15 603
8 341
8 453
27 922
3 720
18 429
27 968
19 940
4 529
17 334
16 494
5 937
11 718
6 985
21 447
25 234
6 402
12 345
14 649
18 484
14 273
4 601
20 614
1 308
17 733
2 274
27 999
4 399
2 251
9 290
5 222
5 297
2 440
0 665
13 828
14 918
16 691
14 983
22 903
0 382
22 930
27 952
19 328
10 950
4 326
17 232
13 548
6 872
17 767
4 663
14 968
13 752
22 374
14 278
13 627
2 355
5 939
26 687
23 368
6 990
4 430
1 997
17 521
1 323
14 606
17 713
24 407
20 383
17 665
20 784
26 463
24 201
5 557
29 707
7 712
11 681
18 890
26 555
25 238
7 980
4 247
27 490
13 496
17 527
21 410
7 602
3 489
16 425
20 401
2 437
22 294
20 581
5 812
0 668
29 826
1 652
0 200
0 322
7 406
18 740
28 530
1 619
5 627
21 333
19 491
1 221
27 233
19 298
5 694
20 812
9 741
