1000
21 517
12 346
12 790
1 266
25 958
19 723
11 845
6 992
28 532
27 477
24 917
1 204
25 946
23 251
20 401
23 301
7 957
0 659
10 303
22 882
14 683
1 219
8 221
23 239
12 868
23 464
12 284
11 774
25 336
7 688
24 854
25 495
9 606
28 608
9 367
26 996
26 736
7 446
12 935
17 950
27 320
18 995
5 651
24 350
2 530
5 351
4 360
7 212
16 318
24 395
5 841
1 359
1 421
18 826
2 628
24 730
2 266
20 559
21 457
9 732
25 567
4 566
14 258
12 425
5 936
6 439
17 275
22 202
7 428
18 843
4 764
10 837
3 324
4 591
4 217
27 588
17 454
8 771
5 236
19 804
20 823
2 995
13 414
1 458
18 225
8 510
14 280
23 347
2 219
18 345
3 261
16 838
22 569
19 738
1 940
28 254
4 759
0 796
20 850
16 784
27 820
27 301
20 789
19 372
24 845
19 605
12 536
10 284
2 718
10 531
3 223
20 912
10 584
20 369
22 734
28 440
20 982
11 313
27 396
20 772
9 386
28 444
27 409
14 601
11 756
29 946
29 380
23 671
11 404
25 223
8 572
7 228
21 489
9 552
25 289
3 318
0 966
6 333
24 222
10 239
7 603
23 676
9 919
8 822
25 803
20 523
17 807
3 902
14 244
1 458
24 270
4 229
11 815
2 621
18 641
19 565
15 436
3 503
5 807
11 275
3 517
17 347
23 792
11 252
17 607
20 576
9 335
16 730
16 338
20 719
27 443
1 600
5 990
15 246
0 780
1 258
2 520
28 216
25 978
23 821
12 419
6 565
21 328
6 449
24 242
1 459
3 963
29 483
16 836
3 638
14 797
11 476
4 376
3 690
9 420
7 882
28 864
2 458
8 449
0 232
7 817
17 570
6 367
17 317
25 712
8 213
20 910
0 232
23 249
9 623
15 536
20 770
3 623
25 476
8 903
5 371
21 705
22 706
29 240
7 618
0 464
2 959
7 940
2 811
17 506
19 860
26 342
6 591
14 356
24 746
29 341
6 347
28 992
0 378
24 676
26 765
18 686
3 753
12 284
18 672
0 484
29 483
27 688
6 638
9 380
23 523
9 900
29 273
14 779
22 723
20 376
11 376
26 602
9 577
24 547
25 936
24 445
22 644
9 653
9 495
21 222
10 690
20 344
29 605
15 713
6 250
22 720
25 658
14 207
1 831
23 928
0 720
14 284
3 218
0 286
2 663
27 784
2 724
19 845
8 734
10 733
16 863
29 687
0 506
16 242
9 466
16 351
6 937
11 836
4 744
25 200
24 452
26 231
0 748
3 564
13 688
10 882
16 738
19 928
12 784
15 422
5 837
3 332
8 870
18 990
4 334
21 699
28 695
29 352
5 447
21 920
10 671
25 400
22 812
18 697
25 627
29 893
10 359
8 547
22 822
17 620
14 418
29 757
4 785
2 355
20 948
9 223
19 283
0 996
21 775
26 506
20 898
16 367
8 404
20 553
28 396
17 823
4 932
21 993
3 917
1 980
21 697
12 681
28 836
28 496
9 553
6 450
0 913
22 634
25 958
0 204
15 895
27 426
7 939
16 473
13 609
11 425
29 348
8 318
27 209
22 309
1 325
27 801
16 491
6 664
6 747
20 312
23 236
21 368
21 981
16 657
3 325
6 947
29 639
19 356
25 797
15 645
19 305
26 794
7 429
4 849
22 546
14 372
3 688
29 900
27 848
15 765
10 625
21 392
13 454
29 570
14 640
8 218
6 709
17 628
10 221
18 895
14 865
23 894
1 822
7 973
11 583
26 512
21 394
6 895
0 607
2 247
21 817
25 579
23 683
5 349
24 391
6 239
5 347
20 334
10 344
27 348
3 935
27 931
14 254
15 931
5 268
9 778
4 462
25 847
3 585
5 865
16 648
6 467
22 660
23 522
6 584
22 932
12 755
29 970
16 951
24 858
16 579
0 515
6 947
25 699
3 621
29 819
22 461
29 440
22 921
4 559
15 314
8 693
5 699
11 302
10 267
9 658
28 670
18 255
21 766
15 306
28 334
28 468
14 499
21 934
9 779
0 889
20 209
13 203
22 886
19 729
15 313
29 558
1 558
29 404
12 381
25 722
27 698
12 485
17 309
24 659
28 864
8 549
9 326
19 926
5 967
18 606
8 737
1 469
23 677
28 631
16 569
16 292
21 337
4 209
4 579
21 280
22 915
0 578
4 610
16 827
6 343
7 940
17 808
21 436
14 271
26 664
20 960
5 624
5 214
26 410
22 252
20 495
3 311
6 387
28 744
2 960
12 654
9 798
13 953
17 221
6 495
6 366
6 446
12 320
21 954
2 817
7 232
15 814
9 855
29 674
20 522
6 295
23 532
17 201
6 585
22 885
12 859
2 619
24 369
28 257
12 449
21 254
7 954
5 720
9 399
15 325
24 264
4 984
11 593
20 496
2 909
21 228
11 773
11 771
27 231
18 932
12 948
2 283
26 205
1 608
26 413
1 676
3 515
17 923
0 248
12 620
19 811
10 483
26 408
10 438
3 982
13 812
15 867
27 349
9 433
12 231
4 801
16 394
22 602
10 205
19 302
4 566
25 653
17 550
1 868
20 251
21 614
2 621
29 313
25 237
21 331
16 267
24 527
20 657
16 774
19 545
18 754
3 822
24 509
9 219
25 306
22 294
26 616
13 295
10 693
8 652
23 590
29 588
27 702
17 307
13 304
9 209
19 820
10 744
23 695
23 459
24 761
16 993
27 648
25 818
25 607
7 271
4 220
12 283
11 320
4 929
9 761
8 396
2 642
14 861
9 333
22 878
7 541
19 524
3 645
22 310
23 693
27 382
29 627
24 849
5 494
3 617
9 234
21 446
19 287
4 310
8 241
18 612
18 413
9 798
3 327
16 237
6 237
28 756
11 249
1 312
25 658
27 280
16 370
18 401
14 699
4 745
22 427
24 549
0 251
24 845
5 510
25 837
21 753
16 545
28 437
13 650
26 259
26 500
14 683
27 535
22 588
11 551
13 342
5 865
19 923
2 709
23 622
18 485
9 429
19 527
10 280
26 301
29 940
1 456
5 419
26 378
10 330
17 263
18 562
14 442
9 980
7 784
26 774
26 710
17 361
18 562
26 919
22 987
17 299
26 755
11 788
23 949
4 643
29 444
0 493
14 248
14 754
1 503
2 296
9 578
6 306
7 393
27 838
18 651
13 851
13 702
3 815
26 386
21 671
19 998
12 711
8 467
0 964
9 434
11 619
4 356
17 953
11 643
12 276
24 508
3 396
23 300
2 925
28 882
20 437
9 331
26 701
8 708
13 901
25 257
19 367
1 373
15 625
6 510
26 319
21 208
17 700
28 560
23 257
0 232
6 384
23 731
29 799
1 646
13 958
17 226
7 742
8 484
29 218
28 748
14 530
9 574
28 795
25 248
11 369
20 272
27 564
0 437
21 346
18 567
2 290
17 482
2 406
0 757
28 811
20 738
8 690
17 752
7 357
28 627
0 210
12 895
25 661
0 719
23 841
24 969
13 309
27 639
3 981
4 878
29 342
22 583
12 268
4 452
0 251
13 545
28 661
22 961
28 306
17 274
25 578
25 358
4 945
0 926
19 260
14 759
19 297
14 606
23 707
26 306
16 853
2 358
25 506
11 522
22 747
0 778
25 710
3 916
3 456
14 614
9 234
12 868
8 801
7 867
13 512
0 455
2 289
21 786
15 205
7 228
19 779
27 226
23 904
8 786
4 836
7 814
26 238
10 368
21 818
25 395
20 531
6 905
14 349
28 886
2 838
18 882
18 233
2 494
26 664
11 864
15 488
10 298
19 940
12 948
21 993
11 993
5 413
24 629
28 446
19 236
0 747
20 779
15 834
27 736
22 349
18 340
29 291
21 929
16 672
8 249
9 518
16 784
27 534
18 510
7 461
19 294
29 965
28 685
7 672
20 944
20 351
29 240
27 589
21 870
5 838
17 821
20 628
11 933
14 808
16 647
8 819
27 397
6 540
12 236
28 531
23 962
13 664
5 294
18 996
3 457
4 282
2 272
13 588
14 693
10 247
9 219
7 978
0 368
10 812
3 211
11 544
1 941
25 666
4 325
7 533
2 329
3 315
7 574
17 452
4 894
17 270
28 608
3 225
21 500
8 292
19 372
6 526
17 995
12 695
6 210
19 973
18 208
27 335
4 308
15 850
12 582
18 610
21 276
21 473
15 606
12 392
24 668
3 792
13 658
4 307
8 369
2 853
29 590
21 862
0 523
22 354
19 261
19 563
0 247
23 619
7 545
26 319
12 414
18 264
1 700
4 840
9 892
22 342
22 946
11 826
9 448
5 600
24 281
7 714
24 573
3 988
19 261
0 632
16 398
9 266
2 459
29 653
10 420
21 276
26 299
24 215
10 520
27 311
15 719
26 632
21 308
6 905
0 927
6 667
28 705
18 982
14 352
4 504
5 428
4 475
17 296
20 213
