1000
25 229
14 304
24 745
13 461
3 612
14 231
14 901
19 503
21 834
24 678
4 451
8 861
28 824
24 616
8 437
13 620
15 393
7 809
25 445
23 778
5 604
3 228
12 698
10 778
16 393
18 840
14 273
10 478
19 817
14 703
6 584
18 575
26 933
15 812
19 658
21 623
25 754
12 814
6 476
18 916
9 582
6 483
1 743
11 784
22 368
16 736
18 504
4 232
19 536
23 629
17 502
3 350
24 663
4 903
4 534
22 809
7 237
1 752
3 844
15 395
20 631
20 633
7 692
23 910
10 958
16 954
25 225
17 515
15 649
26 289
23 940
19 255
4 280
20 769
24 924
12 315
11 883
20 518
8 738
9 862
6 638
5 440
8 777
0 627
13 429
23 409
15 908
4 258
28 392
13 646
2 471
10 520
28 564
11 931
4 452
13 807
9 458
20 306
22 567
18 841
9 563
26 335
11 313
21 644
27 938
1 641
14 597
0 806
16 962
20 814
4 530
13 981
16 819
6 322
20 321
19 798
27 433
16 747
28 937
26 815
25 732
12 768
13 318
9 221
0 756
15 298
0 422
12 318
27 390
23 214
14 687
1 454
8 270
25 696
21 787
24 932
7 405
24 740
4 749
15 239
8 413
18 312
3 235
3 433
7 434
5 526
14 289
16 273
6 731
3 295
19 395
29 861
11 405
16 411
12 546
16 295
7 660
15 578
15 298
7 626
24 946
25 715
2 989
25 536
8 613
20 627
6 943
0 468
7 671
28 889
1 814
13 444
5 401
25 344
6 333
20 943
8 477
17 813
22 480
25 420
10 349
17 584
20 397
15 709
10 574
6 677
13 773
13 576
8 848
15 320
24 822
19 652
6 468
13 759
17 937
10 399
22 376
11 545
12 784
3 409
16 725
9 734
29 534
19 946
16 444
19 571
23 752
18 812
29 725
24 889
21 844
24 917
2 695
10 356
25 957
14 798
3 308
0 806
14 998
3 740
18 477
19 671
6 440
26 472
21 216
18 368
16 578
14 370
25 762
4 469
28 252
25 511
24 241
24 456
25 237
26 208
3 534
26 545
0 973
15 968
2 421
18 525
29 469
6 792
0 745
3 978
22 706
20 530
3 367
28 488
3 858
18 532
11 495
11 724
21 820
16 245
12 941
22 796
25 660
0 276
25 854
17 449
13 708
18 695
3 690
23 536
25 490
26 768
10 866
24 686
4 438
6 626
10 729
12 340
9 637
17 314
22 653
11 865
9 290
11 726
4 994
20 239
23 467
13 686
8 577
29 444
13 971
18 448
10 813
17 972
17 404
4 317
1 339
16 943
20 898
11 588
1 973
17 763
7 582
11 907
12 979
0 347
23 794
15 866
17 617
16 339
27 700
6 334
0 671
22 874
27 481
13 525
22 719
17 986
16 901
21 575
0 352
18 682
15 686
28 288
13 999
2 587
21 949
8 490
22 596
16 261
20 865
13 331
18 476
6 674
3 874
23 476
18 905
16 875
4 700
27 481
18 736
23 584
19 976
18 381
24 443
23 657
5 974
8 636
27 555
1 958
27 893
21 290
19 508
20 939
26 807
24 857
27 826
18 650
19 644
18 557
27 242
14 288
23 658
21 764
26 869
6 705
27 872
17 496
29 375
24 445
18 246
28 810
21 489
28 994
6 291
18 299
21 833
29 982
13 667
9 235
1 650
12 902
7 717
24 628
26 987
0 987
17 750
14 488
25 962
15 420
27 391
18 395
17 848
17 608
17 236
3 719
3 551
6 669
10 627
19 636
2 531
27 616
29 841
2 905
1 950
2 426
18 648
22 518
6 223
25 741
16 963
8 866
24 671
7 763
5 298
3 565
0 827
11 627
28 428
25 318
7 773
15 492
10 853
28 892
14 576
12 287
5 246
7 418
4 815
11 247
23 698
21 525
22 695
1 233
23 470
16 642
2 578
15 376
5 539
19 269
5 874
3 950
26 718
1 910
17 658
26 794
23 358
27 505
3 248
17 348
25 582
17 408
2 787
9 203
4 639
5 370
28 880
4 731
0 221
2 276
5 945
3 228
4 564
24 624
2 364
21 869
19 916
12 976
14 864
7 750
3 753
23 333
2 619
23 441
1 826
25 288
6 839
18 588
14 894
19 420
24 976
21 594
17 698
13 472
3 624
11 404
19 268
10 309
25 789
4 380
2 413
13 442
22 969
8 385
10 280
14 566
2 955
28 219
27 268
23 818
2 923
1 276
21 289
16 264
0 996
19 853
21 653
13 552
27 523
26 350
3 266
27 906
15 867
16 315
4 315
23 225
26 370
5 974
8 588
10 752
20 882
10 769
22 780
20 475
26 204
2 815
22 853
27 946
8 903
25 491
5 713
8 360
20 937
21 670
29 298
5 477
6 813
6 499
24 691
7 776
5 603
23 440
0 956
7 850
18 897
4 826
4 347
20 376
23 625
12 847
18 898
27 883
4 483
19 994
10 860
23 458
13 887
17 891
22 931
10 371
4 873
17 379
21 402
27 761
12 831
12 966
28 482
6 813
25 600
5 644
28 706
12 678
7 309
26 696
3 880
21 629
7 842
21 346
9 938
12 799
29 587
14 361
14 526
7 961
25 525
6 350
27 980
25 367
12 608
7 904
7 567
2 947
25 269
9 996
7 213
8 205
15 726
15 633
14 612
18 353
11 604
20 913
11 691
0 328
8 796
15 384
5 393
11 392
0 580
22 233
8 473
4 697
5 632
2 417
16 541
1 946
27 765
4 793
15 922
27 432
5 575
13 358
8 714
2 219
29 837
28 508
7 520
1 262
29 846
29 810
17 659
22 846
5 370
22 739
3 321
17 381
7 721
20 685
4 407
10 489
26 961
18 536
13 548
22 938
11 580
3 785
16 429
7 714
13 585
16 794
3 868
12 212
17 869
11 285
11 880
13 813
16 494
13 347
7 431
9 603
20 247
12 533
0 849
14 583
14 971
18 693
13 841
3 799
29 844
14 560
0 374
8 865
2 248
3 807
1 416
17 483
6 722
22 273
27 512
13 215
11 685
23 628
16 451
14 842
27 793
21 355
11 949
23 489
25 564
20 791
12 685
21 937
19 792
28 447
27 239
5 654
3 859
8 255
5 430
25 828
18 528
27 532
17 799
5 923
17 633
4 866
24 790
1 467
11 815
4 526
22 360
4 257
23 397
20 700
17 621
22 865
18 856
5 851
13 307
2 787
7 492
10 346
16 272
14 235
11 892
14 529
17 950
7 681
15 237
21 727
15 752
11 366
17 946
5 628
23 979
28 275
26 334
15 724
5 862
20 616
29 603
9 238
11 752
18 823
12 822
26 257
19 596
17 302
5 894
24 719
3 477
11 782
23 951
14 531
1 586
9 391
21 809
20 854
3 769
13 577
9 867
25 890
11 901
5 484
13 273
15 588
24 794
5 341
15 399
9 795
22 314
25 393
13 387
5 957
0 731
27 842
4 304
27 660
21 311
22 448
7 866
2 553
26 378
20 960
5 224
15 508
14 945
12 228
27 309
27 593
24 678
20 367
20 787
13 991
21 352
26 714
12 715
5 544
14 549
1 885
2 619
28 902
18 935
25 318
3 624
23 491
16 212
12 929
22 768
21 875
17 551
19 568
1 678
8 974
15 288
13 455
13 429
28 865
10 871
16 210
24 805
20 974
18 710
24 853
28 749
16 255
4 351
10 958
6 875
9 460
14 429
11 265
24 835
29 839
13 234
19 794
1 638
4 631
18 716
15 924
12 226
24 448
18 756
24 321
9 546
21 634
21 521
8 398
16 539
7 296
21 304
1 567
18 217
6 440
10 926
14 863
17 397
22 902
22 256
27 911
3 411
27 606
8 478
12 994
6 971
9 661
7 797
12 952
17 715
18 338
1 304
17 513
10 545
2 484
6 251
23 235
15 573
19 640
25 477
3 241
1 349
1 987
11 603
17 774
6 283
6 277
1 762
21 961
22 960
0 576
25 724
12 442
3 254
13 283
28 409
12 518
0 614
5 637
29 657
8 969
4 454
26 781
21 612
27 1000
5 259
0 795
3 981
14 293
9 967
8 474
17 259
13 525
5 443
15 884
8 613
12 786
10 730
29 930
10 265
28 764
15 795
18 528
11 348
9 409
16 244
12 369
21 675
18 433
9 323
0 891
27 668
12 873
19 596
0 978
27 951
18 377
6 249
29 929
26 679
21 563
10 629
23 483
8 351
20 497
5 861
24 865
15 405
27 658
0 729
26 922
7 817
19 355
5 641
14 282
15 265
18 534
14 850
6 926
10 764
23 412
18 625
2 756
7 574
25 558
0 392
27 718
23 718
8 818
21 478
22 584
10 859
19 523
18 815
18 919
10 778
14 648
15 974
10 358
15 641
17 274
3 561
22 273
3 592
8 610
5 580
2 327
19 729
7 219
9 865
28 788
5 702
20 783
6 273
27 202
24 442
22 620
16 670
5 860
9 751
9 580
23 444
20 686
16 822
12 770
