1000
22 573
0 750
6 961
17 509
4 637
18 409
17 649
10 768
18 922
6 726
2 422
29 575
11 747
20 450
13 690
13 910
20 987
28 815
27 488
18 282
5 663
24 400
26 679
12 200
21 466
1 887
8 876
11 482
24 257
28 986
17 934
3 742
15 780
27 346
9 860
1 289
27 761
25 213
3 885
7 811
14 714
12 716
9 905
18 892
6 611
8 654
4 311
6 219
18 783
24 927
29 848
19 916
22 370
15 327
14 277
21 393
25 346
6 982
26 683
12 864
2 802
10 604
28 882
1 747
15 874
22 831
20 706
0 295
9 998
16 741
20 478
8 363
14 452
13 352
17 384
8 287
9 417
28 428
15 992
3 343
17 409
5 620
9 704
15 911
29 531
1 499
29 372
20 419
17 404
12 545
0 647
10 306
4 560
21 586
15 622
4 820
18 230
20 344
14 645
19 399
12 299
6 507
29 918
5 269
13 899
13 506
28 627
29 491
16 631
29 872
10 859
21 212
22 633
24 206
18 471
16 254
22 311
24 297
18 894
11 636
6 609
0 836
8 665
26 698
24 685
2 439
4 735
0 762
8 515
5 287
13 225
16 419
9 626
24 492
12 625
13 467
0 230
29 721
10 415
1 580
25 576
10 779
9 657
22 827
21 913
15 982
17 473
26 370
6 742
6 528
21 254
23 726
8 801
8 588
0 370
25 356
11 582
25 794
12 665
18 207
12 452
11 589
16 587
25 334
22 462
18 629
23 853
20 463
9 648
22 768
20 276
10 272
25 915
5 441
23 812
14 690
24 303
5 583
14 668
9 647
25 915
14 296
15 381
1 669
21 231
22 981
12 296
7 688
3 792
17 334
4 251
7 753
29 314
27 646
26 835
3 483
12 701
8 307
28 540
12 756
7 687
20 620
6 529
3 690
6 576
2 344
26 568
2 354
24 406
0 560
4 270
27 349
7 325
24 567
26 764
1 380
1 549
29 450
20 323
20 810
16 976
23 676
3 236
16 277
25 989
0 634
8 385
17 995
16 821
23 658
2 976
9 711
1 727
10 535
14 589
3 861
28 909
22 501
2 707
14 900
14 634
25 889
3 228
18 562
2 623
23 271
4 956
4 744
24 304
8 958
20 546
18 847
5 526
26 518
29 508
0 343
6 939
7 996
15 357
22 631
19 651
2 871
20 322
19 810
21 412
10 842
25 299
16 746
11 293
6 526
24 753
20 834
22 275
5 803
4 858
27 683
0 761
11 310
8 369
25 445
8 443
21 562
17 621
4 839
0 213
25 928
4 826
5 392
12 359
17 874
29 654
20 585
18 747
16 381
9 320
22 839
20 566
18 762
18 723
21 884
6 226
3 930
2 670
18 926
13 869
18 996
24 534
2 908
18 747
19 497
27 587
26 688
1 802
8 305
22 926
29 757
19 680
19 256
24 512
3 605
2 290
6 254
25 838
13 688
18 895
8 816
21 476
1 375
15 515
23 578
17 456
29 829
23 624
28 864
1 946
13 560
22 894
1 251
12 719
6 522
29 909
27 819
15 949
4 394
10 308
21 918
18 273
17 677
26 876
10 729
6 301
0 772
28 551
13 435
5 207
0 440
7 806
8 873
20 495
13 448
24 695
8 700
18 732
20 509
24 626
3 315
2 209
3 303
17 865
21 413
20 533
8 322
22 584
14 445
25 623
7 485
1 376
23 859
14 893
25 755
21 222
27 916
10 458
2 391
6 237
8 375
11 701
19 345
10 269
13 918
20 223
27 921
23 285
12 519
10 384
21 624
13 852
25 732
17 281
25 804
13 306
2 995
15 966
28 806
3 755
27 325
25 810
13 708
27 706
22 373
25 884
16 824
17 723
20 815
14 956
6 592
19 943
8 412
26 445
15 629
12 706
14 709
12 350
1 973
22 813
11 510
6 753
22 272
18 551
28 823
7 813
3 213
14 474
10 256
23 913
10 246
16 546
18 477
20 963
18 916
22 517
28 426
17 292
16 902
16 309
5 211
3 811
3 936
3 416
19 463
20 770
26 792
6 373
24 984
2 759
15 425
26 897
11 458
22 528
17 969
22 265
5 457
1 823
10 269
3 456
24 668
29 383
13 407
25 542
5 698
17 350
16 814
9 759
26 480
14 622
10 836
2 812
17 290
25 626
9 773
9 914
15 924
10 893
13 599
9 887
3 943
25 361
17 226
14 979
13 949
26 818
23 442
20 865
12 468
27 833
5 305
21 668
21 428
1 340
10 216
6 775
6 598
16 379
5 486
1 324
22 426
1 989
2 736
22 693
28 309
24 327
22 709
1 720
1 402
16 314
0 716
24 361
25 839
7 438
27 314
7 899
29 307
20 930
15 734
4 622
18 315
16 821
11 406
9 527
16 398
17 592
27 612
27 249
23 580
17 879
28 579
19 620
10 601
23 422
6 906
3 848
28 806
9 244
21 658
21 858
4 950
7 816
11 351
29 879
19 845
5 225
26 736
29 963
5 808
16 473
22 404
8 562
0 444
21 271
14 973
15 635
7 624
5 950
0 589
3 842
18 953
27 923
0 906
10 250
28 465
7 946
7 333
19 913
6 590
20 306
25 517
23 270
21 371
0 240
10 879
5 265
3 477
9 428
2 785
26 844
4 307
25 632
29 291
24 773
18 819
19 466
5 230
6 794
19 905
0 214
5 934
17 411
9 674
13 542
27 894
9 744
25 979
0 951
15 237
8 242
26 912
26 759
1 660
8 706
29 375
20 576
5 466
18 503
24 565
17 356
7 590
20 703
12 883
29 832
13 260
10 607
24 259
22 624
0 775
25 255
4 764
22 421
28 802
1 507
24 431
14 648
9 382
28 671
0 955
10 237
23 935
17 446
10 291
8 688
23 616
2 992
24 556
5 376
27 801
4 893
11 298
13 859
14 770
7 445
0 704
21 693
29 737
20 1000
27 561
20 831
28 361
7 382
26 390
21 200
27 643
18 386
16 871
2 340
21 591
0 372
4 415
10 288
20 666
9 563
24 514
21 530
20 419
29 380
19 382
29 249
22 833
0 840
5 242
21 586
23 471
24 579
4 979
16 345
19 210
21 984
2 458
12 923
17 574
26 353
13 286
6 930
18 626
19 537
4 784
15 592
18 516
11 976
26 685
8 997
22 246
23 919
4 399
20 812
19 570
12 329
13 213
25 716
1 699
14 519
13 531
10 972
27 620
17 299
2 943
14 727
17 673
22 917
3 378
26 786
29 227
4 825
25 826
9 360
14 780
19 978
23 634
15 836
21 809
20 509
28 417
5 883
22 275
15 641
21 366
18 203
8 263
23 343
2 662
29 587
26 399
21 735
8 459
15 773
26 677
9 760
1 320
5 474
25 315
17 910
24 776
4 641
12 272
11 773
29 651
7 640
8 653
18 210
14 450
8 858
29 419
4 967
2 217
2 865
27 623
9 386
8 855
26 477
29 979
9 238
23 506
21 262
9 772
0 951
26 397
12 546
12 471
7 878
8 908
3 635
15 515
17 490
4 558
14 614
20 981
6 887
5 495
5 242
19 755
10 756
20 340
1 979
11 715
17 694
21 730
8 494
11 364
12 514
1 434
0 573
24 551
11 231
22 950
7 908
27 874
13 993
17 694
21 410
7 215
0 732
6 322
18 575
7 659
15 201
27 284
21 224
8 440
23 273
19 212
2 849
26 988
9 446
6 707
3 724
26 691
27 931
20 674
28 845
3 441
0 560
24 876
9 801
14 909
28 587
27 893
3 355
6 599
29 737
1 610
23 453
20 632
7 238
2 514
19 683
23 453
16 798
28 293
17 610
27 310
17 232
12 872
3 457
17 524
27 290
26 555
23 595
7 836
13 530
6 397
20 788
11 306
24 782
22 218
13 893
20 587
21 519
0 618
3 607
20 964
0 823
21 999
24 907
16 757
25 363
13 579
8 757
23 915
21 948
10 619
17 366
29 259
14 594
29 988
7 217
14 887
21 533
10 797
0 726
29 888
12 504
6 867
15 471
5 917
5 473
1 628
14 809
28 986
6 865
11 660
11 211
15 665
21 674
20 245
17 509
22 573
14 702
13 691
8 262
14 233
16 677
29 349
10 678
8 720
16 890
5 691
27 263
12 286
26 573
21 384
7 316
5 933
3 915
0 514
10 919
12 963
25 212
29 819
28 878
23 515
0 727
5 615
16 902
23 964
0 595
18 523
26 254
20 343
1 614
14 804
12 690
23 463
29 971
28 633
25 728
7 601
17 919
27 903
20 460
10 616
26 583
27 368
22 677
21 920
22 626
24 775
7 335
11 582
5 382
4 488
23 845
0 312
27 933
29 340
17 728
2 857
2 655
12 797
15 810
6 516
0 686
20 755
25 526
4 367
24 512
10 756
21 665
19 315
20 406
16 797
12 245
24 700
8 239
15 370
7 604
12 371
23 961
7 955
11 833
3 561
21 669
12 884
25 216
18 303
1 721
24 404
26 401
20 913
28 464
25 202
13 943
1 393
