1000
16 665
5 333
1 757
15 460
17 637
21 833
19 583
22 255
19 723
9 736
27 312
11 439
10 323
29 972
19 522
27 265
9 734
27 769
2 240
18 653
15 319
20 907
0 847
19 965
15 582
8 408
29 242
28 316
26 938
16 960
0 478
4 951
4 651
10 942
27 577
14 248
4 329
5 675
14 633
13 234
13 372
0 621
22 815
20 629
2 279
0 704
14 515
20 460
8 694
7 292
10 944
28 323
23 406
3 556
24 426
17 383
22 757
22 265
28 217
27 614
19 365
2 204
9 827
29 907
6 696
1 403
4 809
3 722
3 913
23 268
22 739
17 955
14 430
22 591
20 964
7 526
7 641
29 980
20 841
11 688
10 708
7 479
19 896
9 849
16 491
1 664
28 893
15 405
19 809
15 357
27 740
9 830
19 930
11 413
19 384
27 984
19 974
8 686
26 867
23 666
21 619
3 306
9 713
14 960
5 732
29 758
24 206
24 580
3 752
27 388
21 503
21 673
26 583
11 848
9 326
18 905
16 239
24 985
18 903
24 211
22 848
28 393
3 630
29 745
18 793
9 833
6 815
25 535
10 777
8 473
25 434
22 721
5 202
9 781
14 980
23 904
13 501
13 638
11 995
5 691
19 495
23 214
13 665
3 704
4 545
10 247
25 921
28 690
18 455
27 771
20 638
18 947
21 205
6 944
6 600
4 355
20 255
15 858
11 976
17 426
14 252
21 525
7 964
11 997
11 777
2 949
20 262
21 668
23 767
26 260
14 256
2 858
24 594
28 401
28 512
2 919
12 852
14 354
20 642
19 833
15 726
17 305
28 899
13 644
5 278
7 399
23 375
27 702
9 457
24 336
15 229
25 594
20 704
20 688
2 929
0 602
28 413
1 386
11 511
15 895
26 663
21 347
28 670
23 534
7 384
24 335
22 305
9 311
7 225
24 788
25 702
25 813
9 455
13 672
8 345
3 669
8 376
22 362
14 997
26 751
6 924
9 481
9 888
25 924
2 791
7 210
18 447
18 697
9 670
5 308
14 935
29 368
21 384
16 582
18 768
29 589
19 542
18 316
24 629
2 938
11 470
8 594
13 796
1 509
28 472
9 294
14 433
7 811
15 252
14 962
2 964
27 659
16 706
0 292
29 467
24 508
4 360
24 473
0 900
9 802
27 974
22 440
19 586
0 786
14 486
11 287
11 255
18 407
29 749
15 343
19 905
9 481
29 863
1 270
29 934
25 738
26 835
23 485
8 353
17 518
18 525
3 909
17 223
23 630
17 379
12 479
20 803
8 776
17 793
9 889
29 749
4 614
17 533
2 265
7 983
14 390
26 980
13 272
8 838
11 511
18 983
28 645
19 655
4 324
15 584
12 814
13 600
20 974
13 897
9 910
3 507
28 967
12 980
24 485
18 928
14 835
2 300
6 417
8 404
27 429
1 717
23 860
18 827
1 380
2 616
16 846
26 741
29 237
22 967
6 253
11 223
3 551
22 673
15 608
28 312
12 906
29 958
16 895
16 668
25 964
5 401
3 358
28 903
18 379
8 350
6 392
24 433
11 910
23 356
14 998
24 431
7 402
17 503
14 647
20 414
12 670
16 959
16 591
29 545
28 902
3 556
18 778
3 205
0 234
5 933
1 467
16 523
28 327
29 618
5 918
22 239
9 655
10 922
24 512
15 892
16 623
16 204
7 617
17 661
29 728
8 495
3 978
11 942
12 259
29 813
8 840
25 661
19 462
26 764
18 364
0 812
8 897
21 328
14 357
20 280
2 784
4 381
12 508
1 231
15 595
12 309
8 259
19 932
24 469
18 371
1 966
26 707
11 594
12 327
16 889
6 477
3 413
21 818
16 855
27 910
12 828
5 943
0 370
5 722
1 233
20 242
10 235
20 353
17 589
19 453
1 701
7 931
19 894
3 734
18 395
27 669
18 301
24 609
6 622
21 797
6 968
16 848
13 933
0 390
28 913
4 408
16 923
5 843
2 352
16 908
29 949
26 625
29 530
7 721
13 286
3 927
6 548
21 898
22 400
7 660
13 519
20 497
9 257
2 887
27 714
14 272
9 756
20 828
26 244
22 382
12 853
20 234
24 354
8 201
28 497
19 939
20 474
10 972
6 714
20 752
18 391
13 904
28 560
3 635
5 764
22 573
15 277
19 687
17 856
17 323
1 566
12 897
28 836
12 462
24 390
15 569
1 947
3 765
5 722
29 437
20 935
6 706
29 730
7 833
4 819
20 350
4 384
1 499
11 751
29 972
25 556
23 781
25 216
16 387
11 270
28 501
10 263
22 314
22 734
5 582
3 525
19 480
14 245
1 707
17 667
14 281
19 333
3 931
16 543
0 864
4 323
18 419
29 316
13 218
23 329
5 693
26 323
11 569
0 750
23 307
23 504
16 747
13 885
19 911
15 706
2 538
20 669
20 584
20 616
8 608
4 385
28 413
21 200
15 755
28 541
26 768
25 315
4 245
10 274
12 309
20 823
10 876
28 940
5 884
17 734
23 799
17 630
0 567
12 520
17 644
15 734
10 919
13 312
26 246
24 863
16 728
10 666
26 781
18 735
7 681
0 905
4 494
19 361
2 547
29 811
29 773
3 824
13 585
2 261
26 786
28 528
4 788
5 950
28 470
10 659
12 338
19 395
9 896
14 253
19 546
10 235
15 645
23 563
26 308
5 266
1 764
20 265
6 981
0 708
9 205
18 205
13 293
26 751
0 603
0 934
15 945
10 579
19 258
17 457
9 956
23 987
1 476
11 507
17 984
22 894
1 483
1 586
18 945
2 722
12 842
20 270
12 955
20 266
5 572
9 452
21 389
18 353
7 312
1 643
26 623
25 318
25 289
8 454
7 995
29 626
16 454
13 387
9 902
20 359
28 639
23 949
6 731
29 248
28 534
29 925
0 698
22 780
19 979
9 776
19 407
5 996
22 808
4 400
22 618
21 869
9 230
22 378
1 402
27 504
5 538
0 635
13 497
20 862
8 682
6 960
17 973
3 245
23 702
17 827
20 662
24 845
21 893
22 988
8 253
20 527
25 516
6 841
19 832
8 805
1 498
7 409
20 867
18 267
6 648
27 268
8 414
28 310
5 246
27 269
4 725
1 384
11 378
19 412
2 896
19 657
5 893
17 677
25 973
20 654
5 864
12 923
26 824
9 445
23 875
3 497
2 847
3 763
1 724
13 331
5 992
1 659
18 873
20 790
17 477
16 823
12 777
2 753
29 772
22 324
19 669
6 709
25 773
20 723
25 573
23 608
6 875
14 345
7 760
10 379
8 710
26 969
1 606
6 942
28 934
3 713
23 622
5 303
24 423
7 750
12 698
11 207
26 405
20 641
11 847
17 739
12 578
21 963
16 732
26 583
16 454
0 285
11 396
16 357
17 933
15 864
18 223
12 725
2 766
24 553
29 315
13 389
21 862
23 981
24 566
17 760
20 759
7 261
21 732
17 421
22 811
25 499
24 970
10 268
14 255
12 684
16 734
23 545
1 203
29 241
17 274
15 980
9 421
8 577
26 421
18 267
5 714
5 597
28 712
11 706
9 797
23 834
10 919
28 638
18 794
7 452
24 830
28 508
3 418
16 783
14 817
26 602
14 555
25 839
19 874
20 370
12 224
4 262
14 205
15 833
16 401
7 394
18 311
15 337
2 674
11 362
0 938
11 716
9 733
13 851
4 322
5 506
0 200
23 998
25 473
11 709
9 501
12 885
11 734
19 495
25 833
29 432
24 387
29 710
5 636
21 493
10 200
17 238
5 748
3 214
17 982
24 990
4 524
29 416
19 790
24 838
23 689
1 990
14 988
5 789
0 577
18 882
25 596
10 316
9 577
24 269
27 722
17 513
14 862
22 949
11 984
1 907
21 698
28 507
28 925
20 499
5 728
26 443
20 840
20 755
25 432
16 591
29 603
7 792
7 963
15 960
23 450
18 632
5 709
0 681
8 768
16 705
25 342
0 793
6 337
28 200
26 268
9 428
7 997
3 665
9 912
20 400
13 935
15 785
11 283
5 278
2 578
8 848
1 619
0 766
1 321
7 340
18 597
21 965
11 756
23 221
28 309
14 852
17 567
18 492
3 855
24 445
6 576
15 538
21 501
13 991
5 753
18 303
14 749
1 416
11 883
29 919
28 210
23 500
14 692
10 489
26 841
10 707
28 347
17 842
29 276
2 634
23 305
13 288
7 643
16 843
27 263
29 772
24 788
0 898
27 810
12 397
20 803
6 811
14 831
4 684
18 521
21 475
12 686
15 691
9 803
19 911
25 778
29 964
18 227
8 550
4 437
18 907
6 648
29 905
13 379
24 227
17 934
19 496
26 802
14 875
10 764
10 212
23 806
8 581
25 245
11 809
20 375
7 827
11 727
15 459
20 634
4 399
20 838
26 546
26 610
5 361
23 429
4 278
17 524
21 420
15 465
27 828
27 221
2 933
8 370
2 280
13 830
23 678
7 509
26 253
