1000
12 406
7 490
4 534
16 441
3 610
12 834
15 285
19 377
21 443
9 605
7 886
21 763
2 747
14 856
21 801
22 916
16 275
15 359
5 890
9 650
19 495
2 441
10 271
29 380
24 370
15 620
14 530
7 584
10 297
25 907
29 293
19 495
8 598
6 262
29 616
4 932
4 250
26 300
0 932
29 893
3 258
5 702
6 393
15 529
15 376
8 503
29 565
13 460
17 370
29 457
28 826
18 420
8 504
0 788
9 994
22 839
16 410
1 490
8 812
17 599
3 884
22 633
3 732
20 626
6 955
23 298
8 758
25 743
11 474
20 981
18 240
12 540
26 637
8 281
23 601
5 778
5 872
2 956
19 273
2 584
24 404
20 875
27 489
15 500
22 622
17 488
20 784
13 454
6 468
22 209
1 919
23 924
17 407
28 921
22 919
3 547
23 984
22 772
8 962
22 739
26 888
10 323
27 554
25 771
24 480
2 391
15 476
17 525
6 573
13 834
4 914
8 611
16 626
13 401
27 992
10 701
29 405
22 313
9 419
20 766
1 735
12 795
17 339
28 210
5 357
19 628
14 395
5 201
13 408
5 384
18 767
29 741
6 944
26 518
2 686
2 333
11 942
9 964
16 277
10 588
17 974
2 482
27 999
7 351
3 674
6 829
25 891
1 695
25 667
9 240
0 952
19 927
0 216
14 437
18 317
19 735
13 297
21 210
6 961
11 939
28 989
13 504
16 357
19 375
0 553
1 810
14 231
3 670
14 589
22 736
6 293
17 224
20 947
11 343
6 476
23 895
18 719
3 950
0 647
13 609
8 308
21 896
14 730
25 533
20 238
21 606
24 469
6 799
5 547
1 318
4 442
6 662
11 339
20 578
29 664
27 720
17 834
9 976
12 932
17 439
10 950
26 469
14 544
5 880
3 953
8 570
1 627
9 232
23 646
28 985
2 274
28 966
22 996
18 913
8 713
29 744
3 389
15 940
13 364
2 887
10 551
19 612
21 718
16 536
7 970
28 484
0 908
19 930
29 842
18 583
0 584
22 674
14 780
22 294
20 814
12 785
17 442
6 352
0 414
0 433
9 801
7 367
10 556
24 451
23 248
1 840
25 873
23 604
8 351
26 958
3 325
27 391
23 548
29 931
6 993
17 747
25 221
8 440
13 573
15 332
28 340
17 581
7 229
24 298
17 254
16 580
22 665
15 492
10 395
17 458
21 965
0 384
20 770
24 362
20 616
20 851
26 437
24 969
21 532
28 759
17 290
26 460
11 417
9 575
0 482
25 999
22 738
15 696
28 741
2 703
18 604
20 763
20 290
11 703
17 218
2 735
28 802
12 735
1 572
21 489
17 386
8 858
21 683
10 216
23 410
23 256
26 830
28 978
7 451
19 500
24 390
12 779
28 670
12 867
6 505
26 699
16 445
14 235
7 321
26 622
12 761
22 500
17 944
12 700
3 936
8 617
21 839
20 888
0 915
17 284
13 690
17 687
29 840
13 751
13 431
26 202
2 555
28 825
21 869
9 287
1 331
12 825
3 523
18 675
19 272
12 547
22 230
20 799
20 983
26 385
18 956
27 493
13 937
8 764
3 292
1 230
14 701
16 744
1 408
11 562
13 794
11 384
20 320
1 226
25 965
29 862
24 692
13 899
9 268
10 457
8 368
24 864
8 808
3 646
7 225
9 776
23 696
3 582
14 536
23 322
27 463
11 796
12 203
21 216
9 986
22 544
8 535
22 528
24 555
22 421
11 686
0 772
25 237
26 971
1 644
11 699
2 209
3 555
16 570
29 577
9 268
27 265
27 706
2 490
13 645
27 927
13 593
27 350
3 590
6 468
18 938
19 920
13 948
5 874
16 471
4 793
6 238
12 833
14 206
23 867
26 537
20 354
3 383
28 298
11 834
10 666
7 881
7 897
5 891
29 519
29 976
0 277
1 808
17 591
26 775
29 930
13 841
9 637
1 266
10 947
5 362
12 439
7 266
9 796
18 975
27 910
4 936
13 810
1 858
12 819
24 443
2 649
26 598
25 294
28 834
13 582
19 877
20 596
29 286
12 829
5 461
7 631
2 635
4 868
0 869
7 791
24 342
3 700
9 329
15 294
22 624
23 964
5 486
7 337
10 539
2 952
2 593
25 425
22 492
22 513
1 849
28 316
25 963
8 328
18 554
21 283
3 374
0 499
19 735
18 435
7 999
14 330
15 827
16 956
11 203
24 915
3 388
3 949
20 795
24 229
0 726
10 789
7 461
28 548
13 239
7 520
10 766
17 517
10 263
12 430
27 289
9 260
27 772
20 592
26 216
18 938
16 574
15 955
8 846
12 827
8 249
9 539
5 581
3 568
13 336
12 307
15 930
4 815
9 755
29 900
24 438
8 814
10 777
22 683
28 318
26 240
3 543
14 930
16 368
7 830
23 378
25 288
18 593
7 571
9 703
22 888
3 520
8 498
13 258
29 805
4 994
22 504
25 900
21 581
11 427
24 956
17 225
8 367
23 710
10 737
2 971
9 541
29 879
7 359
7 315
12 800
22 829
22 717
7 630
0 416
29 242
5 378
20 632
12 495
12 413
15 586
15 493
23 240
29 859
4 589
17 721
24 643
29 282
4 719
0 683
27 870
10 979
7 455
10 912
15 836
10 778
5 932
3 232
21 512
11 723
17 694
29 446
11 287
22 426
8 934
21 201
26 960
23 212
17 847
7 709
14 684
13 500
22 305
3 991
18 649
12 948
19 818
12 701
23 534
12 471
3 267
2 250
20 525
27 498
8 743
7 615
9 443
25 888
3 868
22 469
2 874
29 733
13 586
19 528
1 528
16 996
3 911
23 609
23 815
8 535
27 374
15 766
28 390
5 869
5 741
15 793
25 545
2 978
18 681
26 691
4 523
17 508
27 654
14 474
25 412
5 679
17 234
11 648
8 722
0 837
0 413
14 393
1 627
17 783
23 917
5 284
1 562
2 519
0 947
22 453
25 915
20 911
8 580
25 766
4 741
1 314
26 331
6 565
7 256
22 752
10 412
3 749
21 462
23 856
5 855
2 526
9 885
19 490
4 790
29 556
20 445
12 726
20 952
18 881
7 448
4 824
6 647
9 702
23 918
12 301
22 378
29 827
13 946
13 934
11 492
23 955
22 712
10 937
10 952
1 665
6 316
10 342
19 387
16 651
17 415
15 352
14 475
8 385
23 676
8 834
13 868
26 910
8 931
28 602
17 787
6 442
14 369
8 674
8 405
0 565
16 745
10 595
26 498
23 219
2 720
10 517
11 457
2 792
0 879
3 843
1 215
24 359
16 915
18 915
20 708
7 848
7 847
12 235
5 246
26 439
7 724
25 420
3 633
18 791
22 289
8 570
13 645
18 951
4 777
16 270
20 828
21 562
18 796
24 208
25 623
22 398
10 770
6 713
20 416
12 404
12 648
17 854
15 886
21 471
20 753
6 325
5 338
3 780
1 420
11 374
14 998
7 395
10 992
6 465
6 387
26 514
9 812
25 373
23 629
9 626
12 374
3 789
11 736
17 475
3 628
16 906
1 700
19 337
27 543
9 752
29 994
14 522
24 395
14 371
29 656
7 957
18 461
23 665
2 430
2 202
16 848
5 469
4 379
2 604
5 915
29 979
15 287
20 200
24 360
1 404
9 705
13 791
9 764
18 929
9 305
22 245
11 361
7 876
8 297
28 322
28 802
27 328
3 764
7 940
19 214
16 879
27 952
10 338
9 452
0 973
4 624
15 680
16 255
25 754
0 644
14 794
1 570
1 806
9 795
11 857
16 547
10 715
14 804
13 518
22 708
28 484
29 509
22 710
15 787
22 343
0 900
21 265
19 729
9 440
9 638
20 574
6 209
25 273
20 356
15 328
11 701
29 417
9 928
17 603
13 345
16 940
6 471
16 457
1 348
4 642
9 907
18 253
12 577
15 304
16 451
10 909
8 670
9 657
4 965
20 942
6 842
20 680
20 946
3 415
1 701
1 226
23 965
3 543
17 849
9 429
21 562
0 256
20 879
24 917
10 640
1 258
0 491
22 395
6 892
15 408
16 588
12 850
26 783
16 443
10 213
20 327
10 453
25 941
25 331
21 673
13 473
22 773
20 257
13 656
29 882
4 628
5 724
23 404
11 758
10 455
4 342
14 504
4 841
21 972
10 613
16 247
5 501
24 552
21 284
28 775
24 368
8 465
22 528
6 763
0 243
1 280
23 884
21 209
12 389
2 726
4 288
25 570
18 951
12 442
9 580
21 943
28 567
4 839
5 466
19 267
4 629
20 341
23 649
25 414
14 339
22 696
4 369
12 788
0 256
23 658
10 312
3 700
4 269
3 303
11 337
21 648
15 531
29 424
25 599
5 719
0 987
2 256
16 901
26 918
8 280
25 637
6 658
12 837
11 796
9 402
2 835
7 893
0 308
9 648
13 315
12 350
10 845
24 988
10 944
6 493
1 245
14 794
27 874
15 322
16 494
