1000
4 331
18 667
27 503
0 890
16 463
11 352
18 638
3 436
25 939
17 526
12 568
7 428
13 461
19 856
22 722
23 281
28 351
11 560
7 837
15 209
5 563
14 277
21 450
5 329
20 804
21 744
27 938
10 543
24 418
13 331
3 403
9 816
9 872
0 288
21 914
21 378
18 275
29 680
14 808
26 811
26 871
7 817
9 631
16 700
22 527
5 991
9 395
15 733
5 786
1 835
9 774
14 348
27 855
2 200
27 745
19 202
29 328
11 589
2 831
9 388
22 956
28 979
2 891
27 557
0 944
27 455
17 599
24 498
8 880
17 324
15 276
19 437
7 758
0 222
7 904
1 707
9 766
23 381
1 614
19 212
27 571
18 630
0 324
23 787
28 220
29 564
17 255
7 306
14 654
24 282
2 363
9 247
8 327
25 755
16 276
10 919
20 746
1 901
24 498
15 221
22 300
13 526
9 406
12 692
1 671
23 365
14 636
26 861
24 940
27 426
18 429
3 327
24 996
2 826
23 373
12 403
23 651
2 755
10 988
27 776
25 951
22 627
26 496
3 633
20 893
10 574
23 843
17 208
9 226
3 532
22 545
20 253
28 216
22 265
20 958
2 251
26 673
11 734
3 387
18 608
3 555
29 661
18 499
15 555
19 960
1 914
17 427
23 216
10 232
8 311
15 200
23 508
16 643
9 461
0 368
19 583
5 739
15 648
1 637
17 654
18 459
4 332
26 201
14 593
13 684
8 507
13 885
0 726
8 742
17 428
1 250
15 699
19 873
8 303
13 532
12 476
9 777
22 682
24 429
7 541
1 565
12 518
17 316
17 285
13 815
23 917
15 287
12 461
1 322
24 545
14 805
3 887
19 557
0 727
8 749
29 900
14 447
22 301
18 717
11 635
26 975
24 737
15 554
21 955
0 336
19 367
3 673
0 536
11 927
18 429
20 745
14 945
12 321
17 869
24 948
23 805
6 220
0 571
10 652
3 354
2 744
21 724
15 843
29 301
29 565
10 593
4 712
15 392
19 318
28 357
26 397
12 767
12 717
19 788
0 819
17 743
8 865
13 559
10 287
25 244
17 532
9 758
4 609
27 495
29 524
18 507
25 867
21 923
29 855
1 666
20 283
5 823
13 712
16 326
25 813
24 616
28 670
28 648
21 969
25 237
3 268
27 715
17 530
14 578
28 212
22 800
0 603
3 385
9 226
28 253
7 335
9 627
28 494
8 900
26 812
20 676
3 230
1 784
2 595
0 582
5 709
3 615
11 932
3 436
23 878
28 812
8 833
5 489
27 388
2 476
22 210
21 441
10 973
22 551
4 358
10 476
22 976
21 979
7 791
4 317
23 620
17 788
2 996
4 820
25 467
26 561
16 794
7 473
10 722
13 266
1 843
0 290
6 327
6 932
11 953
9 842
16 384
22 952
28 984
8 432
16 669
5 551
7 524
18 863
8 442
2 411
29 284
7 467
10 487
21 753
21 887
29 931
26 670
8 496
19 622
23 909
23 237
0 826
26 297
5 863
25 790
21 435
2 787
27 897
9 706
26 733
21 961
6 846
9 958
6 256
16 717
14 778
26 992
1 659
10 623
20 491
26 627
27 993
28 567
17 602
13 579
9 592
7 387
7 488
22 284
23 412
5 719
13 461
26 391
7 469
11 239
26 876
26 229
26 365
19 407
0 333
18 832
20 532
16 988
0 457
21 265
4 295
29 966
0 808
14 562
1 358
25 840
14 622
16 696
28 665
23 921
17 585
0 248
9 764
10 307
6 679
29 994
14 867
1 678
18 572
15 693
19 281
20 859
29 999
20 360
2 365
28 595
18 376
8 932
3 758
26 381
24 710
17 851
29 530
22 791
24 475
20 470
8 347
19 956
27 421
13 892
12 762
24 222
10 559
8 630
27 294
28 393
29 646
22 273
10 837
5 879
3 604
15 412
24 260
23 520
7 615
9 820
6 995
20 323
25 439
18 459
5 231
17 578
9 409
14 695
22 702
7 622
4 578
24 304
0 432
0 739
3 548
22 418
14 252
16 435
13 291
27 710
23 548
12 374
20 416
18 809
16 229
29 212
16 887
3 989
27 313
2 907
13 907
20 772
14 808
14 422
29 369
16 403
5 201
8 247
4 601
27 469
26 646
20 376
12 329
6 777
26 487
11 966
25 990
0 519
13 982
12 380
13 382
3 847
8 234
19 951
13 931
29 344
27 939
21 844
23 306
12 544
18 634
26 731
17 453
2 737
21 458
15 746
24 366
2 660
0 422
8 286
26 466
14 985
3 386
14 368
25 469
2 762
0 599
22 297
27 905
25 751
2 545
3 247
20 356
28 383
5 359
21 904
4 302
0 280
18 772
29 278
8 287
5 273
22 831
8 637
2 876
25 679
19 290
22 598
20 439
7 933
16 908
0 696
26 818
7 583
24 836
1 365
13 827
8 357
17 676
26 766
1 541
4 976
20 773
6 413
18 301
22 916
7 733
15 582
0 479
22 895
3 810
7 658
27 780
14 363
18 557
22 376
10 427
21 448
19 784
4 395
27 580
26 929
29 886
9 933
14 932
8 707
13 639
18 346
21 382
2 832
15 526
5 299
15 613
18 245
23 553
23 991
9 356
22 236
28 836
12 853
28 423
25 470
22 303
12 303
27 978
15 764
7 511
21 540
19 578
24 788
19 957
12 533
5 954
15 349
21 310
5 391
10 702
29 603
26 476
20 476
1 258
0 986
7 806
16 454
21 756
28 987
8 604
2 539
17 838
1 256
0 759
1 244
17 558
18 446
11 923
19 585
21 760
16 572
7 967
4 853
4 963
5 729
4 723
20 786
7 905
0 243
10 226
14 600
22 369
11 896
28 202
14 742
18 987
20 988
20 335
7 995
21 448
17 331
19 324
16 891
3 998
5 949
22 841
11 384
23 834
3 392
5 479
1 478
15 876
29 808
26 817
20 682
24 907
4 707
27 839
21 306
24 923
26 653
29 485
12 475
4 447
5 404
25 871
28 474
0 344
1 909
27 263
0 947
15 207
8 941
6 422
24 362
6 550
16 657
5 360
26 380
22 477
12 733
1 249
2 388
9 431
6 733
7 878
20 521
23 527
3 215
29 565
16 505
0 726
27 394
23 487
16 376
8 817
8 557
19 512
27 312
0 415
20 429
19 224
22 563
8 280
17 475
19 386
3 955
17 331
0 678
16 364
13 601
18 438
26 204
26 795
7 861
2 207
23 700
2 249
29 618
16 384
29 633
6 389
19 885
17 880
12 629
6 288
3 468
11 273
2 346
3 212
16 788
15 311
9 643
23 310
11 987
12 504
25 836
4 962
2 602
27 591
15 417
8 530
11 244
17 436
22 300
28 446
5 666
2 631
21 592
23 214
18 493
10 981
0 295
14 719
12 425
26 914
11 869
29 891
27 388
8 722
17 412
5 654
21 876
12 379
24 340
14 786
11 991
20 385
0 576
6 852
25 824
11 910
10 407
26 841
18 843
23 532
3 460
12 314
26 253
0 424
3 729
6 378
7 276
1 320
12 223
3 897
1 560
16 300
12 661
0 974
6 344
24 409
16 506
26 491
16 770
24 562
12 859
3 521
1 600
21 466
1 700
4 895
10 414
20 209
16 620
14 986
29 274
6 773
7 757
2 780
20 719
23 838
18 590
12 563
26 822
29 385
7 383
1 378
12 380
0 863
1 972
3 862
0 560
27 760
9 917
23 258
26 295
15 431
15 904
27 784
6 488
7 222
27 948
8 865
21 391
4 632
27 202
2 250
3 660
8 377
23 623
20 776
22 438
8 381
11 851
22 251
15 405
29 413
20 791
24 870
17 327
6 617
19 513
15 551
21 634
5 763
14 565
19 675
21 689
21 866
27 568
11 815
20 374
17 318
10 651
21 844
8 268
6 922
11 959
22 639
9 993
11 606
19 226
24 661
8 475
6 403
14 975
18 247
17 726
16 581
17 434
14 601
17 485
3 339
1 508
19 608
10 329
19 635
11 579
4 901
9 839
11 487
17 590
29 790
22 519
6 399
21 865
26 974
1 870
13 579
14 452
17 887
25 250
11 297
9 828
8 428
14 207
11 482
16 803
26 300
24 202
2 491
29 955
24 330
22 621
22 327
10 213
26 314
18 608
29 888
13 677
6 535
4 483
9 383
11 943
22 756
24 802
29 785
17 469
1 754
26 930
17 992
12 724
15 547
27 872
28 301
16 593
7 587
26 611
0 933
21 541
13 678
16 553
8 499
16 643
22 251
6 216
20 245
9 899
12 867
26 295
17 896
1 255
12 984
16 828
4 744
6 332
28 859
10 282
12 875
29 536
1 476
27 369
11 678
16 948
10 994
25 403
12 882
6 513
23 767
26 488
7 348
8 622
21 982
1 727
14 799
22 233
28 340
7 630
29 214
17 474
27 454
4 463
22 775
7 884
15 579
0 223
16 951
18 668
27 645
21 835
3 462
29 484
25 943
18 288
6 949
