1000
27 539
9 432
7 579
13 712
25 419
2 503
4 691
17 791
7 602
9 302
6 472
28 611
22 690
5 627
13 938
10 550
18 800
7 667
29 246
18 842
6 496
9 296
22 645
6 883
6 208
3 476
17 700
13 815
27 366
1 983
8 583
3 480
11 281
12 891
28 449
19 375
1 896
20 400
12 884
19 622
17 444
12 604
27 994
10 940
13 562
10 911
26 809
26 990
23 841
18 892
1 750
12 559
10 220
16 581
16 330
1 351
5 970
20 453
19 684
10 910
24 282
17 438
21 785
18 220
19 738
24 656
2 226
8 980
4 680
9 999
8 590
17 510
26 808
1 770
19 341
12 714
16 307
22 991
16 537
0 254
1 652
21 501
23 597
22 861
10 200
4 233
5 985
25 782
19 525
11 458
16 727
23 525
2 885
24 438
27 842
25 436
2 386
16 457
10 343
21 393
19 825
19 805
15 485
4 546
2 772
26 376
25 715
3 702
28 807
14 809
14 268
2 944
16 449
7 644
25 600
13 397
4 242
19 589
10 433
5 813
26 827
18 765
28 707
11 510
10 607
3 670
22 426
19 584
0 831
23 488
15 754
18 240
6 325
4 507
17 379
27 817
27 539
8 782
0 526
1 647
10 670
29 343
22 937
27 592
14 986
2 477
7 510
25 590
23 950
12 676
16 313
7 895
14 312
9 698
26 222
19 610
12 964
12 234
22 362
13 245
28 504
9 450
24 504
4 257
8 344
7 716
2 238
7 562
18 880
4 677
8 357
10 788
23 871
7 652
27 671
7 635
16 231
28 340
9 793
4 938
24 716
7 876
20 700
4 917
20 628
22 282
25 665
11 606
21 226
13 536
19 724
11 553
8 921
7 455
3 257
20 237
16 909
13 991
1 903
28 921
22 467
16 881
22 927
21 249
5 653
26 968
10 930
2 280
13 719
3 575
23 614
21 926
1 584
1 419
5 888
25 723
28 559
6 349
9 322
5 440
7 428
9 326
3 342
7 455
7 853
22 881
17 251
6 537
26 420
3 869
0 459
28 212
10 463
28 325
16 377
16 851
27 913
7 307
5 661
18 309
17 249
28 656
20 684
0 515
0 448
19 983
7 839
29 938
28 532
25 723
29 296
19 394
6 522
27 619
19 251
0 546
8 477
13 597
3 438
21 828
13 369
14 680
10 407
10 696
5 220
28 499
7 579
17 962
1 494
4 675
18 908
9 304
12 694
17 713
16 450
17 516
0 311
6 427
7 369
14 430
7 262
20 320
7 751
16 243
24 229
23 938
23 665
26 897
0 707
16 622
23 636
15 358
16 787
14 617
29 582
26 679
10 908
26 862
6 301
0 679
5 632
7 768
26 241
21 763
3 900
12 264
13 938
24 945
27 460
18 786
8 477
28 967
4 514
9 513
16 733
29 726
6 252
21 492
13 221
22 789
21 606
23 298
6 568
27 842
2 704
19 684
1 813
13 442
28 377
19 797
15 410
25 870
29 714
17 430
24 348
9 357
13 591
4 435
21 565
13 789
26 629
16 604
0 268
4 439
28 500
25 223
27 445
2 565
27 589
14 957
28 330
23 221
20 828
21 931
1 586
6 749
18 737
21 778
12 532
11 312
5 841
14 613
12 411
11 601
9 208
1 501
3 480
7 550
20 501
16 228
9 442
28 892
28 706
6 704
14 593
2 950
7 997
24 219
0 324
9 398
23 368
25 708
8 744
4 631
3 992
22 248
4 538
8 579
18 953
3 865
25 815
15 616
18 394
14 844
12 463
2 552
23 996
20 708
8 699
19 627
14 366
0 997
24 226
13 421
1 462
9 524
10 362
27 593
18 347
4 966
15 954
4 369
7 651
0 205
29 201
15 503
13 378
19 216
6 712
12 935
17 420
0 454
2 837
20 600
27 681
20 349
3 207
26 517
22 517
16 848
7 583
1 385
15 249
7 355
5 565
19 587
3 453
20 868
4 904
24 623
17 551
25 477
2 395
5 345
16 254
25 646
8 836
28 936
23 655
11 903
29 777
17 757
15 394
14 808
26 332
2 865
11 232
2 855
0 492
9 675
3 934
21 571
7 302
11 749
8 481
23 988
28 359
26 472
11 270
27 447
1 481
28 708
28 492
27 543
14 842
9 248
2 293
18 737
4 383
6 666
25 565
8 335
9 997
13 550
6 501
17 604
20 499
7 770
7 326
10 800
18 971
26 226
17 921
14 566
10 217
7 546
18 296
5 248
8 465
6 763
27 577
27 683
25 589
5 584
24 502
17 245
25 361
13 795
8 361
10 230
6 861
11 279
13 418
1 284
29 386
16 579
10 732
11 319
18 682
1 247
17 996
10 631
23 536
13 391
28 998
2 770
17 399
0 661
13 371
10 919
24 444
12 206
4 520
23 552
16 252
27 843
20 225
12 756
18 784
22 761
22 744
24 300
17 437
21 606
22 233
4 720
13 634
16 325
1 778
15 821
4 511
4 987
3 648
13 740
16 509
16 983
1 487
9 353
29 995
19 778
7 206
21 608
7 235
9 628
21 241
13 984
19 356
16 208
6 263
17 425
29 861
24 889
17 651
8 852
24 739
5 511
29 313
16 234
5 666
29 435
0 833
28 954
19 783
23 762
29 970
26 552
17 868
6 526
4 406
27 817
19 970
15 818
18 345
22 683
16 793
6 333
19 456
26 813
1 280
11 797
17 388
28 981
26 622
21 660
23 786
26 532
4 946
11 495
9 584
15 361
9 370
3 417
13 442
18 937
28 963
16 906
29 945
18 674
7 898
28 946
15 818
11 231
6 418
24 754
25 487
29 718
13 841
16 441
20 468
23 657
7 841
15 416
12 644
1 694
14 875
10 914
2 912
6 632
21 729
17 289
8 685
11 311
16 822
6 636
23 991
13 564
25 534
26 686
16 246
20 944
19 874
26 907
12 440
9 272
13 407
1 234
2 623
18 954
29 802
26 501
18 890
2 506
25 529
14 882
8 832
29 386
16 317
16 435
5 949
20 933
1 939
17 480
17 845
18 350
10 209
20 423
15 777
21 883
8 379
25 438
5 617
29 996
24 884
5 274
21 536
21 339
16 967
4 355
6 614
11 412
6 375
1 472
26 284
3 268
0 661
20 282
13 672
8 627
26 931
0 798
6 988
16 686
19 964
9 257
24 408
6 839
6 522
22 230
3 283
29 496
4 324
3 338
14 695
23 241
19 735
5 418
0 342
26 543
28 200
28 668
29 424
2 714
8 390
26 910
7 783
28 913
8 351
19 236
15 831
25 994
24 365
11 557
11 609
17 889
21 696
14 681
15 787
29 894
27 866
6 652
14 946
21 223
11 886
23 500
3 656
24 497
14 941
3 772
9 227
10 399
17 679
24 977
18 821
22 264
28 889
14 862
20 592
1 574
24 925
12 414
7 744
18 353
21 897
26 421
2 981
10 931
8 734
23 931
7 884
14 766
3 809
22 434
29 326
5 786
17 983
14 541
22 481
12 541
15 502
10 273
10 834
22 632
11 849
15 696
5 427
2 973
20 654
8 665
21 938
22 925
14 318
23 727
12 719
16 371
12 355
13 246
4 931
29 380
23 307
26 385
26 858
19 476
23 299
5 948
8 465
23 645
26 426
28 596
15 246
6 493
29 414
20 453
7 973
13 592
24 865
6 825
5 909
1 274
15 841
25 841
14 615
3 531
18 456
19 794
9 283
29 293
22 821
28 231
13 639
27 449
6 906
19 406
10 347
1 845
7 439
3 231
3 947
6 418
19 727
29 886
2 832
22 762
12 667
17 313
0 601
24 630
20 450
19 847
17 517
1 939
3 430
21 995
6 642
15 825
11 947
2 968
3 527
3 520
6 242
9 391
18 597
20 665
22 890
24 672
16 663
10 205
3 417
16 572
5 656
12 252
27 444
8 358
2 353
8 460
13 719
7 919
19 463
1 388
13 713
0 674
14 783
16 400
20 766
28 967
26 696
18 325
22 585
20 715
16 805
24 878
18 228
14 687
15 814
23 614
28 267
13 789
24 640
7 255
2 458
13 274
29 986
26 597
25 317
19 851
28 340
15 371
25 786
27 364
9 708
11 981
0 206
19 944
16 945
24 793
15 542
7 464
21 988
17 343
13 628
5 480
1 266
24 906
7 751
7 772
28 725
11 768
12 455
3 660
29 871
29 256
24 757
3 809
5 481
26 355
2 876
16 488
14 580
10 701
12 605
13 600
5 321
12 848
10 851
5 797
21 478
0 820
24 200
5 442
18 937
14 225
6 265
21 259
22 397
6 563
10 269
1 745
2 515
8 906
23 852
27 386
14 936
4 692
7 256
2 637
5 416
20 445
29 234
21 852
5 306
26 261
27 869
29 421
2 417
9 566
2 832
14 245
16 676
29 513
17 997
18 362
12 860
29 452
20 936
14 982
17 841
5 518
3 205
23 923
8 385
24 443
4 517
8 282
27 509
15 851
29 768
29 492
15 888
10 677
22 963
23 472
