1000
17 521
18 870
2 754
29 733
17 991
11 899
4 762
19 381
12 431
12 802
2 963
23 864
7 495
15 892
21 953
4 772
18 448
13 258
9 567
9 911
5 450
12 670
19 344
12 886
27 302
24 959
0 450
3 504
6 846
12 594
23 216
28 464
20 685
20 534
12 728
11 202
20 275
1 441
12 998
26 771
29 382
15 684
0 639
17 268
4 914
12 341
7 209
8 856
23 299
7 367
23 813
10 472
5 259
8 613
19 828
10 427
29 382
8 854
27 590
17 738
6 629
17 737
20 577
26 917
11 571
29 569
26 999
20 845
11 225
28 345
28 425
0 289
13 312
12 760
17 957
5 757
14 880
19 358
17 975
26 918
9 877
0 498
12 658
3 300
14 917
22 220
2 752
25 573
5 609
13 569
28 554
19 222
1 766
0 930
20 383
12 674
26 382
21 525
3 628
6 440
16 264
5 1000
20 651
3 688
14 529
3 937
0 731
15 985
13 742
22 777
22 895
13 508
14 494
26 417
14 743
5 516
12 330
21 861
0 512
8 398
24 785
17 386
21 226
9 360
22 504
16 939
9 492
6 522
24 325
24 922
6 919
22 997
7 768
7 430
27 836
7 879
13 632
25 241
11 759
21 893
3 884
20 326
1 568
1 821
23 807
6 790
29 253
11 905
9 786
0 853
27 848
26 798
22 679
25 530
8 843
0 462
2 454
11 584
23 588
5 586
29 925
4 210
28 302
17 822
13 441
17 919
26 544
0 548
24 930
17 230
17 501
27 753
2 573
21 487
28 215
0 233
29 559
19 999
28 625
10 906
13 215
3 508
15 486
26 251
2 255
1 748
1 778
10 839
11 756
10 554
17 260
9 374
24 480
18 709
8 484
1 826
16 422
9 479
20 226
20 499
16 551
2 594
7 846
6 633
0 835
6 206
17 812
26 201
24 497
0 445
25 412
10 656
12 858
2 470
0 999
0 869
12 599
11 290
23 679
13 808
10 546
14 638
4 377
27 583
7 241
5 265
7 649
18 701
6 505
9 483
14 821
24 587
23 417
17 831
23 474
10 359
2 497
3 906
10 673
17 399
12 329
10 579
14 340
22 676
13 507
6 880
22 305
7 762
29 523
3 418
0 949
6 371
28 283
14 504
16 342
5 732
3 282
19 481
0 693
16 811
10 346
28 349
23 416
2 844
20 777
24 789
27 466
1 936
19 380
9 816
1 801
26 827
13 595
22 446
3 612
14 669
10 896
23 591
0 484
4 545
18 245
24 303
29 271
14 592
1 945
7 299
15 397
4 670
19 453
23 786
2 387
20 641
6 734
20 900
9 262
9 909
21 812
8 964
9 982
20 952
9 824
5 353
0 723
21 467
14 935
10 753
12 823
24 222
18 709
17 728
19 983
29 653
5 364
25 360
20 261
16 823
19 760
9 363
21 716
20 212
2 965
29 873
2 672
18 347
1 492
4 541
0 438
5 965
28 778
15 584
6 447
28 539
20 274
25 321
8 300
27 731
1 287
7 382
16 818
3 236
10 635
18 285
29 210
1 272
1 410
16 646
24 498
17 548
25 480
28 560
20 525
5 209
12 944
29 388
1 884
21 953
24 657
1 384
5 272
1 890
5 597
19 886
22 812
24 570
9 713
7 450
0 600
18 613
19 750
16 284
5 869
23 336
9 381
28 230
28 453
11 668
19 727
25 277
9 516
15 464
7 740
26 670
21 257
18 570
20 286
13 856
24 682
27 801
6 531
28 979
29 959
7 268
7 717
25 979
22 887
12 754
20 733
8 969
29 403
5 508
23 780
28 293
10 491
11 584
29 975
26 377
1 277
5 736
4 378
8 546
9 754
20 696
23 322
9 339
12 844
19 510
18 289
5 422
21 484
9 784
1 642
24 895
2 647
17 639
0 798
24 985
28 452
22 796
1 508
11 684
26 569
9 813
29 516
15 661
15 313
24 633
24 733
2 732
27 550
24 721
18 835
26 936
24 258
6 489
2 644
17 993
4 854
19 228
22 403
20 440
3 478
26 357
28 253
18 241
16 940
8 755
12 703
27 959
7 272
27 727
21 872
29 633
27 930
12 639
17 467
4 979
13 460
14 361
20 526
4 524
28 389
25 882
19 496
27 542
16 990
2 439
26 920
4 468
8 518
10 837
11 277
10 917
20 410
29 920
4 377
12 743
6 793
13 714
17 858
25 564
24 258
0 986
8 533
13 591
6 632
1 757
15 667
0 820
11 707
22 947
6 600
27 714
3 728
24 438
23 498
12 815
24 545
24 235
28 842
2 522
20 817
14 682
4 805
6 897
12 902
1 530
29 227
27 442
3 419
29 887
18 920
21 738
12 794
21 528
1 470
13 574
20 826
14 892
8 266
21 392
6 641
23 791
7 487
5 558
7 904
15 714
7 835
25 283
8 866
29 822
11 913
29 520
13 521
20 985
14 575
10 926
17 297
17 331
26 293
1 701
12 940
17 960
11 796
0 714
25 465
0 934
3 291
7 563
15 959
2 717
2 279
13 243
7 806
6 220
17 253
21 887
27 365
20 251
24 785
28 965
24 515
19 722
21 403
20 438
5 632
0 559
25 636
13 733
23 969
0 473
22 421
9 349
29 641
0 772
15 427
11 696
5 961
26 246
28 886
21 916
15 918
26 557
18 691
25 681
2 351
23 811
25 448
15 910
27 650
22 920
19 494
11 320
26 490
14 480
18 360
11 294
2 662
10 550
8 533
12 717
9 519
19 986
27 281
9 834
12 794
5 987
28 219
18 345
11 891
28 532
20 452
18 526
6 825
18 348
18 892
15 221
16 995
26 458
28 833
19 453
27 692
15 523
26 498
2 765
11 931
26 414
3 289
21 523
11 929
13 409
5 655
9 307
16 227
1 309
23 712
7 766
0 732
2 964
6 598
24 458
13 749
26 289
11 691
11 310
17 741
27 861
29 542
0 776
15 466
24 507
1 643
12 246
1 419
5 305
8 650
20 449
7 934
10 779
18 363
15 753
2 270
21 205
24 366
16 225
11 780
12 221
28 669
22 759
28 910
10 429
9 882
17 487
22 919
20 615
28 777
24 943
10 445
7 545
5 576
26 605
24 782
25 642
3 911
18 841
20 492
16 926
19 234
20 913
13 828
22 959
10 305
9 547
1 877
1 801
16 666
21 430
2 710
22 650
21 259
15 436
8 623
21 319
2 316
27 487
6 937
14 875
2 584
7 311
4 589
19 264
3 248
9 433
23 626
17 567
22 363
19 447
7 657
6 881
7 995
17 813
5 479
20 416
27 752
24 336
5 489
16 218
13 534
1 778
28 630
20 842
29 842
17 808
15 532
29 499
16 1000
13 455
5 803
18 876
2 793
19 270
14 820
0 938
6 802
6 366
18 827
13 276
5 582
7 933
5 446
22 739
21 659
19 864
1 366
29 478
29 257
22 354
26 315
25 471
3 426
6 752
21 692
20 714
17 757
21 576
12 459
8 565
6 324
8 725
9 594
1 240
4 862
24 874
26 448
17 787
28 428
23 702
10 339
24 858
8 373
26 988
29 532
13 660
21 772
7 828
15 758
27 216
14 559
14 795
28 355
28 449
8 424
7 841
17 396
15 926
16 253
15 404
7 239
9 713
26 724
16 500
23 481
0 781
18 370
26 845
27 755
11 431
17 763
6 468
6 400
28 574
26 322
18 504
6 765
16 289
0 743
14 781
14 818
22 297
0 644
16 552
21 687
23 490
27 880
21 604
7 255
23 719
29 233
0 433
1 538
27 676
6 818
27 386
16 254
12 224
24 936
15 343
10 480
21 357
7 590
26 390
6 700
8 320
24 266
0 833
10 686
5 572
18 275
17 694
0 882
21 398
6 761
29 908
8 697
1 859
21 654
7 350
16 204
1 498
20 589
18 810
7 751
19 712
25 867
16 544
2 738
10 505
21 329
28 232
9 441
8 709
9 477
15 423
22 745
15 918
29 532
27 833
0 485
9 707
14 903
29 946
25 417
7 522
13 842
12 979
6 304
3 579
16 895
23 944
13 357
0 576
2 752
28 552
16 660
1 571
19 633
25 853
10 464
29 838
5 798
2 213
16 612
27 700
16 422
29 839
29 303
7 295
17 670
19 329
29 631
18 751
19 525
28 418
22 666
3 512
16 926
28 400
17 987
10 891
9 321
3 427
6 660
2 614
21 902
21 841
9 584
29 398
1 252
10 913
15 592
23 745
8 875
26 337
7 434
22 823
12 604
1 454
21 918
10 561
16 732
28 204
14 466
20 317
22 366
16 282
16 581
21 976
1 661
2 341
9 521
21 971
6 763
14 776
5 273
26 885
0 673
6 755
22 826
18 636
6 589
15 920
20 509
22 937
7 427
11 236
23 697
4 465
26 672
13 511
26 480
10 778
5 327
10 659
18 618
9 828
4 940
8 872
19 413
28 502
11 968
27 906
7 993
5 840
13 437
6 369
20 408
8 339
5 310
17 951
18 964
4 954
