1000
20 848
3 808
18 754
18 374
28 839
27 721
13 347
10 950
14 543
28 990
25 698
3 887
2 558
25 858
25 565
3 481
5 610
25 674
19 656
29 222
10 553
5 730
16 623
1 337
24 762
7 745
28 593
24 212
11 718
15 705
23 394
27 516
28 999
3 354
24 707
5 482
28 615
10 391
22 799
2 504
11 666
20 773
23 260
0 734
16 720
11 331
14 490
18 315
9 921
4 639
29 244
21 960
18 964
23 516
20 506
8 863
16 398
21 250
15 659
19 900
14 739
2 433
14 568
24 569
14 869
9 954
10 971
22 750
25 240
24 819
29 891
6 732
29 886
28 786
14 899
14 931
26 726
21 536
18 266
4 624
27 526
17 735
7 390
6 763
3 661
5 572
7 577
19 563
24 788
28 957
14 506
15 278
18 483
29 654
4 857
20 203
19 709
14 890
5 739
26 649
22 276
24 430
12 215
1 590
8 739
9 703
7 842
23 209
27 911
29 743
26 600
4 788
1 475
16 583
19 866
17 619
13 518
19 277
24 302
24 440
24 583
7 830
29 833
14 400
11 677
3 756
22 613
13 478
18 841
14 723
11 563
0 247
1 305
15 593
4 273
15 787
13 300
24 951
29 243
11 691
9 875
26 237
28 881
8 400
13 696
12 325
5 673
18 808
5 924
1 238
14 785
4 902
17 987
2 662
20 373
18 969
6 323
8 555
1 886
18 494
19 200
11 221
26 291
28 855
21 255
27 969
19 343
13 552
13 759
1 800
4 473
7 980
11 396
26 855
3 435
6 640
8 270
22 504
28 850
9 633
6 851
28 232
3 662
7 993
16 857
24 567
2 490
11 226
13 618
28 400
5 486
4 935
29 922
20 739
11 640
26 636
9 914
4 335
28 759
1 972
2 854
16 572
23 437
23 624
12 359
0 847
27 870
5 672
26 880
8 779
18 239
20 575
6 606
4 998
4 686
4 635
18 361
23 869
14 727
20 545
21 290
18 616
2 544
22 354
21 876
20 575
10 637
20 965
16 560
8 817
8 952
5 221
4 559
28 800
19 551
11 842
21 773
11 793
14 233
10 619
13 791
24 627
19 615
0 399
11 907
13 315
20 712
12 307
18 449
13 304
18 873
27 678
23 771
16 402
9 401
8 572
14 892
3 365
26 459
0 237
3 991
15 590
11 416
24 635
1 659
10 990
6 827
26 263
4 401
2 320
22 942
25 888
2 206
23 679
1 386
28 876
0 428
22 838
6 572
26 873
28 936
19 953
29 617
29 490
13 935
5 919
20 735
29 964
6 802
16 270
5 959
9 217
5 454
18 864
16 493
29 533
16 274
1 631
14 825
13 852
27 818
23 227
8 315
29 225
9 695
17 462
23 618
13 594
1 453
7 252
4 446
17 831
8 236
3 286
0 847
29 774
5 338
20 239
28 286
20 824
23 417
7 989
23 863
6 610
13 452
12 649
20 216
18 520
12 663
3 924
18 504
5 488
16 467
7 764
9 505
15 965
5 716
1 567
6 726
0 321
14 462
27 595
28 843
12 552
2 867
9 378
18 298
8 268
19 681
22 482
26 315
18 679
19 569
8 239
19 508
3 593
17 324
21 501
18 732
4 484
12 638
7 710
27 988
29 357
3 975
26 792
6 482
16 366
12 591
16 898
28 767
19 746
23 671
3 636
9 452
28 355
5 592
22 527
2 989
22 346
9 553
28 771
23 307
25 678
28 981
27 371
10 548
13 904
2 209
27 858
17 851
28 324
0 575
23 903
1 407
20 909
26 457
12 730
5 686
3 224
14 334
20 434
12 739
0 384
12 227
25 248
7 372
5 987
21 634
10 211
9 735
27 452
11 263
19 963
1 778
19 959
23 231
2 726
27 887
6 674
20 562
24 984
4 565
29 392
8 677
5 432
6 449
11 914
20 351
19 830
13 824
5 615
23 761
27 286
27 333
29 917
24 720
4 648
15 919
0 398
24 221
1 776
2 685
22 946
3 818
25 668
7 373
29 370
26 221
5 572
26 588
7 486
17 411
11 679
4 254
10 599
4 232
2 389
9 698
8 984
25 450
16 642
26 547
13 876
28 858
29 210
15 972
0 719
17 736
4 600
4 370
14 988
7 249
19 735
15 373
27 981
15 784
8 728
9 690
10 896
23 434
24 310
10 804
24 980
5 918
15 789
7 960
20 302
23 221
11 807
4 614
27 217
11 411
12 997
29 241
19 281
22 445
10 569
13 373
22 221
28 375
17 538
12 856
16 697
27 424
29 389
20 484
8 707
24 777
3 439
13 426
15 324
27 423
29 367
20 697
28 745
9 533
24 732
11 379
26 646
17 233
16 347
1 305
14 956
16 629
13 963
6 252
28 980
25 225
3 369
21 728
9 236
27 780
1 967
4 992
4 983
17 715
3 620
13 309
10 929
14 553
13 676
16 953
1 919
25 290
25 770
18 579
0 235
9 655
24 508
9 718
7 400
29 461
25 735
18 926
12 534
16 780
6 261
14 889
21 811
2 719
9 410
26 769
15 659
9 879
16 783
1 445
1 783
12 660
29 887
18 628
8 894
5 925
10 994
11 326
9 388
23 437
12 948
8 995
18 626
28 937
17 370
3 854
2 874
5 420
23 702
4 752
22 347
9 534
29 840
22 559
0 470
12 788
1 406
5 791
6 710
21 962
0 475
4 574
18 860
0 772
7 764
21 265
12 621
19 585
9 530
21 719
0 793
20 592
8 239
27 319
9 201
5 332
21 530
17 544
6 798
29 755
22 988
25 240
18 669
23 404
7 359
26 998
16 614
24 469
2 888
16 634
29 218
11 653
21 287
17 838
0 689
20 645
12 600
12 639
13 366
11 734
24 477
18 431
4 317
15 532
3 279
4 862
13 649
23 944
9 814
26 252
0 590
17 741
24 583
2 732
8 689
1 463
7 285
27 219
24 232
17 822
22 914
21 958
18 445
0 987
2 599
12 982
2 878
27 968
1 534
25 947
7 822
25 477
8 465
11 825
5 751
9 829
10 640
22 301
4 778
13 344
7 250
23 424
13 339
16 649
9 769
14 511
8 335
11 581
26 786
2 792
14 456
16 950
8 538
10 211
8 611
6 624
4 276
22 722
17 310
2 291
19 909
1 247
21 656
28 628
2 487
1 423
29 266
18 934
19 273
24 842
11 312
29 692
20 882
7 890
25 450
16 655
15 221
19 644
3 490
13 213
19 504
27 331
4 980
29 352
10 396
19 723
27 373
10 453
0 649
20 718
14 933
14 592
6 817
12 947
6 749
9 246
20 251
21 705
28 869
9 213
4 666
11 582
21 821
8 957
10 349
26 732
4 523
19 264
23 873
25 872
16 579
29 346
18 334
28 828
8 967
21 548
3 690
23 807
17 401
10 278
20 494
6 409
14 412
6 218
19 226
1 487
11 854
19 995
10 980
23 428
19 931
2 485
19 623
6 518
8 330
6 376
18 686
23 853
26 946
24 321
22 466
19 256
11 977
21 410
13 909
11 655
2 298
15 740
13 918
3 785
22 827
27 317
16 371
11 458
22 771
14 586
20 879
22 235
1 808
19 447
5 808
20 560
20 536
14 343
28 727
11 733
16 574
3 587
27 408
7 807
21 693
27 639
12 583
5 445
13 616
29 683
4 557
8 769
27 810
6 418
14 659
24 412
23 620
23 502
12 441
6 958
27 807
28 422
12 765
24 929
9 744
20 376
24 910
17 902
7 949
3 784
28 721
13 887
25 232
22 213
25 321
0 767
8 262
2 985
9 921
24 245
24 503
8 841
11 268
11 357
1 909
17 620
13 645
22 464
2 475
19 784
23 510
23 588
20 372
18 852
24 978
27 421
23 798
5 721
23 227
24 260
10 967
13 720
21 909
24 298
2 286
0 881
10 326
7 533
27 521
4 929
27 567
19 540
0 255
20 324
11 266
27 710
10 744
28 715
17 806
10 836
8 444
17 918
10 517
10 963
13 512
1 366
16 697
8 501
18 888
15 552
17 987
2 424
20 642
7 474
26 205
22 643
5 330
0 598
9 953
10 378
5 597
19 979
19 607
12 639
7 912
9 412
6 469
29 590
12 912
0 965
24 948
28 718
24 493
20 451
29 888
19 785
27 329
8 266
13 390
0 339
7 525
11 752
12 980
7 461
20 979
7 928
2 451
9 514
1 910
3 471
22 535
17 775
10 415
24 998
5 236
1 238
5 577
24 322
4 205
24 374
19 738
25 915
26 599
22 959
20 358
24 650
12 275
26 678
24 683
8 386
7 205
28 255
11 563
4 964
22 923
29 874
0 846
11 771
8 819
12 749
27 790
20 642
23 961
10 990
10 546
2 525
20 426
10 391
15 736
12 838
24 649
20 497
11 692
0 255
28 296
19 481
19 867
20 770
25 212
6 689
12 252
26 549
8 948
19 727
0 498
15 453
19 420
23 795
3 406
24 358
28 482
26 477
22 654
7 782
28 988
26 373
28 464
