1000
9 542
16 333
18 613
23 344
28 765
23 889
8 736
9 724
20 786
15 268
24 492
28 939
18 850
26 866
5 661
7 790
4 552
13 402
14 285
9 873
4 520
8 465
17 454
24 458
23 210
26 679
6 735
20 743
10 694
2 343
14 742
5 799
5 213
8 370
24 581
1 695
19 246
10 615
28 910
26 557
4 807
15 700
0 351
15 350
18 545
5 877
19 808
10 228
12 209
11 424
4 792
18 452
16 811
23 301
10 750
12 384
21 532
8 430
14 454
6 932
16 370
29 828
21 299
10 786
29 798
4 998
0 550
7 694
12 628
2 246
4 388
18 921
7 469
29 955
2 416
10 447
18 918
28 352
4 588
10 955
6 702
20 735
1 905
6 380
16 261
2 984
7 704
24 253
9 457
0 656
23 907
8 670
18 956
7 924
15 995
11 663
6 363
13 861
29 618
11 286
17 580
17 445
23 533
15 532
2 339
16 222
4 613
16 325
9 891
21 873
24 239
12 997
27 492
16 372
14 311
4 671
4 471
11 555
18 886
19 930
14 201
12 956
21 236
26 896
5 891
6 496
23 255
22 638
17 974
22 680
29 898
15 915
20 540
5 990
17 672
16 517
6 985
15 434
18 577
24 338
19 533
15 538
17 728
18 753
22 795
17 864
4 401
20 732
0 282
1 1000
17 939
10 596
5 805
25 720
4 386
19 359
5 441
21 747
19 313
25 877
9 479
17 262
0 968
25 753
25 503
20 351
13 391
25 276
20 887
9 598
13 203
1 382
3 240
18 490
15 282
6 875
7 620
26 434
4 824
17 623
10 291
24 855
20 862
19 885
8 360
1 383
18 210
11 788
7 670
9 602
3 595
27 239
14 789
17 816
26 366
9 858
20 871
21 598
23 867
12 275
17 909
24 587
26 664
0 641
1 932
21 524
7 886
24 956
1 676
7 481
15 851
7 643
23 461
3 929
11 370
27 930
3 564
22 957
23 996
26 828
3 567
27 334
18 746
6 958
6 319
21 502
7 914
9 975
23 390
8 434
13 986
11 607
3 399
21 886
12 776
28 456
28 718
7 734
16 973
27 517
2 670
29 819
9 740
29 451
27 374
7 762
23 212
25 648
10 601
1 502
21 793
11 895
27 940
22 754
13 788
9 949
1 600
5 743
5 270
17 548
26 368
9 315
20 483
29 258
25 865
10 933
18 441
1 439
3 307
18 210
3 996
12 961
17 498
26 249
29 576
14 318
24 850
9 322
22 470
17 495
2 266
28 392
3 416
4 706
15 449
21 903
5 994
28 715
7 952
22 926
10 711
24 341
17 406
22 868
15 839
3 967
29 937
11 414
7 622
18 521
2 293
24 222
9 378
1 803
17 260
0 594
24 844
23 776
1 336
18 316
9 405
20 531
12 919
17 382
20 593
2 744
20 509
5 434
17 403
10 825
4 938
13 360
13 641
8 855
10 724
29 423
9 452
27 712
23 302
16 966
25 708
21 234
15 882
28 625
4 201
13 274
21 966
15 550
20 836
16 313
9 598
15 799
14 811
4 706
22 551
19 692
9 227
23 986
9 449
23 416
0 283
20 275
8 669
0 504
15 265
16 704
19 621
21 657
8 445
20 371
13 263
18 664
0 714
5 910
9 467
13 663
10 459
24 759
26 801
12 718
10 962
25 926
13 872
13 419
10 766
14 944
14 466
11 858
26 304
13 965
15 815
1 496
25 850
20 981
21 631
26 301
12 343
22 396
2 556
9 474
8 801
1 239
25 439
22 547
19 631
3 920
13 461
19 300
16 509
13 905
10 492
25 358
14 437
27 476
12 309
9 780
6 223
8 950
2 237
7 682
5 842
0 246
10 240
19 428
23 598
23 293
15 941
26 518
27 607
1 880
23 635
0 800
21 863
6 439
20 945
12 531
1 308
26 238
0 308
9 283
23 448
19 449
16 597
16 677
13 639
1 430
23 906
27 408
16 676
10 307
7 937
22 533
20 513
11 625
10 668
23 929
10 462
9 997
14 766
22 202
25 848
9 577
16 389
19 801
14 484
12 432
23 224
23 458
11 505
25 639
28 576
4 827
16 858
7 351
5 865
14 235
16 217
28 267
26 699
11 556
28 371
20 260
24 905
2 364
28 254
23 605
21 451
28 476
16 854
8 469
29 577
18 945
20 372
21 485
0 326
14 803
6 719
2 241
29 423
4 711
13 388
11 903
23 923
15 890
10 583
19 975
29 232
15 917
26 994
17 517
14 655
28 663
22 489
2 637
3 315
27 963
10 339
18 659
21 427
19 416
4 205
13 310
23 410
5 229
12 946
1 236
13 902
16 575
22 278
8 777
5 673
4 504
2 718
13 245
22 738
20 354
7 883
27 817
12 926
12 630
22 691
25 415
22 719
3 813
16 226
23 498
15 980
8 985
23 384
14 514
20 983
17 867
22 918
3 607
6 537
6 821
12 752
0 295
29 872
27 769
22 864
3 447
11 603
26 347
10 772
20 603
21 475
25 899
29 744
24 430
19 735
26 494
13 428
6 410
7 835
19 608
0 555
8 590
13 881
11 526
27 878
22 791
23 859
1 829
29 413
5 314
29 982
1 744
27 454
26 264
12 258
13 355
21 891
28 372
14 835
26 259
11 566
17 202
19 740
29 946
17 660
23 878
18 630
1 206
27 264
11 975
25 393
27 304
2 830
6 248
2 272
29 803
10 677
24 639
17 573
5 521
4 311
23 563
13 809
19 928
8 766
10 888
26 418
9 930
12 513
12 366
21 347
20 272
11 890
6 858
25 940
28 620
21 801
10 947
9 277
19 773
17 643
14 967
19 257
18 753
17 219
15 450
23 288
15 983
10 201
8 556
14 636
14 478
18 535
3 423
6 968
16 958
1 481
5 647
5 475
21 790
2 892
17 814
1 819
13 238
0 461
16 744
8 679
8 592
22 684
7 408
6 915
3 250
7 595
5 671
28 248
6 842
0 511
15 220
8 594
29 934
21 880
19 854
19 289
17 413
16 626
19 264
4 731
22 510
7 333
11 924
24 912
16 923
12 215
11 804
28 971
8 280
15 343
19 403
10 640
29 651
2 467
8 612
16 726
18 737
17 686
3 790
19 314
7 331
26 418
19 479
20 931
18 284
26 388
25 861
26 258
1 351
15 729
3 256
8 209
27 390
22 418
7 305
6 479
26 977
14 490
14 573
3 820
19 975
18 617
3 960
0 940
21 486
1 421
29 766
18 584
7 277
16 936
8 987
12 563
21 983
12 363
2 469
25 414
25 341
11 487
2 409
11 405
11 258
12 440
17 860
12 714
19 387
15 984
20 745
28 424
8 683
1 322
8 384
8 801
27 612
17 853
6 647
0 341
9 432
22 693
11 750
22 896
4 211
28 341
11 818
17 893
10 899
29 429
27 972
16 446
13 636
28 948
5 209
4 259
18 363
11 578
1 649
2 352
21 646
8 644
21 752
16 490
18 681
16 904
5 929
14 345
21 564
22 788
13 923
29 270
14 396
5 742
3 880
3 351
13 348
26 824
17 639
26 716
12 997
15 765
20 741
6 958
10 599
20 470
14 546
14 473
9 401
17 280
17 771
15 498
27 864
20 689
14 556
1 411
0 621
24 989
2 699
8 292
6 837
6 787
4 936
28 834
3 534
19 847
19 356
9 260
9 453
6 476
14 541
1 306
21 461
24 382
0 513
6 856
29 798
18 479
21 317
0 909
4 601
22 229
25 999
21 502
17 206
23 750
9 430
27 798
28 824
15 240
15 375
4 255
22 240
27 491
11 401
29 955
7 489
24 787
27 745
11 788
14 661
17 883
4 546
24 547
8 450
22 505
18 967
25 560
1 908
9 675
6 662
6 846
22 785
19 842
3 206
9 420
10 362
3 998
24 454
22 621
19 859
15 753
4 784
27 824
20 299
12 865
12 911
21 216
12 867
27 404
25 770
23 896
4 545
2 271
17 442
3 849
5 825
10 919
26 821
0 744
13 640
13 322
24 773
27 336
9 418
24 344
1 291
20 995
17 546
20 608
16 836
17 544
8 260
15 202
0 607
29 454
25 523
28 482
29 860
8 984
17 301
2 887
21 641
7 233
16 654
29 306
3 799
13 635
20 383
0 556
22 422
10 747
17 459
13 968
0 948
8 672
20 526
22 901
14 940
17 644
19 332
5 408
5 653
4 461
8 361
4 768
8 205
9 939
18 569
4 873
25 811
14 300
8 385
13 446
3 425
18 287
1 381
26 697
12 506
23 837
22 509
25 279
20 298
12 982
22 543
14 578
20 544
15 571
23 876
4 207
26 505
14 947
9 738
23 714
22 643
7 271
19 369
2 600
5 940
15 535
15 333
27 360
27 806
2 244
8 772
11 687
7 499
24 316
15 251
18 242
28 901
27 329
4 265
28 415
18 751
12 385
23 341
14 409
10 849
7 202
7 952
16 513
27 535
0 759
19 832
7 888
18 294
15 974
29 983
8 920
10 432
