1000
29 234
15 962
9 661
11 779
16 264
28 551
20 900
5 938
9 792
22 750
29 259
27 656
5 434
2 646
8 580
25 384
14 526
12 484
13 526
8 295
22 687
5 829
19 474
1 932
13 240
4 451
9 952
15 931
14 250
0 600
3 627
23 985
21 856
28 988
25 446
7 886
6 215
3 990
26 703
23 635
20 947
18 411
29 813
16 515
15 803
22 712
5 276
7 369
17 632
5 735
3 791
6 462
12 626
6 396
22 453
23 226
2 598
18 661
9 889
7 234
4 425
4 665
13 711
24 840
11 741
14 247
4 860
5 384
5 755
18 457
20 941
2 422
10 750
24 680
13 291
7 297
18 486
0 403
28 931
17 682
19 926
16 344
25 633
28 564
9 972
1 446
20 945
14 875
16 927
19 936
20 275
26 866
1 220
11 828
0 901
16 269
19 708
15 933
2 497
24 969
23 842
11 263
22 244
4 476
8 482
3 573
21 346
1 225
1 812
10 591
2 608
6 839
9 712
20 228
16 523
0 740
23 553
5 760
10 784
21 202
2 280
16 370
1 614
12 548
5 241
22 521
15 670
15 214
13 285
23 925
24 782
1 560
4 228
19 508
9 375
6 414
28 605
17 353
29 850
22 842
16 607
4 634
0 562
24 999
5 203
24 866
23 937
12 968
11 912
15 763
10 391
5 981
18 993
23 361
16 996
17 597
17 683
19 617
16 891
15 244
11 257
1 915
7 621
6 521
9 670
5 913
28 762
26 267
4 797
15 625
25 639
24 379
26 526
24 694
14 244
9 752
10 221
8 384
28 882
28 537
4 416
23 484
22 858
8 821
23 347
4 327
29 521
19 234
15 857
0 225
3 430
29 329
10 343
23 463
0 251
29 887
9 719
2 790
19 377
2 400
24 569
26 375
25 514
10 985
4 696
8 981
7 933
16 263
9 956
27 560
21 565
1 684
16 811
0 792
7 719
4 549
9 203
9 604
1 999
9 799
23 227
27 248
6 699
27 350
7 989
8 999
16 611
20 908
12 322
4 256
14 619
4 788
26 641
2 281
29 301
3 941
23 701
26 212
7 241
7 695
26 1000
25 281
5 261
26 911
22 940
10 701
19 722
13 779
7 811
2 449
14 496
2 411
0 731
28 217
24 658
9 797
29 686
14 441
8 864
29 993
27 604
14 736
6 1000
7 424
17 382
17 791
11 895
15 623
17 526
27 215
23 970
23 496
10 578
22 266
0 535
2 610
18 513
22 270
6 767
11 384
23 310
8 315
28 613
20 749
9 868
20 668
13 566
18 884
3 945
18 371
7 760
16 928
26 350
24 687
10 230
27 808
17 660
16 488
2 752
11 763
22 386
7 774
11 352
21 411
1 543
23 493
16 355
2 481
24 313
6 497
22 885
22 930
28 290
22 739
18 740
4 595
24 542
20 639
8 274
2 458
6 935
11 608
17 336
24 285
19 644
26 264
17 255
18 337
4 486
11 979
3 301
2 597
24 868
5 706
26 459
19 561
2 578
24 706
27 532
15 778
26 200
3 925
24 652
29 443
7 712
11 959
23 284
6 307
28 942
16 308
25 689
15 467
18 443
12 622
6 449
1 779
4 564
14 447
17 933
0 596
26 555
0 553
6 817
23 907
3 661
14 689
17 441
24 902
22 937
24 274
9 901
8 687
23 863
4 764
2 564
16 847
29 634
28 680
29 935
14 438
14 540
1 889
4 717
4 525
2 829
3 736
4 479
7 886
9 778
20 300
17 233
23 488
10 492
7 311
19 606
5 555
3 715
24 848
15 383
9 952
29 899
1 302
28 293
29 917
25 407
12 769
7 951
5 549
13 316
23 912
13 597
8 321
8 698
15 249
18 996
16 278
9 881
17 254
12 850
2 524
10 251
15 216
10 580
3 867
25 313
20 841
20 698
18 807
24 929
24 468
22 571
2 537
3 848
19 868
28 614
18 685
7 957
1 647
5 781
4 504
11 661
23 630
21 720
13 868
24 462
19 455
24 708
6 459
13 619
10 689
18 824
24 430
27 902
22 563
8 927
5 627
26 992
28 729
11 508
29 559
7 834
7 733
25 656
25 662
13 375
18 997
4 628
29 735
0 753
19 928
10 283
22 441
23 529
0 209
24 663
0 720
21 1000
9 533
22 987
12 709
7 867
27 344
9 507
3 501
9 238
11 372
20 356
15 522
14 535
15 859
14 938
17 554
6 628
15 468
14 218
15 436
4 663
25 566
10 315
20 221
12 439
20 315
22 470
14 345
23 301
20 428
20 455
13 458
7 867
4 425
12 322
6 977
1 348
15 920
2 463
2 604
16 278
3 957
20 966
5 807
14 738
5 328
24 811
16 902
14 472
25 797
25 722
11 890
27 756
13 597
4 345
4 308
16 817
13 431
23 227
3 528
28 974
21 236
25 674
26 755
27 393
22 689
16 244
21 492
9 766
14 971
6 585
18 316
11 761
3 373
5 691
26 985
16 399
11 405
13 367
20 768
27 436
22 437
21 320
19 907
28 701
1 652
12 489
6 607
24 962
0 460
18 544
25 695
5 692
10 874
12 348
24 295
3 877
27 816
15 271
25 261
2 772
2 769
13 805
11 231
10 991
3 519
12 878
0 947
15 694
8 671
12 785
24 917
6 915
22 932
26 722
0 904
4 235
12 936
3 825
8 289
10 457
7 463
3 581
26 889
3 452
21 667
4 652
0 247
6 359
22 414
20 649
13 877
1 229
1 436
28 568
2 756
21 609
27 862
8 836
7 665
23 568
18 546
20 417
9 513
1 794
29 750
17 923
27 760
23 621
21 370
8 481
14 974
29 344
15 498
8 631
18 925
5 342
20 939
2 534
27 923
23 575
6 468
8 640
16 596
13 540
29 440
13 552
14 577
7 377
20 931
14 551
21 290
19 917
23 505
2 794
28 499
8 936
14 687
29 562
11 571
0 783
19 303
8 350
25 370
24 269
21 987
23 318
24 382
24 687
6 230
8 516
1 499
4 375
3 1000
6 294
6 588
3 657
26 590
20 458
25 631
18 989
14 974
18 628
2 501
21 475
24 290
15 921
3 210
3 253
5 533
11 558
7 810
10 490
28 714
23 288
23 302
24 882
23 208
4 917
0 891
29 267
26 835
18 366
17 398
8 259
24 312
14 455
15 704
12 730
3 882
18 999
9 445
9 585
1 833
9 900
27 834
3 374
29 207
4 955
26 787
5 892
26 852
20 562
24 308
28 741
20 493
11 303
0 398
18 210
0 838
20 789
8 731
5 611
29 204
1 572
17 646
9 346
17 727
7 265
0 470
8 829
23 574
16 856
10 896
23 610
18 518
26 280
29 289
0 765
18 689
17 527
20 314
18 298
19 881
12 976
25 289
14 244
17 619
20 733
20 331
14 508
7 512
16 327
7 782
4 442
10 992
20 763
2 894
6 690
29 926
7 754
14 945
27 927
18 943
19 644
17 659
7 211
21 771
11 368
15 491
2 344
0 379
8 871
25 655
23 340
22 752
14 346
5 646
29 535
5 222
8 802
2 523
26 565
8 851
7 421
27 877
14 423
16 272
28 412
28 988
11 849
23 582
24 480
25 893
17 431
0 543
29 924
0 395
20 728
26 647
8 356
4 229
21 503
8 368
23 761
4 773
28 252
0 503
10 253
28 960
18 444
7 890
23 884
4 448
5 779
14 771
18 889
6 364
11 850
17 953
19 690
22 320
2 704
4 999
9 207
0 393
21 556
28 438
17 219
10 227
9 920
21 388
1 999
27 426
10 609
27 218
11 860
20 855
0 693
27 355
4 630
22 396
28 533
21 358
12 395
3 944
5 795
6 470
18 813
11 248
0 444
27 422
10 809
0 499
28 820
9 686
13 483
8 918
13 492
1 846
25 780
4 827
4 680
0 374
7 455
15 748
1 510
15 389
17 583
1 940
5 974
14 301
14 460
0 609
27 758
9 831
26 916
22 723
28 925
19 982
14 492
2 656
25 698
12 828
13 983
22 211
12 556
4 794
10 569
7 544
14 637
21 830
18 325
7 303
3 240
12 648
4 395
6 434
17 220
20 771
12 648
27 243
18 259
1 876
13 499
4 628
12 476
24 647
10 205
26 775
11 783
24 559
24 854
3 465
29 582
27 286
16 989
4 734
25 547
5 545
3 994
21 627
24 443
0 906
23 986
16 756
14 368
18 750
13 541
12 421
0 958
21 621
12 908
22 915
21 576
21 609
4 625
15 468
15 248
0 788
24 212
13 748
0 844
9 975
21 826
0 948
23 775
15 822
12 893
6 983
28 520
27 385
22 332
12 645
23 214
28 869
12 815
3 361
28 729
21 585
1 926
5 680
4 605
21 922
8 957
9 254
1 469
26 608
16 682
0 945
10 772
26 643
11 574
25 364
16 647
15 847
29 682
23 880
12 551
21 923
7 281
16 463
3 825
9 471
3 807
7 622
18 778
19 897
7 637
22 795
19 203
18 345
21 847
21 708
