1000
27 992
28 359
20 546
15 491
0 866
7 637
10 995
9 305
4 681
13 908
18 783
15 641
21 509
21 621
3 275
4 548
5 333
12 577
7 290
12 581
4 941
2 897
24 964
13 458
4 956
5 657
6 913
14 685
6 995
9 583
23 812
23 781
27 724
14 643
24 795
27 410
0 941
6 243
25 213
26 852
18 233
8 482
15 681
28 648
18 318
3 896
26 645
10 588
21 476
29 730
19 504
28 868
13 573
27 218
16 605
2 600
26 464
3 229
19 584
23 458
10 939
17 899
13 373
17 624
5 681
27 926
20 700
13 375
26 619
6 730
14 253
20 212
17 434
19 813
14 200
14 721
23 985
10 361
16 396
1 821
8 669
22 420
13 402
4 552
3 616
23 595
17 806
1 488
18 515
6 397
15 636
2 517
25 498
14 682
14 264
10 383
28 344
12 214
9 998
22 578
1 319
26 336
12 430
5 455
4 721
29 279
11 903
21 846
11 697
11 904
26 248
9 632
2 202
25 943
29 426
11 535
15 974
4 395
17 761
10 823
24 700
7 511
19 307
13 377
27 421
27 986
6 1000
16 898
29 263
28 797
5 653
21 620
22 713
1 819
2 654
25 830
8 527
20 806
24 271
14 630
29 348
23 344
22 773
20 496
3 518
17 468
26 652
8 688
3 720
8 699
4 610
28 940
9 404
22 598
9 790
3 426
22 394
27 509
21 790
9 533
19 898
7 372
15 530
12 635
5 952
29 690
26 936
8 835
16 979
23 801
5 469
9 500
10 532
0 994
13 343
0 761
16 272
18 249
5 901
2 996
10 909
20 514
1 786
29 651
15 799
29 277
3 949
3 559
4 994
29 872
16 690
17 639
29 351
6 714
1 709
11 286
7 706
6 519
13 348
6 980
21 252
7 388
4 742
2 951
4 625
27 717
29 827
28 569
18 665
15 581
10 715
21 503
2 964
12 580
14 735
20 848
5 894
24 294
19 969
8 913
21 730
11 324
3 631
28 608
14 547
25 907
20 278
18 360
19 797
27 526
23 270
25 742
22 934
25 595
25 937
24 685
24 700
1 622
22 392
19 713
3 459
7 708
7 871
12 826
22 239
5 991
9 348
19 309
1 349
17 932
28 908
10 355
12 253
9 552
23 879
1 556
0 429
10 893
0 953
12 558
24 387
20 804
21 329
26 831
3 610
14 855
13 439
12 632
19 888
24 813
27 970
15 597
24 542
6 948
13 848
5 619
20 544
10 857
13 296
15 930
17 583
12 932
11 517
29 908
2 969
21 447
16 825
26 864
17 584
2 439
9 370
21 626
26 250
21 387
16 421
19 751
17 541
14 420
19 992
3 801
16 542
8 764
23 865
29 231
0 334
0 773
0 285
2 554
17 282
22 211
11 799
2 604
8 329
26 292
15 304
7 402
4 508
29 496
11 421
5 559
5 981
2 929
29 677
5 506
2 918
2 813
2 298
18 659
26 899
20 644
1 374
3 523
23 291
15 943
13 296
23 680
21 885
26 313
5 793
0 844
28 718
20 365
13 875
15 772
23 426
16 797
10 574
5 457
3 790
26 931
23 409
17 966
26 991
22 467
16 314
6 304
9 962
18 894
5 248
9 439
21 207
22 759
14 467
29 884
9 746
20 614
15 774
24 813
0 968
26 803
1 569
13 215
2 758
0 892
11 614
24 614
25 270
22 731
19 579
28 947
8 721
14 593
1 357
18 791
18 765
25 233
12 677
19 656
13 775
14 765
22 863
10 767
13 584
1 735
2 689
20 323
12 585
26 878
18 528
0 492
25 398
2 251
0 883
29 932
4 311
28 358
1 949
2 738
29 716
19 206
3 839
7 355
4 573
15 607
8 316
11 203
0 774
18 485
21 942
6 790
13 300
2 257
7 910
17 455
23 298
17 796
3 374
7 845
18 315
23 823
24 796
11 991
18 531
1 673
25 982
16 718
26 990
10 667
3 464
13 327
27 241
4 419
7 429
0 784
3 591
15 394
5 964
29 771
14 694
29 241
14 558
28 584
2 261
25 837
20 732
0 907
21 499
5 508
17 531
15 274
2 208
29 666
3 821
5 341
28 905
15 269
6 771
7 455
15 808
15 992
8 784
10 917
22 821
29 200
11 448
3 906
8 928
27 575
19 976
15 959
21 327
19 628
20 209
14 778
29 739
2 946
7 248
9 606
19 817
2 686
15 779
10 962
18 280
25 410
25 731
7 643
2 698
29 254
4 693
15 741
2 960
18 687
5 743
4 925
25 605
11 592
19 989
13 683
18 636
10 833
18 521
11 249
22 821
1 865
16 873
15 576
15 443
19 940
26 286
26 997
9 381
0 791
25 542
8 343
8 767
0 628
25 809
2 203
22 666
15 482
22 714
6 722
3 607
1 484
12 492
10 900
5 523
18 607
12 596
29 921
18 678
27 968
18 811
14 358
17 542
21 949
26 920
1 829
16 614
17 565
13 704
21 703
21 319
14 466
7 539
17 205
12 484
25 598
3 318
13 340
11 915
8 900
8 228
2 868
16 991
0 635
25 278
7 772
2 715
8 220
21 547
24 283
15 931
0 733
27 638
19 300
11 993
6 744
28 925
25 504
1 697
0 886
20 426
29 848
3 878
18 847
29 603
21 238
27 643
17 428
29 888
12 450
14 344
17 343
14 644
17 317
24 976
6 473
20 844
13 718
29 780
20 962
12 310
4 245
11 587
19 340
20 273
16 631
22 994
18 499
16 496
9 890
6 868
23 387
6 245
27 548
15 772
15 752
29 580
24 889
23 455
0 565
12 448
0 908
0 502
7 763
29 334
19 900
28 282
26 784
23 753
16 432
24 952
23 630
10 215
23 402
9 835
7 969
27 524
4 782
17 547
27 356
24 500
29 939
6 669
0 580
6 281
3 906
20 577
3 353
8 468
15 265
27 242
29 629
22 473
21 474
19 923
5 861
29 619
26 711
27 833
13 548
26 720
18 210
19 239
4 211
21 213
8 796
15 287
3 699
8 486
16 866
13 625
4 641
1 952
26 256
25 347
24 521
1 459
12 427
23 697
5 605
25 224
8 458
23 226
3 715
27 905
6 850
5 541
3 813
26 709
12 540
18 903
26 664
2 495
11 212
17 892
6 693
3 930
23 809
6 446
27 400
4 432
23 821
9 911
17 677
12 1000
6 709
1 906
15 572
29 747
6 774
1 830
6 222
17 861
22 976
19 595
11 738
3 346
2 893
15 609
17 371
2 315
29 376
0 453
23 503
15 783
17 741
7 629
5 725
25 695
3 792
13 652
27 404
10 610
29 265
11 903
2 971
11 965
3 378
6 614
5 602
0 615
19 290
22 500
28 980
11 993
8 596
9 398
15 649
22 806
11 712
23 686
28 543
16 570
25 488
14 801
13 209
5 578
1 207
0 235
21 910
21 510
18 540
27 313
5 296
3 466
21 290
21 725
8 813
5 334
22 875
5 421
0 834
6 595
23 700
24 843
10 942
16 560
22 690
14 259
13 871
6 332
18 349
17 942
21 627
18 910
21 546
16 962
4 516
15 497
29 879
4 295
0 811
17 628
5 822
5 570
6 794
18 255
16 920
1 520
28 637
9 840
2 359
7 986
18 596
1 793
29 659
9 783
2 710
11 798
18 479
12 956
4 798
11 991
23 749
22 514
19 764
19 964
26 580
14 442
1 482
0 272
0 233
24 523
8 560
16 306
19 277
3 688
26 201
28 366
22 966
4 558
7 379
14 490
13 477
17 759
23 857
24 511
7 575
18 660
15 331
12 891
3 277
16 373
21 908
10 493
27 885
21 971
4 872
28 369
13 551
14 840
3 806
9 801
7 619
22 693
12 226
17 608
2 321
11 240
14 252
25 1000
25 728
21 507
16 668
3 527
20 851
6 397
3 429
28 517
2 214
10 634
28 910
18 415
10 927
11 221
29 233
24 555
8 278
11 936
0 587
18 423
26 921
8 312
26 321
25 461
28 928
0 301
1 320
0 993
17 713
18 295
16 443
3 932
10 490
14 469
9 360
24 448
6 208
27 519
21 664
19 827
17 889
15 671
23 247
11 467
15 302
20 671
10 945
0 200
7 412
11 277
4 922
9 338
10 562
15 373
21 539
22 847
4 964
12 386
5 998
13 926
19 381
15 473
10 536
14 601
16 955
13 649
25 685
2 971
26 723
5 953
11 341
0 469
28 415
8 651
26 633
19 426
28 715
11 480
17 377
0 218
4 716
21 475
0 731
24 731
14 399
21 226
13 338
7 685
1 763
27 924
27 671
12 825
23 896
0 396
19 816
23 697
10 607
9 533
16 802
19 638
2 848
1 975
5 959
4 767
18 873
23 679
20 604
0 201
23 212
5 323
2 214
25 875
20 216
5 807
15 880
26 666
2 461
1 928
1 238
23 334
23 551
21 649
1 311
4 342
28 801
10 421
10 968
21 440
13 672
11 982
9 237
22 954
11 675
0 662
22 660
24 556
28 824
