1000
9 578
15 644
26 835
29 721
11 320
28 765
1 751
7 839
23 502
7 849
20 673
25 320
10 777
22 576
3 972
21 454
14 202
16 955
27 416
17 573
14 553
10 276
2 946
27 408
3 471
20 678
17 241
10 846
12 640
25 821
18 279
6 355
5 575
19 402
23 344
5 290
20 469
4 780
18 921
13 237
11 619
10 965
2 876
11 543
23 525
13 526
25 229
9 985
5 387
9 350
26 214
29 401
25 725
25 671
8 898
9 817
10 958
0 875
6 795
29 421
6 846
1 736
24 765
28 893
1 668
14 685
28 443
24 732
24 621
8 752
2 396
20 214
3 700
6 691
17 254
14 259
9 540
10 398
9 917
4 967
17 400
28 269
7 936
19 357
13 369
15 729
24 506
16 218
5 374
24 746
8 804
21 380
28 947
25 574
18 275
6 595
4 240
7 576
11 469
7 242
14 640
0 702
18 635
1 405
7 343
29 211
27 539
3 307
5 484
2 291
19 525
17 955
12 650
14 887
26 701
20 524
17 812
6 1000
23 386
5 607
12 469
15 251
16 993
6 939
0 313
9 810
6 612
27 205
26 549
6 467
29 355
20 211
7 945
0 711
9 269
7 867
26 270
17 465
19 732
19 565
1 677
29 383
17 370
11 303
24 607
10 696
4 539
5 225
1 563
11 319
28 806
22 772
28 226
20 977
23 293
6 277
23 664
11 605
9 463
16 292
22 768
14 293
10 451
4 251
15 375
26 971
22 944
18 696
19 887
0 554
4 743
18 371
26 845
27 666
10 394
10 393
11 780
12 311
13 434
13 589
24 740
25 392
27 847
3 425
20 939
15 269
28 442
24 859
24 358
5 454
18 537
15 347
18 597
6 678
12 685
0 221
1 769
9 994
22 550
22 809
5 712
27 558
11 275
17 411
13 810
21 661
5 720
1 850
1 234
23 772
9 450
2 984
28 533
13 779
17 653
20 536
4 779
27 268
23 414
3 311
5 527
3 407
29 390
13 622
2 1000
19 672
18 290
5 378
2 802
1 283
27 230
4 465
7 341
26 784
24 452
8 221
7 653
3 247
17 312
16 639
21 427
4 790
16 266
27 253
6 675
24 971
8 470
0 489
19 413
8 999
10 724
20 322
6 402
1 780
1 750
22 400
26 744
8 753
7 383
14 988
22 600
12 992
5 704
6 386
22 550
27 511
19 265
0 221
19 494
7 682
8 866
27 220
15 735
9 239
4 395
29 820
22 258
20 404
22 470
9 277
20 926
8 550
6 958
21 863
26 549
24 442
0 821
22 973
13 949
25 562
26 826
12 398
9 241
1 876
10 865
22 334
6 704
1 226
14 713
25 826
28 395
15 459
1 871
1 592
0 996
8 444
19 498
13 245
3 461
7 957
3 283
23 533
2 959
28 594
11 976
19 585
9 421
27 427
16 699
5 321
16 504
26 781
27 388
13 612
17 231
15 494
10 262
17 590
5 951
14 267
12 963
0 580
5 792
10 831
21 468
25 284
16 808
8 313
28 917
4 747
18 517
17 501
7 530
3 691
16 259
17 493
3 553
11 371
24 661
8 516
22 857
9 729
21 849
23 552
24 763
8 717
2 721
27 727
4 879
27 376
27 289
20 804
22 815
1 808
18 268
13 844
10 552
18 705
17 260
13 569
5 734
3 983
6 872
23 856
8 688
13 917
17 317
25 424
16 708
24 291
13 754
7 812
4 556
9 910
4 246
3 793
9 972
14 400
19 832
25 500
2 621
20 397
27 680
15 260
3 779
17 313
20 394
19 418
15 808
2 497
4 635
25 279
5 766
26 638
5 774
25 242
6 525
13 630
26 873
27 455
10 744
26 542
24 365
6 964
11 504
16 803
29 265
18 987
16 475
16 974
16 382
11 546
21 307
21 485
3 798
5 970
2 827
28 686
24 846
22 725
3 880
26 994
1 387
21 641
28 772
27 693
16 607
25 608
11 851
5 366
15 593
25 422
10 304
1 287
8 711
1 679
17 459
6 879
18 415
28 310
2 426
28 270
5 294
21 823
20 882
21 758
13 598
0 545
13 469
8 519
20 521
29 852
9 226
22 675
21 438
10 816
23 991
1 614
21 608
15 402
26 423
8 350
16 596
4 312
6 319
21 746
26 238
2 652
22 504
12 453
16 338
26 931
24 612
2 425
9 292
6 323
29 422
1 963
16 425
18 230
5 566
20 733
0 644
3 433
14 537
10 578
21 776
9 773
26 613
27 589
4 318
1 777
12 507
15 440
20 556
2 652
11 830
24 722
1 824
24 717
18 328
6 972
11 495
27 812
28 424
0 998
4 817
16 611
21 436
5 506
8 680
6 985
15 559
28 513
11 293
17 351
4 959
27 259
5 594
24 456
11 902
23 964
8 582
17 294
17 882
7 902
21 317
12 978
18 730
26 825
9 771
29 578
26 988
25 871
2 507
25 732
18 854
4 447
22 457
15 547
6 220
9 425
21 692
24 424
7 939
11 794
23 951
21 656
14 374
3 756
21 409
2 260
6 214
23 360
9 709
0 449
29 727
27 928
13 378
17 274
10 604
24 843
21 524
0 661
20 280
0 326
18 745
29 243
21 741
8 823
18 793
0 606
7 457
0 814
27 595
25 994
24 741
7 596
19 342
10 343
27 416
7 258
14 524
0 963
20 662
26 336
4 245
6 487
5 879
3 253
6 982
9 235
12 441
13 964
27 640
21 423
9 756
24 307
22 915
12 742
11 646
7 227
20 997
26 908
28 480
14 968
28 673
20 849
3 858
18 892
7 638
10 872
29 972
0 707
18 645
29 582
18 808
14 808
28 217
9 852
6 507
15 998
1 906
17 873
26 539
13 697
26 479
28 395
0 318
12 349
11 363
14 578
9 933
17 568
18 267
5 866
28 998
25 509
6 688
5 221
7 694
5 887
0 986
10 860
24 212
10 461
26 478
14 936
2 905
6 539
22 594
12 396
5 423
6 479
18 299
21 409
7 751
11 816
26 595
23 722
24 243
29 378
1 302
23 809
17 969
1 865
18 424
19 799
19 276
24 487
6 538
5 456
17 808
8 305
29 296
24 544
18 460
23 814
26 718
26 697
22 359
15 719
29 965
5 481
12 207
12 289
11 908
12 292
21 533
7 260
3 783
23 215
11 904
16 336
13 371
2 364
24 824
14 518
7 391
23 255
19 351
21 470
3 777
20 402
24 843
11 608
11 586
2 324
28 596
27 736
24 546
21 959
16 818
6 214
22 656
20 589
29 376
25 462
21 611
9 992
11 739
18 983
13 661
13 353
22 973
9 401
5 306
6 393
7 429
0 901
27 929
3 806
2 753
9 353
23 640
9 601
2 573
4 823
29 880
17 634
17 231
15 370
15 931
18 573
12 835
12 601
26 738
7 797
22 771
18 592
29 690
11 821
7 716
14 364
19 983
24 304
2 436
23 919
15 658
25 612
28 731
0 324
9 962
26 399
25 424
9 715
11 495
24 906
18 419
28 758
3 974
9 914
28 898
15 903
21 331
3 227
4 631
22 722
11 517
23 875
1 709
18 479
7 231
24 831
6 247
21 877
13 382
7 389
26 219
6 595
0 628
23 744
26 289
7 328
17 876
21 873
13 477
0 706
25 676
12 694
12 543
29 311
23 531
12 784
9 460
23 910
11 570
4 239
4 740
17 306
9 598
2 800
11 938
17 300
20 652
6 658
2 229
4 606
29 470
14 349
13 925
18 261
15 679
8 451
17 991
21 575
16 430
11 376
11 627
26 885
8 344
18 921
28 251
0 689
6 597
23 973
4 497
13 712
26 404
2 363
2 511
24 227
3 696
13 250
15 238
0 353
15 797
25 417
5 237
12 234
29 956
13 457
15 897
25 901
23 860
16 715
26 762
28 594
22 761
23 298
17 730
10 794
15 519
7 449
15 524
27 616
16 222
18 896
12 238
13 837
4 366
25 541
5 456
2 996
22 333
5 299
18 936
18 718
14 408
26 948
17 442
25 741
9 576
6 869
2 575
4 989
26 330
1 635
18 326
16 316
13 803
0 555
10 628
24 699
12 920
10 564
4 773
25 223
11 565
9 608
3 805
15 494
29 542
24 794
1 274
24 823
7 379
11 711
5 294
26 444
15 492
10 247
22 755
13 757
0 217
12 327
27 631
17 294
5 405
10 932
18 290
1 647
5 244
11 928
14 888
16 365
2 857
22 924
27 761
19 947
6 213
25 241
14 637
0 848
13 317
22 883
0 423
26 616
3 704
5 773
2 754
15 345
19 421
14 804
10 666
28 258
17 752
16 963
20 436
24 652
29 958
6 867
22 691
21 584
27 379
0 493
6 950
24 912
16 502
25 445
25 344
26 654
29 347
20 364
15 528
29 645
10 850
26 600
25 236
28 396
17 749
29 274
17 891
15 590
2 477
7 407
8 679
8 653
13 259
5 281
20 562
6 369
20 590
9 332
27 773
1 592
19 931
23 359
13 585
7 468
