1000
3 663
16 277
18 575
10 534
1 294
27 825
14 822
16 337
14 717
25 222
5 450
18 566
1 606
7 657
10 960
23 643
18 443
7 761
1 340
19 875
3 732
6 861
13 361
8 632
9 834
13 622
3 901
12 962
14 805
3 816
3 371
14 704
8 361
14 580
29 737
0 606
22 254
12 658
1 698
13 274
0 439
26 497
12 763
10 297
20 476
25 576
6 450
26 686
22 867
0 876
1 759
20 203
4 441
27 825
12 256
4 351
3 541
23 275
2 781
23 916
23 347
8 865
22 993
2 403
10 838
12 965
13 734
26 382
22 672
9 941
11 293
12 793
26 346
10 344
25 673
13 467
27 887
0 931
10 518
8 566
13 417
25 296
1 309
24 730
0 555
13 545
19 978
4 303
14 884
0 987
21 962
22 994
25 663
27 398
9 803
16 344
0 647
22 638
15 337
24 758
7 810
2 329
8 362
23 925
27 638
14 937
24 860
29 250
28 834
13 681
19 315
8 592
15 485
18 845
18 785
23 595
9 614
13 359
5 956
13 204
29 218
19 505
19 763
29 572
2 658
29 253
4 681
28 647
1 358
27 812
28 999
2 320
10 594
25 336
3 423
27 563
22 967
24 671
8 312
16 771
28 682
18 797
5 334
22 972
25 478
16 319
12 823
3 481
29 617
17 573
6 282
22 252
13 620
26 232
20 986
3 427
6 878
11 738
6 373
23 790
10 482
17 680
26 598
16 524
15 940
0 350
16 204
26 482
18 605
25 218
23 437
7 728
5 984
0 880
26 307
13 222
7 296
11 419
11 319
20 338
5 873
7 673
1 736
23 346
3 222
26 516
29 848
14 286
1 882
24 266
0 402
17 510
19 449
2 326
13 331
4 800
13 281
26 687
23 950
25 367
10 972
26 870
17 941
15 891
7 808
28 276
20 261
3 888
8 504
8 650
12 650
16 210
8 361
29 417
12 718
20 399
23 525
14 547
10 795
27 454
26 842
7 473
11 584
24 321
13 453
21 549
10 320
9 820
0 405
5 306
20 349
25 823
17 636
12 458
1 773
28 858
4 391
4 400
12 703
21 864
14 338
12 960
17 691
21 208
8 635
29 787
15 585
5 837
11 915
8 956
19 249
17 766
17 816
16 874
5 748
18 298
1 976
19 825
8 977
29 351
16 856
8 855
19 802
18 609
5 221
9 668
3 985
15 595
1 409
4 406
17 355
18 271
4 730
23 542
4 391
5 472
18 408
18 905
8 694
20 327
15 789
27 847
29 215
26 910
20 553
22 906
25 849
4 842
13 488
19 492
20 285
8 493
16 542
8 344
14 900
22 966
19 948
14 300
10 697
25 916
20 668
7 420
25 836
19 305
23 987
11 467
5 483
8 292
21 876
26 573
19 769
7 797
20 785
8 686
26 889
15 942
28 507
25 287
26 998
18 335
25 865
17 866
23 839
20 472
6 567
18 721
9 342
20 585
27 917
15 484
19 468
8 704
20 597
23 990
12 837
10 728
15 658
26 496
16 834
24 236
26 765
6 817
28 980
23 479
11 795
20 699
11 532
13 814
15 450
29 866
27 573
21 551
20 642
21 459
12 995
13 760
16 372
16 740
22 258
28 996
12 323
21 839
27 617
11 320
0 482
9 684
6 749
12 516
20 455
6 993
24 678
1 752
16 379
11 225
28 559
10 892
22 273
2 919
11 627
27 991
1 322
18 800
22 574
28 542
19 343
20 528
6 923
22 771
5 755
19 419
20 793
18 548
0 318
11 783
24 353
9 957
6 711
8 719
14 640
21 428
26 467
24 311
18 928
7 726
0 652
17 316
25 397
0 480
15 755
3 716
12 672
25 522
5 539
19 881
27 957
15 232
27 253
24 224
0 801
4 550
9 938
23 309
25 200
3 874
23 489
22 753
23 215
25 450
23 654
15 865
14 836
8 670
10 922
8 400
20 833
7 950
29 308
3 205
17 205
11 550
23 377
24 209
0 986
15 211
4 455
9 258
1 210
1 367
21 904
24 515
11 209
7 561
0 289
28 911
19 782
27 210
2 836
17 515
23 393
10 710
28 583
15 726
1 678
12 551
11 269
14 985
15 346
22 953
3 490
24 541
8 536
12 458
26 513
15 511
13 778
13 342
26 910
14 920
9 741
9 297
15 746
8 242
24 985
13 398
23 310
13 755
3 687
1 832
26 447
0 479
10 532
10 220
8 764
4 629
11 762
5 335
13 924
7 724
29 548
11 438
8 287
7 904
4 654
8 338
6 401
17 943
18 565
25 886
20 460
23 531
14 500
29 214
24 564
25 823
15 928
10 763
1 771
18 852
13 562
13 412
9 408
20 937
12 836
21 827
29 512
17 915
10 556
9 282
4 358
8 616
1 263
21 891
25 815
6 355
16 811
19 495
0 572
5 738
7 715
3 247
21 810
16 878
23 288
25 579
17 978
15 357
20 237
9 538
3 240
9 612
23 845
20 861
5 575
8 274
24 211
18 801
3 975
11 761
27 630
5 919
29 330
7 876
21 566
29 817
19 552
6 519
24 443
14 433
6 941
9 541
27 308
5 408
20 673
2 756
27 950
21 639
1 442
13 660
21 642
10 964
3 573
21 632
23 686
28 366
18 339
23 515
5 762
22 473
3 951
21 660
0 951
7 246
7 426
17 485
21 281
18 569
2 842
0 772
5 476
19 352
3 574
7 964
26 840
10 796
12 201
22 849
13 872
12 967
18 565
4 667
21 728
4 695
0 498
4 755
7 975
18 855
28 549
18 995
23 698
23 331
26 564
23 206
16 911
6 419
1 343
8 321
2 823
13 473
16 625
9 716
14 920
1 601
14 571
7 959
0 708
13 691
16 775
5 330
1 498
19 901
28 896
18 579
12 724
4 623
22 603
12 359
27 436
9 717
24 268
24 625
8 931
11 295
11 967
25 813
29 783
7 644
2 875
1 775
1 420
0 968
18 786
11 432
0 921
24 658
9 552
18 768
0 991
24 626
10 385
13 595
19 755
2 683
7 485
14 882
7 640
29 852
6 637
20 908
3 958
26 892
3 762
12 806
2 921
9 872
14 458
21 542
26 674
8 339
6 757
26 637
11 553
21 945
17 733
0 661
29 841
8 436
26 505
12 405
8 902
3 538
24 350
12 712
0 819
13 579
0 626
5 350
0 584
26 960
29 300
10 534
24 642
17 782
23 344
6 280
20 684
9 609
1 428
15 572
18 708
5 283
27 432
28 544
11 250
21 416
19 639
7 490
8 834
12 997
19 544
29 460
15 759
18 561
0 213
24 850
3 976
17 310
8 576
10 406
15 291
6 956
17 771
28 633
0 503
11 728
5 655
16 719
14 443
27 894
0 611
16 741
5 577
10 387
7 637
28 203
26 551
7 762
3 567
1 762
5 497
3 987
3 935
5 238
25 662
22 467
10 222
6 344
9 498
14 664
0 492
13 255
9 283
29 394
8 730
15 530
2 224
12 497
13 402
15 272
16 974
4 893
28 554
1 751
7 693
5 363
19 317
26 787
0 332
20 728
21 799
23 621
14 874
22 213
0 453
17 974
11 866
17 336
26 634
24 615
26 253
28 520
24 707
27 597
17 267
12 863
18 439
10 345
2 819
22 498
14 271
12 652
26 712
23 767
18 628
27 402
25 548
18 402
26 606
1 791
19 804
0 878
8 259
23 573
9 492
5 873
19 986
10 535
24 896
24 913
10 551
26 578
10 817
29 902
3 617
2 766
19 224
14 532
10 734
23 571
22 464
17 748
0 950
6 767
24 657
18 347
14 285
15 430
10 251
1 451
16 988
2 418
19 558
23 252
17 469
28 480
0 294
19 906
11 231
8 711
2 700
15 392
8 394
0 261
0 411
22 794
17 796
3 673
18 627
26 706
12 230
1 793
4 432
25 880
1 393
6 674
9 628
28 681
29 777
3 971
1 485
16 503
26 698
13 660
14 532
0 441
28 320
4 585
18 437
3 633
14 415
17 411
19 336
12 752
26 528
13 859
21 330
6 929
7 915
16 268
6 865
13 540
23 564
8 944
4 403
4 883
25 913
9 316
18 283
19 660
22 922
12 521
23 802
10 698
24 473
4 657
7 907
6 403
0 979
24 372
13 839
20 713
4 935
5 207
9 298
13 672
8 904
3 499
24 644
15 351
1 413
19 586
26 730
4 747
18 781
4 364
2 268
7 482
11 398
9 364
11 934
6 561
17 860
6 639
6 734
25 832
29 559
20 912
13 719
0 734
24 592
26 528
17 578
24 833
29 394
4 488
24 717
19 736
20 682
15 860
21 660
4 210
1 585
23 867
4 398
13 289
11 793
5 358
25 595
16 587
2 427
2 999
0 893
16 561
19 986
8 345
3 524
25 302
6 782
22 610
2 677
26 986
12 509
12 602
22 486
8 347
5 233
0 971
18 836
12 534
28 481
1 706
18 330
5 957
9 560
16 788
19 612
22 684
7 496
12 384
28 554
26 887
