1000
3 585
2 338
25 559
9 751
17 253
16 211
15 907
13 674
26 579
16 323
13 402
14 227
7 313
25 583
22 238
18 833
14 282
3 962
26 521
2 727
1 556
28 550
13 552
24 256
18 759
24 464
5 326
3 910
6 269
28 335
27 763
5 606
3 679
14 465
2 943
5 593
15 938
3 336
2 754
18 800
2 890
1 839
11 940
26 446
19 411
3 363
28 944
19 712
25 553
0 419
9 855
19 758
9 304
0 685
16 794
27 238
4 921
2 796
12 250
26 990
11 971
13 257
12 714
25 328
3 268
0 724
0 742
17 932
3 745
26 842
6 947
15 810
8 803
16 736
21 335
20 424
5 705
16 649
9 650
24 516
20 282
27 815
27 481
3 619
8 282
15 813
27 732
0 761
18 765
9 615
29 599
13 914
15 221
13 541
8 896
9 687
4 205
23 515
2 410
25 703
11 367
9 516
25 660
7 878
6 601
0 308
11 497
10 345
13 707
9 753
17 342
17 732
19 549
20 562
0 513
8 717
11 593
9 746
19 806
14 920
19 923
25 888
17 980
15 515
25 555
4 656
13 839
7 332
25 450
2 703
26 633
25 755
19 848
8 983
10 728
24 407
4 339
8 814
27 999
26 250
5 482
29 492
0 242
26 505
28 253
4 875
28 531
29 283
11 615
11 869
2 221
26 525
21 312
21 447
8 287
17 443
23 319
16 566
21 292
3 333
6 298
18 328
14 360
21 766
29 810
3 635
3 439
29 585
21 315
6 819
14 762
4 889
9 401
26 588
13 613
15 213
2 823
19 859
16 392
24 399
8 507
11 582
9 295
5 958
17 842
5 285
29 337
1 409
15 915
0 885
17 809
13 579
1 647
18 323
12 928
26 403
9 390
18 373
7 801
4 557
29 645
15 727
2 741
22 601
8 660
23 499
24 700
18 374
6 850
17 225
2 719
7 573
26 861
6 735
26 768
19 553
29 989
6 456
12 684
16 521
18 580
26 617
1 483
29 939
21 776
7 536
5 279
28 456
28 209
12 524
18 871
14 929
15 939
10 287
26 969
26 434
26 947
2 595
25 295
18 789
16 311
8 348
21 836
19 782
23 832
8 911
4 582
6 667
29 633
12 607
10 879
0 642
21 942
21 648
19 775
25 782
13 390
27 948
14 479
18 720
3 786
24 329
0 601
22 427
14 315
7 777
0 625
10 444
27 385
27 794
11 458
23 607
5 337
26 960
16 666
24 236
10 997
15 804
20 776
24 276
18 818
15 283
19 360
8 520
22 895
5 224
3 464
2 708
22 694
5 877
0 957
7 424
6 413
17 598
24 847
25 776
16 344
21 617
17 416
15 230
2 779
9 407
26 209
21 540
2 591
19 606
22 241
14 301
17 359
17 280
3 347
20 783
22 639
9 806
6 347
27 640
28 488
5 531
27 315
14 337
21 401
6 767
13 366
22 239
22 566
25 405
21 409
13 958
7 491
18 909
10 934
21 661
9 840
22 705
0 345
26 655
14 790
15 592
0 471
21 536
10 417
2 765
1 512
12 649
8 963
27 866
19 374
4 972
13 793
6 992
16 570
22 651
9 310
8 518
2 696
16 389
6 259
3 800
12 529
19 896
22 655
25 279
23 665
12 869
8 571
6 664
26 383
24 932
0 439
28 414
14 412
28 231
8 387
9 524
26 756
3 863
27 971
4 583
9 598
4 476
2 811
7 993
28 346
1 429
6 315
4 755
21 276
4 945
22 505
0 419
5 628
23 243
20 901
12 281
3 470
7 254
21 407
26 448
2 474
28 237
5 650
24 344
24 622
26 860
6 298
23 612
4 328
5 915
14 933
27 352
15 605
1 750
21 682
26 512
0 905
25 453
5 442
0 828
6 444
24 736
3 273
7 697
19 702
16 955
10 642
20 561
15 500
27 727
28 459
14 865
24 288
6 687
29 929
15 209
4 451
13 389
8 330
29 357
28 776
11 554
15 658
28 962
27 637
15 812
12 445
21 656
12 1000
15 979
24 628
1 506
13 893
7 299
21 219
23 388
12 498
22 331
28 716
6 222
18 525
29 837
21 700
15 759
21 619
16 248
8 456
2 200
19 426
19 588
13 569
19 750
27 757
7 954
21 937
0 265
14 754
6 669
26 451
26 674
26 246
16 499
23 348
2 339
26 409
26 971
22 848
1 248
27 611
7 850
10 210
8 904
17 921
23 215
21 735
13 275
8 599
18 806
1 628
6 986
9 817
3 427
1 943
0 968
1 912
13 544
28 952
14 710
3 294
29 989
29 797
22 749
19 274
15 485
7 476
2 390
29 261
5 904
26 805
20 611
29 358
19 601
7 327
4 869
9 288
12 817
16 679
0 626
0 978
22 740
12 733
27 610
3 907
17 932
21 578
6 321
14 593
12 832
6 475
4 452
4 687
20 643
15 960
13 300
16 967
3 346
8 821
26 751
8 604
26 836
27 329
5 333
14 588
6 323
13 610
15 446
17 815
3 422
19 817
26 526
23 458
13 699
12 833
12 319
20 384
22 494
15 813
0 632
20 271
14 861
28 362
6 978
26 920
28 697
10 724
20 246
13 790
4 910
14 955
21 532
8 973
24 932
17 545
27 487
27 212
3 642
24 567
14 429
5 490
15 558
11 897
19 680
6 874
17 238
6 560
24 446
21 204
21 233
10 942
6 872
6 852
17 703
15 473
23 590
20 980
24 666
29 369
17 771
2 333
25 940
23 739
7 986
20 802
16 704
14 584
27 971
4 523
4 944
18 600
28 520
23 738
16 205
17 631
18 907
14 976
1 520
21 266
1 409
7 897
21 843
2 952
28 739
10 244
19 451
29 386
7 956
13 607
5 563
4 205
1 671
10 507
3 787
7 447
27 782
11 957
13 474
24 914
10 287
21 418
26 830
24 281
17 768
2 245
4 688
3 367
24 884
9 809
4 341
26 758
19 605
17 290
16 586
22 415
1 499
19 707
21 674
17 788
14 241
9 996
0 425
14 625
17 740
2 373
2 729
20 475
18 219
5 459
23 644
11 959
13 525
25 980
13 218
5 355
21 563
20 613
8 258
7 907
17 682
4 759
16 621
7 289
11 224
8 623
9 709
27 509
6 689
26 368
14 874
4 532
29 404
13 580
17 469
15 806
9 365
26 632
8 455
6 626
6 401
13 622
6 271
16 982
15 825
3 237
24 341
27 589
5 970
23 998
13 624
22 267
9 770
17 727
25 478
4 372
28 561
6 392
21 463
24 833
25 576
20 602
29 389
10 769
25 808
2 511
4 673
9 715
0 257
23 923
1 736
14 370
23 972
17 490
16 702
15 918
27 206
28 796
24 881
7 825
21 314
12 700
4 627
19 388
8 610
17 496
14 970
21 759
18 386
1 228
7 411
14 819
3 208
28 233
6 844
13 526
14 935
18 262
18 345
12 438
26 257
9 352
18 383
20 727
8 891
14 367
24 290
7 702
26 895
18 346
21 256
8 281
28 827
20 698
20 766
23 353
10 979
26 514
7 547
2 872
3 997
3 939
8 590
20 753
4 819
13 701
1 276
3 831
17 336
9 276
5 748
18 914
10 552
14 251
24 323
17 441
17 522
10 959
26 578
2 803
9 964
2 686
17 955
4 733
13 836
28 968
23 328
29 322
15 712
1 615
28 487
28 847
29 421
8 900
10 787
0 477
25 610
9 995
27 567
28 583
26 224
21 532
29 852
6 242
20 249
22 451
17 479
6 443
16 676
15 807
6 965
27 225
1 761
24 650
0 524
29 974
0 350
11 408
17 462
3 931
0 639
9 201
17 399
26 669
27 457
24 888
25 491
7 270
7 747
11 571
20 853
2 490
16 982
5 680
6 953
22 308
14 743
13 519
11 807
15 931
29 424
3 936
21 803
17 740
2 331
14 892
8 477
23 813
21 539
6 671
1 461
21 332
0 296
25 331
23 885
4 251
17 215
18 983
19 329
29 291
1 979
20 709
29 938
18 543
27 550
16 484
6 906
29 283
11 944
17 697
2 758
3 780
20 468
3 889
2 477
20 849
3 873
29 840
4 822
11 460
23 298
21 467
15 338
21 464
23 486
4 612
7 846
1 992
23 888
0 814
9 499
16 588
8 344
6 838
2 616
8 206
20 559
8 464
13 565
7 311
18 426
14 201
4 709
10 249
11 646
5 912
8 893
26 652
24 301
16 208
22 970
18 935
18 934
11 629
24 955
23 871
22 342
14 475
11 794
3 618
10 958
19 323
10 600
4 807
27 778
22 855
14 228
25 445
22 285
14 509
5 915
0 971
27 454
23 954
1 664
26 361
2 231
11 238
18 311
27 462
2 404
14 288
16 601
27 936
4 598
6 369
8 299
22 688
4 988
1 617
23 980
6 642
7 373
3 935
25 265
22 986
3 530
24 416
14 212
18 598
28 512
25 426
25 899
5 926
16 857
3 458
10 451
20 481
28 851
10 832
29 769
5 514
25 617
6 461
17 389
