1000
1 426
2 605
13 759
19 612
24 757
4 905
13 786
11 408
6 803
10 759
21 551
6 820
17 976
6 586
15 957
17 685
2 692
10 764
28 850
21 644
28 868
8 309
27 630
2 846
1 301
21 929
28 894
15 446
14 573
28 669
4 333
3 401
2 298
22 375
10 353
27 436
10 297
25 949
11 850
5 463
5 323
19 806
0 725
18 474
20 466
11 295
5 926
24 374
28 702
16 996
7 725
13 384
29 836
14 448
8 764
16 826
16 537
2 763
11 861
9 262
12 293
2 468
13 618
29 501
24 822
4 776
12 427
17 922
14 424
2 764
1 234
1 713
15 921
12 588
6 695
25 604
9 853
11 490
3 735
29 984
12 830
20 746
0 204
14 926
22 731
18 965
15 633
8 900
29 857
25 704
13 401
16 773
7 459
2 698
0 588
25 945
26 665
29 678
12 362
4 444
17 929
27 322
22 488
5 463
5 719
19 838
22 646
29 541
28 273
4 709
2 223
11 349
14 695
25 593
17 433
23 592
21 654
20 993
17 628
4 367
11 975
8 773
15 381
20 591
2 789
9 721
9 477
19 493
19 620
11 970
26 673
21 554
16 789
2 650
19 924
12 309
1 976
13 409
4 584
11 356
28 666
18 811
3 978
24 544
18 894
24 850
2 821
21 232
12 773
14 650
5 808
28 688
24 222
12 295
2 558
8 735
1 945
12 491
14 554
1 710
18 468
23 451
11 261
17 312
24 662
0 450
12 896
7 388
22 351
14 985
9 433
4 371
24 432
12 791
14 923
13 523
26 685
9 662
25 624
23 240
10 250
19 200
19 849
22 659
10 435
24 863
23 850
22 377
27 791
20 485
4 626
18 860
17 930
28 255
21 915
11 382
0 560
14 664
6 458
27 374
9 826
7 483
2 580
7 777
24 742
22 225
10 543
9 322
1 734
6 521
18 239
21 620
13 326
22 737
19 750
3 579
26 267
29 564
0 814
4 214
23 813
3 273
26 438
13 827
8 900
18 888
2 469
15 257
27 988
21 421
26 719
0 444
12 393
18 798
0 876
28 221
20 668
3 268
19 587
7 335
21 533
15 469
12 671
3 674
10 444
20 893
19 992
5 388
3 725
19 228
18 428
22 741
15 987
7 645
22 975
12 488
18 950
26 589
26 474
7 502
14 534
8 444
27 457
18 567
7 558
7 243
29 368
6 556
26 522
1 560
27 713
16 393
7 411
0 810
11 753
8 555
27 329
0 602
17 467
16 850
3 405
5 917
12 407
5 296
9 740
27 200
14 482
22 671
17 798
9 503
9 486
14 331
19 952
8 562
1 357
3 622
6 483
16 390
1 518
4 977
11 970
3 479
8 298
7 679
27 610
6 449
18 996
27 451
5 992
1 892
12 840
21 979
10 706
10 325
20 782
10 931
12 559
9 694
22 310
23 459
21 442
12 898
26 342
24 234
7 329
25 231
29 719
11 934
18 567
22 647
29 239
27 749
22 692
21 791
0 631
10 480
17 628
24 617
24 239
29 590
17 790
12 236
12 511
4 658
23 511
14 625
11 471
15 646
22 906
1 863
26 267
3 558
28 954
1 301
23 781
25 316
28 651
8 333
5 529
4 824
7 826
12 985
28 285
18 649
18 802
0 818
2 665
9 311
28 527
17 400
2 963
7 734
7 757
11 860
28 375
22 562
24 673
22 479
10 854
23 522
16 665
10 612
10 864
12 941
8 424
22 650
1 982
23 386
16 629
6 819
16 697
26 937
7 650
0 402
3 898
25 501
15 923
14 987
12 543
3 745
3 392
29 707
24 287
17 618
4 877
12 880
10 466
7 653
3 204
14 781
23 835
29 711
14 521
25 639
29 448
29 711
23 640
20 430
1 681
19 562
29 419
16 574
12 949
3 570
20 300
29 684
4 254
13 758
25 365
21 675
27 561
6 445
26 552
16 901
14 809
24 252
6 438
5 338
10 562
21 328
6 906
16 432
14 835
0 239
0 587
8 222
16 426
17 631
1 862
0 538
14 533
25 881
6 551
20 459
12 306
16 615
28 437
14 685
24 861
26 499
21 822
19 488
3 392
3 271
17 532
21 973
1 215
28 864
3 380
7 757
9 259
0 766
8 385
10 587
14 427
23 815
13 851
6 375
9 986
15 965
3 789
20 519
2 311
15 919
1 770
13 912
0 640
16 399
11 999
29 468
15 360
0 778
6 896
25 806
22 716
6 964
3 724
9 987
10 673
29 504
6 664
0 446
20 810
2 575
24 262
12 972
18 244
18 799
13 944
1 970
13 254
12 367
17 821
2 412
22 257
10 489
11 815
21 212
20 709
24 802
24 655
14 973
8 740
22 306
19 717
29 335
15 473
26 983
3 807
22 275
29 535
25 959
14 763
26 880
21 361
7 830
1 479
27 984
4 989
29 754
24 521
25 710
25 319
4 345
18 309
9 535
29 570
24 635
0 261
4 443
13 269
19 330
22 356
17 734
8 368
29 209
1 492
1 534
2 464
8 770
1 864
19 951
22 585
6 247
15 290
19 817
8 521
0 928
26 332
7 393
9 464
24 471
16 291
1 958
3 662
2 216
17 835
5 816
27 994
7 718
29 546
20 713
6 650
6 308
1 466
20 469
10 459
28 352
22 797
8 630
12 696
11 555
10 203
0 362
16 863
22 253
10 960
2 844
6 900
6 452
25 266
17 907
3 472
14 847
18 762
8 840
4 765
21 485
13 381
28 901
24 609
6 881
20 710
22 770
6 443
1 804
22 337
13 429
10 676
20 218
17 417
1 202
8 363
12 986
25 738
22 370
24 601
27 934
9 947
26 432
20 990
20 798
3 217
28 903
8 437
17 925
21 931
11 209
6 627
14 511
4 370
18 314
5 907
12 651
1 423
4 765
14 887
25 292
13 689
18 753
26 592
16 501
12 253
0 632
25 228
27 778
5 251
19 229
16 340
29 963
20 453
16 988
2 746
24 251
9 679
4 668
14 481
6 356
24 868
2 622
27 405
25 458
26 311
15 963
12 542
21 459
29 358
14 854
16 465
15 260
2 706
4 428
19 259
4 251
1 810
19 233
0 254
21 351
21 672
7 861
26 832
19 948
7 278
12 245
27 930
29 981
20 500
7 643
24 884
27 510
28 977
5 474
5 307
18 528
12 525
17 369
21 651
29 965
5 496
12 228
13 207
14 616
23 532
24 715
18 375
16 461
16 338
7 205
28 522
3 782
11 606
22 586
17 484
24 677
14 652
3 273
5 977
19 971
15 608
12 906
10 771
12 680
2 968
9 847
17 814
8 406
12 555
29 460
20 973
15 585
5 840
27 717
13 811
24 406
1 886
28 889
8 412
21 993
0 851
14 324
28 974
29 317
19 927
10 520
16 895
6 500
15 877
22 565
25 901
27 1000
6 372
16 860
26 506
28 758
8 237
12 664
7 391
4 821
8 547
24 831
5 317
9 284
11 728
14 542
27 817
29 787
2 424
21 450
4 280
27 610
24 744
24 708
6 389
26 304
3 436
24 998
7 496
12 420
4 681
15 632
6 228
27 204
9 345
16 460
9 846
20 735
25 806
12 206
7 233
8 534
2 693
9 650
26 933
21 990
13 709
8 679
24 396
19 775
16 887
27 995
10 499
25 882
18 752
8 750
8 786
25 346
0 300
7 541
29 327
1 821
14 690
10 692
9 377
4 230
3 799
12 843
19 276
2 788
26 439
13 872
8 565
25 371
22 710
23 234
29 325
14 646
29 227
27 820
26 469
28 913
4 758
11 811
11 503
2 367
3 431
10 864
29 870
27 297
23 891
28 304
24 483
10 904
0 734
19 394
0 446
3 611
20 395
5 441
27 298
27 929
15 377
8 780
8 742
20 429
26 656
16 850
25 658
23 413
6 656
20 434
2 608
15 293
29 611
28 842
26 651
12 807
2 972
13 448
26 801
29 575
22 814
17 542
7 560
4 301
16 847
16 656
16 825
1 284
2 921
12 969
2 438
22 249
3 623
15 661
4 695
28 200
5 582
17 692
19 686
27 222
5 466
23 357
24 715
20 246
2 215
9 994
18 554
21 397
12 703
17 900
16 615
0 478
8 857
9 304
26 998
0 917
13 327
11 315
20 400
25 523
7 758
29 995
24 503
28 651
27 247
4 371
20 719
18 838
10 267
12 249
20 605
6 303
8 819
11 465
8 967
20 419
1 781
10 656
9 232
10 747
16 309
26 871
3 420
5 340
27 688
24 646
12 250
13 775
4 850
26 655
2 639
26 587
8 214
23 963
28 509
11 865
20 655
13 249
7 218
16 368
16 773
10 367
8 518
21 775
10 442
0 753
13 817
19 732
9 206
15 898
15 362
20 584
20 958
14 902
17 250
15 205
13 620
6 643
14 745
6 280
17 554
17 876
13 668
9 248
15 980
0 610
9 883
24 926
20 945
24 319
11 490
13 815
27 765
1 475
26 777
15 290
8 663
26 577
24 563
6 336
