1000
16 609
8 369
28 353
25 962
27 418
2 514
5 847
2 310
16 390
19 687
8 596
4 337
7 554
15 493
11 532
21 584
4 834
5 718
26 425
25 607
17 454
10 899
16 439
15 376
8 208
12 750
14 478
28 238
23 899
8 424
19 707
19 495
17 630
23 282
23 854
19 804
8 497
1 289
5 745
21 419
29 810
0 212
16 211
2 942
8 876
22 384
21 530
23 608
17 808
27 437
1 774
4 640
12 746
20 951
16 773
14 569
2 275
26 477
6 321
13 272
18 878
3 262
1 629
13 952
13 578
26 736
22 781
28 222
28 337
0 819
16 750
22 480
12 271
19 617
0 617
10 748
21 545
13 301
24 278
17 875
14 644
21 749
2 503
3 781
13 805
15 981
25 960
5 374
5 716
10 444
9 980
24 797
4 675
8 652
24 872
25 306
18 570
27 485
16 973
15 739
18 495
29 943
21 469
0 414
19 691
7 613
26 688
5 680
29 474
25 794
3 589
24 803
26 777
3 635
28 275
27 466
9 820
22 746
16 839
18 323
28 945
27 958
21 592
22 504
2 534
18 815
10 993
14 365
26 693
27 298
4 219
9 339
8 213
5 222
8 877
15 522
13 907
8 217
5 840
12 365
1 926
20 462
9 486
7 624
6 790
7 682
12 855
29 525
17 214
13 531
29 404
7 907
11 744
9 618
12 308
8 841
19 767
19 436
26 804
16 390
5 286
14 603
8 440
26 725
10 469
19 402
16 915
24 536
25 570
10 980
14 732
23 513
2 971
15 635
1 668
16 557
17 219
22 210
6 685
22 993
29 694
0 822
23 687
21 207
25 211
13 873
11 344
9 623
21 694
18 498
5 208
11 418
28 843
9 433
21 497
1 827
8 583
26 809
18 772
29 592
9 756
29 881
23 919
11 799
11 785
10 915
2 592
1 551
26 734
28 578
28 802
20 734
29 755
28 641
8 794
13 668
6 816
13 307
19 931
2 944
26 395
0 272
29 369
29 971
9 357
23 913
8 392
24 389
13 329
13 605
2 601
2 431
15 438
21 954
17 647
12 668
7 599
6 696
3 881
19 668
6 633
6 780
8 732
7 859
0 401
27 936
27 968
15 210
12 493
1 672
17 318
22 699
10 937
5 452
26 365
10 652
15 462
6 788
12 892
0 449
14 206
4 621
7 477
26 569
22 910
7 852
29 293
0 658
15 496
22 962
26 526
5 236
18 793
25 1000
15 892
22 952
23 907
6 917
20 540
15 978
1 415
26 563
0 626
2 684
19 739
2 461
1 622
25 397
12 281
12 584
0 697
25 456
29 351
0 374
2 258
6 411
26 371
7 257
0 631
24 458
0 623
19 777
10 562
27 865
14 635
20 758
13 372
26 660
10 794
20 351
27 490
6 589
16 913
27 761
14 271
27 980
28 631
0 394
18 252
24 356
5 309
10 410
25 235
8 224
5 878
21 702
15 241
20 752
8 677
28 915
0 799
15 541
12 448
5 562
9 281
15 465
16 634
25 285
20 275
18 485
11 287
7 663
12 916
11 440
19 807
21 918
12 847
23 576
1 790
11 729
2 400
6 357
19 815
7 499
10 835
27 978
14 643
18 758
1 622
13 628
22 888
0 905
13 321
8 322
22 249
29 982
25 522
9 902
17 477
18 214
24 222
14 493
14 201
12 808
18 311
27 577
9 499
10 356
22 858
4 224
8 533
4 860
7 711
20 272
0 797
9 955
28 835
10 885
10 375
3 387
22 360
2 777
3 546
29 206
6 937
28 685
0 599
8 815
21 462
10 290
5 947
29 880
9 557
27 874
20 904
16 950
21 737
0 431
20 362
16 364
18 231
7 973
7 235
24 318
20 279
16 971
13 728
19 433
26 290
14 279
6 867
25 986
14 387
14 848
6 293
2 310
10 399
2 945
2 725
2 254
9 876
20 762
1 595
22 476
2 792
25 810
21 658
8 368
5 809
7 965
20 598
3 724
21 640
11 801
12 409
29 291
29 515
11 918
10 584
24 471
7 806
9 902
11 348
3 212
27 402
19 562
12 251
1 889
29 714
9 585
13 479
25 319
3 678
4 958
0 220
6 832
10 397
15 528
8 602
5 938
2 527
12 255
26 886
18 860
13 937
3 608
20 875
28 878
28 739
14 665
8 399
11 748
0 907
19 491
7 290
13 321
0 716
17 657
10 638
26 804
21 790
0 527
15 662
29 426
4 841
1 974
15 489
22 917
4 271
10 633
5 275
10 990
8 396
7 511
7 756
11 489
17 873
22 552
10 536
7 375
3 702
2 210
0 846
5 922
22 242
9 217
18 728
15 396
8 433
12 385
29 625
18 642
23 701
14 415
19 606
18 537
18 823
28 835
0 888
2 963
1 324
8 269
22 946
1 719
26 777
14 714
7 701
22 219
16 723
19 412
24 453
27 542
14 224
11 224
9 363
9 381
16 545
27 460
14 259
23 888
7 709
23 264
19 574
2 230
11 577
26 631
19 417
25 765
15 613
22 424
22 410
12 777
16 756
23 925
26 426
21 652
1 809
27 853
3 857
26 604
20 418
21 997
20 579
14 791
10 916
0 398
17 658
5 520
2 992
1 669
9 229
19 384
6 872
15 697
13 286
17 658
13 623
5 886
20 720
21 636
24 825
14 217
19 631
26 439
19 848
27 939
11 353
12 736
14 779
25 367
3 507
23 453
1 946
1 984
3 876
21 884
4 835
27 441
16 782
13 825
4 811
28 669
14 654
3 657
11 601
29 448
11 817
22 898
21 957
23 680
2 355
9 321
9 749
18 934
21 525
7 801
17 827
20 672
21 565
9 607
9 682
29 223
7 386
22 878
26 340
17 563
26 279
23 407
8 719
23 411
9 721
0 896
24 268
13 700
25 359
2 288
27 945
22 366
16 259
23 535
27 389
10 249
25 395
24 575
23 877
24 573
8 815
28 665
22 431
20 614
14 887
26 635
22 981
27 458
11 388
13 226
29 769
3 991
26 496
15 789
22 247
19 276
20 824
22 836
25 757
1 243
0 848
11 725
18 597
21 889
23 982
25 941
15 411
13 561
7 515
11 503
0 929
7 265
26 484
2 821
19 502
7 959
7 945
22 325
25 818
21 443
7 435
3 237
16 807
9 980
6 496
27 400
7 481
29 497
11 205
24 275
21 708
16 980
19 910
23 341
0 285
4 341
25 452
0 814
12 573
26 256
3 642
6 455
6 515
23 743
18 934
26 724
25 940
5 343
5 984
0 929
8 317
11 873
17 928
29 285
14 680
5 517
17 936
5 999
21 371
7 977
8 531
29 701
8 204
15 812
24 747
15 801
4 452
19 840
6 917
27 869
20 558
19 693
11 263
15 411
15 479
2 743
29 623
10 409
20 647
22 991
9 559
4 801
17 360
26 860
9 745
26 364
20 594
22 464
12 246
12 844
10 249
18 985
27 867
25 448
1 563
25 818
13 653
26 531
3 863
0 761
26 571
5 382
5 599
22 203
22 580
0 231
4 716
2 774
21 721
17 910
23 719
9 584
20 400
16 364
7 741
27 581
12 538
1 250
2 969
29 323
21 305
8 403
4 356
6 544
6 931
6 848
5 828
2 950
14 585
15 513
23 381
9 747
20 249
8 845
19 251
29 364
26 376
15 653
17 297
9 685
10 736
6 897
27 391
19 551
11 208
10 846
19 344
18 402
26 629
4 935
18 450
1 691
26 652
12 918
0 380
24 682
19 746
29 381
24 513
21 951
18 356
16 667
25 557
24 943
18 730
23 605
10 531
18 777
25 720
5 856
8 581
11 625
9 982
23 707
7 523
16 778
1 437
24 426
19 634
11 461
2 864
17 626
15 857
0 671
9 661
28 776
7 576
14 225
19 262
14 913
21 973
27 486
13 403
9 296
4 603
24 913
15 233
16 566
19 442
7 545
23 823
12 480
12 582
18 868
18 956
13 383
19 409
8 390
6 977
3 349
23 229
10 543
29 425
14 441
23 863
13 452
4 914
1 530
23 760
13 650
4 585
1 985
27 812
19 210
17 475
5 505
26 519
18 799
22 835
9 756
22 200
23 711
3 211
0 537
15 454
12 692
1 653
29 216
20 260
3 207
22 351
25 474
2 620
5 838
20 438
25 739
22 790
8 456
13 775
10 451
11 789
19 946
29 501
24 863
29 843
7 799
18 425
16 441
8 934
7 573
3 507
27 276
22 562
28 238
29 301
21 973
10 201
6 974
12 412
9 238
22 931
18 813
14 288
18 858
27 596
19 485
15 669
0 705
8 946
24 227
8 962
6 242
24 293
23 734
28 870
8 224
28 532
5 458
8 921
17 643
12 907
25 415
19 230
13 904
29 309
19 994
13 687
3 504
10 356
25 900
12 279
1 957
24 311
9 925
0 973
19 815
6 479
17 250
10 656
18 597
0 218
9 389
27 534
24 542
25 981
15 764
15 310
1 993
6 890
23 432
17 775
15 434
27 771
27 693
