1000
2 750
2 267
11 644
4 518
21 812
10 510
9 230
9 305
20 339
24 283
16 228
23 381
27 564
5 483
10 974
27 439
12 543
4 372
23 527
20 681
3 344
19 271
25 945
3 874
29 509
4 255
10 238
27 673
29 730
1 591
17 873
5 279
26 324
18 495
6 485
23 905
2 308
12 842
13 849
9 715
1 531
25 242
11 523
3 298
22 535
27 554
3 976
14 204
8 974
7 609
8 307
24 243
26 736
27 406
6 634
9 888
13 245
12 642
9 302
18 561
5 860
27 997
5 910
29 561
9 867
10 751
9 973
1 401
7 796
1 865
4 400
21 531
7 916
14 519
22 249
20 986
8 831
0 865
27 308
15 459
10 821
13 884
15 653
23 545
25 804
6 470
1 569
14 772
0 525
1 257
16 411
25 813
21 592
4 859
24 832
20 312
11 961
10 223
6 465
20 654
21 283
1 767
5 630
28 746
29 422
0 650
20 312
4 917
17 839
20 680
7 585
27 781
3 522
11 475
14 743
4 399
27 937
2 976
14 237
19 368
24 839
17 249
27 340
4 655
19 267
12 728
15 822
9 242
27 777
29 365
9 649
15 784
23 819
11 301
14 863
11 788
15 503
4 877
29 726
21 602
25 833
23 452
8 974
4 250
4 728
3 248
26 411
5 345
8 280
8 374
29 728
26 822
11 439
5 701
8 204
22 581
17 941
20 340
18 769
15 623
18 827
13 769
5 719
17 237
15 315
28 402
2 986
22 401
11 895
29 702
25 695
8 401
6 573
23 825
21 662
26 269
3 582
20 960
27 649
17 521
16 390
0 905
5 661
10 871
22 398
0 989
13 553
9 414
8 645
4 531
1 268
12 236
16 259
11 366
13 659
13 561
9 513
29 823
19 558
28 664
17 341
21 406
19 345
7 357
12 310
1 341
5 773
26 422
28 801
15 968
27 478
26 756
17 478
21 978
14 353
19 503
16 376
9 515
27 953
15 693
12 616
12 825
1 486
7 242
4 511
25 898
14 372
11 569
24 368
12 956
26 903
23 570
1 703
5 282
5 634
9 860
25 927
22 768
2 204
6 325
24 531
29 697
9 771
8 865
4 339
1 405
5 908
3 539
6 748
29 464
13 512
18 306
24 279
9 950
10 885
25 432
26 406
28 512
8 387
25 393
13 668
24 773
19 306
27 289
29 543
7 774
24 561
6 659
28 338
12 723
26 527
16 647
29 341
4 488
24 701
19 473
23 343
1 781
5 500
11 365
12 820
6 593
26 719
22 510
0 329
8 592
15 509
18 229
16 776
12 548
26 844
21 378
26 266
20 711
27 754
2 831
16 671
2 394
10 352
6 524
19 371
15 309
20 346
17 395
23 503
3 304
20 935
18 390
7 647
8 604
4 273
12 772
0 745
17 982
17 661
21 726
5 332
28 636
8 246
20 837
13 293
20 378
24 211
27 304
8 962
3 441
11 434
14 617
18 245
12 908
29 908
20 583
4 389
28 873
21 237
28 600
16 526
7 310
5 659
19 274
24 465
0 609
4 317
10 210
13 750
12 828
9 491
27 380
11 699
16 565
4 211
26 996
13 284
17 261
29 444
22 816
10 961
11 735
8 378
5 422
3 453
28 922
9 606
9 397
28 669
0 749
27 264
28 551
14 389
21 278
2 496
2 307
19 567
15 326
7 819
26 522
2 530
15 688
13 606
14 904
19 476
18 224
5 634
15 958
6 396
8 523
15 839
10 958
14 786
26 837
9 726
28 693
22 753
25 541
25 848
15 717
17 682
17 639
18 976
19 550
1 391
27 411
19 238
27 351
8 235
19 855
5 501
26 445
2 593
19 362
0 523
24 269
9 747
9 362
11 337
29 885
2 245
23 838
7 442
27 761
15 919
15 821
28 962
10 332
0 782
2 552
21 221
7 339
26 998
14 774
2 550
6 730
6 583
17 361
7 811
8 734
26 405
8 405
21 445
26 512
28 633
13 733
25 684
25 726
28 718
13 537
18 669
8 669
17 820
23 276
0 341
21 625
1 819
1 940
24 857
11 997
0 248
5 941
7 437
11 246
13 381
21 266
2 892
10 886
27 577
1 291
17 359
23 579
14 404
21 741
9 856
9 771
5 657
26 859
16 794
23 375
17 357
28 460
26 615
28 482
13 959
12 968
14 454
25 309
29 561
23 304
25 372
29 538
24 602
5 644
22 846
25 864
13 417
20 533
14 428
5 944
18 894
9 305
25 874
24 398
29 776
22 890
22 663
25 885
9 574
16 974
23 672
8 654
15 997
11 285
18 482
20 732
13 897
9 870
0 930
14 927
3 826
12 254
7 287
1 666
28 404
20 265
28 821
26 686
19 408
14 593
22 935
6 333
7 502
27 522
25 263
7 998
5 965
19 428
2 975
5 655
28 671
24 584
25 692
2 967
15 396
11 573
27 330
20 564
15 775
27 403
24 581
19 764
25 284
26 434
15 209
11 782
15 820
17 886
9 488
26 703
25 543
22 203
20 444
17 273
29 753
10 273
2 840
10 633
2 317
18 301
27 385
27 205
1 303
29 384
20 461
25 389
5 560
28 650
16 572
4 779
4 811
29 551
17 377
18 809
5 394
4 283
10 566
28 761
19 857
6 602
0 764
28 469
26 898
14 788
23 906
5 471
4 585
22 413
4 506
19 696
5 385
29 226
27 974
6 873
6 656
10 857
23 283
13 309
4 613
20 310
14 584
11 524
28 664
25 882
21 805
29 293
10 595
15 748
6 787
24 973
3 699
17 421
8 704
29 399
1 267
7 581
10 201
28 487
0 374
7 997
0 926
5 218
24 330
7 322
21 955
12 860
22 787
22 906
2 434
7 635
25 832
7 697
20 246
25 500
8 860
2 265
4 680
5 241
13 777
21 685
2 498
13 206
22 608
13 771
0 732
25 587
3 948
28 322
4 642
12 246
0 202
8 588
23 792
22 434
5 506
4 902
1 941
7 806
7 904
2 264
10 461
4 414
8 816
10 272
18 688
4 304
21 809
9 997
10 265
17 790
14 469
23 590
24 499
27 993
7 796
23 207
8 938
26 639
9 261
15 665
6 853
8 634
8 513
26 255
24 672
13 812
22 476
23 709
20 379
14 484
28 653
19 590
16 755
5 950
11 421
12 577
25 732
22 920
26 478
9 947
21 249
17 393
8 834
29 793
14 808
8 524
8 573
19 894
26 541
10 991
18 218
13 727
14 623
17 295
5 506
26 438
17 956
2 976
5 693
3 618
2 284
19 302
17 794
24 783
17 549
16 805
5 779
17 586
18 331
8 212
19 449
18 565
25 427
24 608
21 254
23 205
16 794
12 562
6 344
26 743
16 411
10 282
6 247
20 302
19 830
8 634
21 518
26 899
3 314
27 430
8 693
1 652
8 614
28 241
7 955
23 360
12 717
11 617
2 466
12 277
17 647
28 685
18 642
8 865
12 368
1 919
11 382
10 729
23 356
15 528
6 744
12 768
14 748
11 483
14 870
12 952
22 536
0 362
24 914
10 459
26 711
25 479
16 256
2 708
28 278
20 202
3 587
26 917
25 847
22 531
29 258
18 596
12 414
27 500
21 332
11 995
0 937
12 292
4 328
7 832
22 418
26 737
12 742
6 729
11 784
5 706
10 696
2 875
7 405
28 968
21 901
8 982
5 818
12 641
12 515
21 766
6 844
29 834
16 885
20 315
9 415
25 371
20 714
6 547
23 996
29 566
9 597
20 538
9 440
20 752
20 850
13 382
29 562
14 763
25 388
4 384
28 931
13 218
23 579
2 379
19 788
7 937
5 923
27 428
11 738
12 414
20 540
13 304
21 465
9 459
6 785
7 327
16 578
8 568
12 971
29 983
29 608
1 986
8 554
11 260
29 747
26 531
4 614
23 559
25 730
25 709
11 240
18 788
29 542
16 331
23 423
27 503
0 377
13 845
26 396
23 762
18 545
7 748
3 577
13 642
18 616
0 722
10 680
27 852
14 962
29 914
27 990
20 518
14 484
22 639
5 965
25 979
15 395
20 394
26 815
24 993
17 430
21 536
24 674
28 712
25 418
2 744
21 942
14 245
25 311
23 472
29 653
14 588
10 385
27 656
10 604
6 967
29 535
9 256
6 989
6 354
2 282
5 874
6 372
18 549
28 875
17 908
25 453
14 647
19 500
15 963
25 434
8 872
8 324
18 710
10 864
18 281
24 291
29 590
11 432
12 429
23 759
13 631
25 935
7 233
23 690
13 292
17 884
14 597
29 498
5 879
2 796
5 677
6 430
10 237
3 606
23 823
11 908
10 917
17 593
27 414
6 638
11 623
25 211
7 519
17 253
10 476
16 434
8 871
11 765
17 329
1 978
26 875
27 712
27 592
22 614
2 630
14 725
23 565
5 648
7 748
26 703
10 489
2 335
0 316
5 873
16 349
27 449
28 705
3 480
25 216
14 780
19 494
22 898
17 306
29 277
28 445
0 875
12 663
