1000
0 539
26 916
2 895
19 673
17 924
25 756
16 630
8 923
16 576
1 936
11 797
12 505
21 202
16 844
28 982
15 689
5 468
3 344
17 985
19 205
26 798
12 316
1 839
25 822
19 462
4 544
28 377
25 836
5 484
3 489
26 610
5 548
0 220
26 434
4 678
17 579
16 567
4 475
7 254
20 701
22 475
26 249
19 364
15 566
19 732
21 955
20 471
4 521
18 718
23 664
24 716
12 782
17 488
15 359
0 283
21 688
13 661
14 953
2 430
23 377
28 378
12 285
22 688
11 249
4 993
15 270
27 863
17 450
2 558
8 322
2 214
17 837
13 892
2 654
7 364
12 488
12 683
7 704
5 864
7 870
13 617
10 917
11 839
25 670
10 493
8 652
20 791
1 233
14 388
5 502
21 382
7 948
8 629
6 392
6 735
9 588
22 762
13 769
12 947
19 210
1 508
4 509
3 213
24 201
3 691
23 949
3 768
17 886
8 726
4 995
22 798
20 856
26 640
27 391
10 720
14 270
20 385
10 870
29 468
15 966
17 330
26 459
0 591
24 563
15 705
5 947
26 554
6 938
24 764
4 547
11 215
18 470
28 472
14 315
1 212
20 893
13 357
6 335
27 527
11 504
2 896
19 573
22 549
14 812
2 268
16 779
4 580
28 319
27 670
26 703
14 213
19 534
25 971
29 829
21 997
6 908
29 341
29 292
20 559
14 762
6 634
9 255
0 648
21 326
1 257
3 210
0 279
3 847
17 951
25 398
7 553
26 823
16 284
13 841
15 530
0 452
6 303
8 382
20 262
26 942
28 713
22 858
17 269
19 997
8 433
13 511
28 360
4 553
1 698
18 508
18 682
12 403
21 529
0 499
17 705
29 635
18 600
1 497
20 491
11 738
12 603
7 946
12 692
15 620
1 761
19 609
11 729
4 439
28 304
9 510
4 716
14 662
6 622
26 595
3 792
18 590
4 847
2 819
27 859
19 733
11 730
7 453
23 683
3 894
4 709
7 608
2 953
23 400
10 335
27 940
0 371
28 745
23 698
14 967
1 545
11 580
15 695
28 518
0 799
26 898
18 840
12 837
19 409
0 356
18 409
23 754
0 364
20 924
25 756
2 400
22 580
27 289
26 337
23 896
2 470
0 480
25 805
18 503
24 556
4 214
23 338
11 211
9 223
15 660
4 521
11 587
18 494
0 604
24 602
2 700
13 210
11 402
22 991
1 760
20 925
18 304
24 622
1 909
27 435
24 727
19 523
16 565
24 465
16 903
17 698
7 523
16 505
14 325
11 674
26 832
3 644
0 304
15 390
10 450
12 785
24 363
0 832
22 364
4 338
20 216
3 706
22 537
16 477
17 261
20 829
13 439
24 522
20 593
6 357
15 458
26 536
27 810
7 348
8 436
13 959
21 649
17 568
13 889
28 456
15 606
25 496
18 522
8 220
5 918
17 505
24 514
16 388
22 600
12 948
11 265
2 563
5 282
22 794
13 584
23 639
1 360
4 735
8 922
19 807
18 261
4 529
25 881
14 692
3 273
5 380
8 989
4 979
26 257
1 260
29 680
7 235
4 431
7 524
5 995
28 584
29 642
24 762
24 932
22 698
0 671
19 595
25 736
19 992
2 494
14 509
8 808
11 547
9 972
17 340
24 715
17 765
8 358
27 470
2 469
7 471
18 755
11 981
17 247
21 370
21 522
21 263
18 238
18 819
17 471
2 286
28 435
13 589
11 613
14 702
8 222
24 904
27 563
11 316
10 659
27 780
22 956
28 808
7 320
24 507
8 213
21 212
4 416
3 959
3 788
15 377
27 456
7 214
14 977
27 764
1 983
16 326
24 227
19 563
21 958
14 281
26 858
23 384
20 961
22 391
23 286
29 431
8 396
27 447
19 465
21 585
7 522
11 997
21 392
3 354
5 809
13 467
2 865
28 614
1 433
29 711
16 274
5 866
7 873
8 933
9 809
23 530
14 962
2 909
12 649
14 598
19 316
19 244
6 540
13 218
23 392
6 605
1 462
18 585
25 378
18 841
20 782
7 427
21 842
17 357
6 387
0 920
15 531
5 852
28 224
6 480
5 594
23 773
18 522
25 375
6 256
24 475
21 503
14 579
26 829
10 954
15 639
25 298
26 218
20 359
29 578
21 254
1 898
18 854
29 226
22 715
7 400
23 756
1 659
13 642
2 800
10 647
13 292
19 969
13 888
24 342
0 832
19 958
20 748
2 344
18 682
28 232
29 723
10 404
4 575
0 911
24 432
19 580
29 720
6 985
26 507
26 993
16 572
8 671
26 546
18 318
9 672
16 334
0 375
21 991
19 531
16 637
6 506
20 539
9 257
4 407
18 566
20 237
18 602
12 359
29 576
7 865
27 504
4 326
25 740
29 673
27 756
13 312
24 603
12 504
25 202
26 920
15 907
3 826
5 349
7 601
25 899
2 368
11 273
25 953
7 310
10 441
26 535
10 810
23 701
15 639
11 785
7 282
11 973
7 290
12 619
12 371
0 474
20 545
20 980
25 972
19 739
13 591
5 930
15 417
9 232
18 918
2 433
23 349
28 436
15 429
27 472
8 697
10 677
3 250
13 809
21 535
19 849
13 213
5 548
5 382
22 597
4 316
25 584
24 357
16 986
11 506
7 873
25 883
7 578
2 601
9 728
3 822
27 976
15 846
27 792
9 856
24 624
22 250
26 779
7 204
6 355
7 262
12 789
5 337
20 933
3 285
5 876
10 672
24 374
6 970
11 489
9 694
20 809
9 945
28 862
5 342
23 769
28 774
29 873
10 607
16 641
10 340
9 886
4 505
20 569
10 255
6 686
19 246
21 416
20 857
23 913
4 711
10 277
15 817
27 646
22 584
2 663
27 861
13 236
7 818
27 661
7 282
4 263
10 703
8 229
20 417
6 614
27 398
26 644
15 855
24 991
11 516
12 357
11 213
4 825
29 253
10 303
7 539
4 978
27 711
14 486
18 917
21 519
1 777
0 518
26 787
0 493
28 654
27 870
6 959
28 584
7 964
10 452
24 958
24 245
16 979
29 950
4 205
2 990
6 878
21 429
9 412
5 344
21 602
5 677
23 435
11 543
20 295
21 209
14 511
12 652
0 523
21 460
17 354
6 421
20 692
4 729
5 666
19 436
17 634
21 291
14 892
27 214
11 595
7 932
5 754
4 694
15 869
9 354
3 288
20 214
24 386
13 816
17 374
2 498
17 433
28 266
11 993
14 629
18 687
12 447
6 301
6 384
19 353
29 812
14 875
24 566
23 848
3 966
21 652
26 834
19 326
28 878
21 413
2 893
7 690
7 232
15 375
17 671
0 297
1 442
22 842
19 982
20 312
27 942
18 895
25 921
11 466
26 868
22 213
9 771
25 770
0 826
17 911
5 665
4 381
22 519
4 597
22 341
15 806
0 755
8 229
8 907
26 284
7 791
9 643
9 270
26 251
13 333
11 685
3 459
24 416
13 995
0 885
4 440
19 324
16 864
2 678
3 704
15 718
17 316
22 714
27 428
8 589
7 347
6 347
11 272
11 720
3 904
23 444
20 251
4 546
15 586
11 502
12 853
11 863
7 377
4 935
14 883
1 603
23 332
7 426
26 462
6 967
9 467
17 448
28 406
29 229
4 353
8 288
7 760
6 502
6 404
14 452
21 426
4 929
27 899
26 978
20 377
27 263
15 298
22 423
4 368
8 376
1 749
24 503
28 890
17 258
17 545
3 664
19 469
26 574
26 277
23 701
5 704
0 759
8 402
1 881
1 616
17 952
5 244
2 607
26 765
8 369
4 541
13 267
6 752
13 837
26 608
17 297
15 688
9 665
0 590
24 645
21 455
12 906
15 655
25 256
27 691
29 228
24 585
17 555
21 257
4 410
21 605
13 673
1 992
24 445
16 702
8 440
13 457
0 978
23 233
9 537
17 562
28 626
2 440
3 722
10 513
8 953
19 940
9 613
1 701
10 925
23 294
5 312
24 385
12 382
21 412
28 686
22 631
4 685
0 231
9 453
15 252
16 865
0 635
13 682
10 681
6 858
4 801
7 603
25 284
10 800
23 676
11 400
14 824
14 900
4 442
26 239
17 924
18 399
18 802
14 860
10 904
24 861
25 863
18 362
25 723
29 553
6 525
19 235
4 905
10 403
19 657
8 279
29 262
0 290
12 791
7 755
21 287
22 349
20 547
7 276
13 343
19 500
3 843
24 724
28 219
17 499
22 341
21 276
15 643
16 206
27 875
17 538
18 306
3 359
24 238
19 348
4 314
10 944
19 714
1 587
24 359
19 520
17 216
23 212
7 516
0 614
17 368
9 485
25 211
10 521
21 459
14 306
16 595
13 921
1 235
9 202
16 461
22 498
10 876
8 954
7 361
10 650
22 989
20 222
7 981
28 454
12 391
18 532
29 781
4 643
7 814
24 843
1 341
12 840
12 746
29 657
1 651
10 534
5 304
26 737
16 835
