1000
10 460
9 351
12 921
5 293
25 509
2 621
2 415
26 244
10 311
11 318
23 345
23 708
26 697
13 643
26 747
28 726
19 434
11 267
7 705
21 934
16 893
16 372
28 217
27 831
19 581
22 300
7 444
10 892
22 464
8 884
25 774
9 494
21 602
2 947
17 852
9 588
10 766
7 404
14 838
9 422
10 266
25 812
21 861
17 412
18 325
29 271
11 371
15 347
13 431
22 704
15 286
1 206
28 574
20 811
24 409
19 377
20 228
12 621
23 848
2 746
8 939
8 977
8 654
9 266
13 426
27 851
12 801
0 955
5 314
2 759
6 499
16 781
29 722
9 529
24 209
26 234
23 773
27 302
10 932
7 537
1 336
25 944
6 949
29 706
17 727
1 868
12 529
6 755
6 376
16 428
26 895
23 922
14 461
16 935
0 246
28 360
9 649
15 308
14 789
9 321
25 719
4 347
29 479
21 285
19 413
12 690
26 912
12 387
6 230
17 978
7 957
12 631
0 254
20 559
0 874
2 832
9 208
19 968
5 544
0 217
11 955
24 313
25 963
19 691
13 879
15 520
13 383
10 677
9 225
15 388
27 700
29 343
4 616
3 391
16 830
18 232
1 697
21 843
4 426
3 752
10 600
24 789
2 902
12 917
4 980
23 830
19 215
18 671
4 219
7 756
20 991
20 944
13 851
15 806
3 917
29 851
12 243
27 618
16 492
28 359
3 345
10 373
14 735
0 753
27 486
25 446
25 301
27 667
11 282
12 700
16 383
28 395
5 413
10 215
5 928
0 716
4 703
27 959
17 888
23 387
29 567
0 975
22 341
7 534
17 874
12 205
1 880
28 270
23 279
18 543
3 946
27 842
0 817
25 418
7 732
28 415
27 877
16 525
3 488
20 243
1 450
8 255
26 322
26 359
4 273
8 743
22 828
7 245
5 642
27 502
15 913
26 538
24 558
17 852
13 450
0 911
17 841
14 558
21 790
5 970
21 554
10 409
14 700
29 214
12 905
22 836
9 358
20 308
8 219
4 476
12 861
16 874
20 988
26 878
5 909
23 402
22 827
29 793
23 288
2 444
0 623
21 892
5 912
8 501
23 343
6 850
10 807
8 877
12 749
6 576
10 818
12 555
6 319
6 200
8 779
14 923
16 878
6 856
0 374
25 557
16 741
24 830
24 816
6 985
8 784
20 947
4 934
10 290
12 236
8 909
1 217
16 249
7 420
11 519
18 697
7 814
6 837
3 305
26 618
2 705
23 305
6 814
23 368
3 403
25 754
11 939
27 672
5 576
25 816
23 269
18 875
14 904
0 882
6 310
16 685
19 392
0 476
2 251
0 626
22 706
5 472
17 970
13 641
6 562
1 301
6 600
12 217
16 808
6 816
29 444
2 377
16 570
12 261
15 375
5 747
10 855
0 597
28 848
1 592
25 441
6 524
1 390
11 663
23 425
9 546
16 927
4 921
13 710
0 356
13 384
24 328
17 880
29 269
7 935
4 631
27 511
9 988
16 891
18 215
11 429
4 931
11 950
20 636
15 553
6 638
26 951
6 287
27 725
23 298
16 748
21 732
7 976
15 625
11 769
29 759
14 548
4 752
13 498
28 694
10 679
26 531
25 993
4 994
21 964
0 974
7 905
4 506
13 893
2 887
1 229
15 211
18 979
19 891
27 711
25 932
26 720
26 353
24 897
23 329
22 773
17 696
20 463
23 500
0 879
19 440
1 224
27 852
29 538
29 774
0 950
12 993
7 587
19 389
2 804
3 888
3 284
28 334
9 236
19 255
0 555
20 352
7 639
7 708
19 221
6 772
15 608
9 376
5 943
23 797
29 811
8 348
4 982
28 213
5 786
9 313
20 541
3 532
25 954
15 557
16 396
25 412
5 571
11 315
6 397
17 574
11 863
29 323
28 838
1 879
10 448
21 687
0 728
24 926
16 690
21 746
4 561
13 834
12 212
18 640
25 581
23 529
7 808
28 918
17 257
27 506
4 263
24 679
20 941
17 401
17 647
16 400
18 866
29 841
11 1000
2 205
13 513
0 219
13 964
1 852
14 367
2 964
1 295
17 761
20 630
19 300
12 980
28 333
1 891
9 683
13 482
22 620
6 228
21 845
14 332
6 590
29 454
3 462
16 698
22 448
14 491
19 669
5 247
18 403
9 898
17 465
18 874
1 702
25 681
29 246
6 859
13 888
12 838
11 928
9 392
8 425
18 276
3 209
6 403
5 438
1 208
25 777
29 220
21 705
18 893
27 285
4 285
5 344
13 730
14 235
5 794
28 637
3 215
24 772
16 892
23 590
25 465
15 407
28 957
24 235
3 963
19 505
18 319
23 710
7 846
20 763
27 750
14 218
16 414
3 312
22 878
22 706
18 430
29 947
24 907
26 791
12 461
7 608
11 391
24 832
9 788
4 589
19 660
15 285
9 745
21 798
13 601
23 645
6 221
24 698
25 699
10 808
13 581
8 709
18 344
23 887
4 919
19 963
24 513
26 256
3 970
4 637
18 407
15 978
10 707
21 874
26 538
24 613
22 622
13 605
19 591
17 457
23 885
1 757
4 475
2 328
25 308
29 869
16 983
10 227
20 816
21 791
27 342
13 902
27 670
11 393
16 795
20 307
19 996
20 878
22 612
22 672
18 442
0 236
27 692
23 418
7 279
28 835
16 210
21 212
16 949
27 416
29 462
25 492
5 332
14 470
21 210
18 651
7 852
18 270
29 480
15 545
27 512
25 322
29 299
14 422
10 791
5 332
22 901
26 737
12 811
0 808
0 665
23 792
21 912
24 922
7 991
13 906
0 769
25 609
11 513
9 660
21 899
21 232
27 268
1 421
14 319
19 442
14 200
13 369
13 453
26 526
23 821
16 703
16 458
6 632
24 483
24 753
22 411
5 404
27 868
21 695
7 363
28 453
14 961
4 694
22 785
11 512
11 878
10 954
6 761
7 772
9 491
18 697
1 668
7 634
2 685
5 883
6 252
29 481
21 865
11 831
2 496
28 733
22 278
25 442
0 557
17 647
18 363
17 802
14 242
20 385
24 223
18 311
14 665
9 411
3 768
0 926
11 795
14 407
19 671
0 567
14 647
7 252
20 780
6 646
11 775
8 865
3 271
7 411
26 873
19 256
16 543
11 975
23 587
18 298
9 353
5 322
14 947
14 210
1 664
25 829
6 860
14 453
19 782
0 547
24 962
20 632
14 442
3 857
0 291
12 785
6 593
19 478
25 728
10 250
10 724
26 438
9 688
2 927
21 507
21 500
3 354
15 528
3 892
17 873
17 853
14 211
2 865
11 688
9 232
29 953
24 916
0 585
11 871
4 724
20 499
26 713
6 923
29 754
12 768
2 582
6 866
26 996
23 287
9 346
1 537
18 892
25 422
23 633
5 520
20 248
28 382
20 594
24 729
4 820
3 348
23 562
9 976
18 477
14 995
7 661
26 743
22 231
25 988
0 761
22 808
16 321
16 815
20 385
19 329
14 965
29 790
16 685
7 867
13 987
29 908
6 621
14 682
27 853
19 639
22 692
27 905
9 651
10 980
11 700
26 632
18 581
12 379
24 937
5 751
23 532
5 246
7 439
23 762
12 931
5 284
21 240
8 954
7 862
24 398
6 566
10 505
12 825
21 989
7 205
8 895
18 315
16 959
23 351
28 295
2 574
24 323
18 645
29 704
12 617
23 428
21 336
24 280
22 589
9 738
28 619
26 358
21 814
23 225
10 478
29 676
16 949
10 246
7 922
16 849
10 596
28 544
11 467
6 232
23 732
1 925
2 655
14 719
16 361
15 756
26 915
7 224
19 597
28 773
17 548
27 652
5 392
11 832
13 866
0 966
10 922
13 798
25 1000
23 861
17 401
11 869
4 449
12 489
2 474
1 676
13 901
8 932
26 934
2 259
8 235
26 846
24 800
3 440
2 648
11 702
1 692
0 841
26 302
4 513
17 263
2 753
9 622
6 338
3 350
2 594
14 575
7 241
13 495
19 729
4 607
25 595
10 969
11 436
2 534
7 228
23 273
6 580
3 832
3 946
28 486
16 964
17 840
4 974
6 649
4 430
7 553
1 846
12 211
28 923
13 401
7 301
12 493
16 689
2 653
4 651
15 236
9 423
29 354
25 927
15 580
28 921
21 368
5 790
12 245
26 631
10 418
7 999
2 538
8 678
24 529
0 677
5 531
27 897
10 424
17 511
1 490
3 690
25 336
4 605
2 909
0 932
22 450
23 781
11 597
27 443
15 597
9 814
13 418
19 734
9 586
6 998
5 921
8 467
2 271
27 433
10 497
13 956
1 270
2 377
14 642
1 675
9 449
16 385
29 939
12 940
23 495
29 316
11 641
7 730
4 528
13 983
26 473
18 649
28 761
20 355
27 823
17 530
6 288
5 557
4 710
10 812
10 328
13 661
14 585
19 427
21 506
29 795
21 384
10 431
3 553
16 495
14 923
13 409
2 333
2 592
