1000
17 830
1 466
6 859
26 498
22 468
28 713
19 588
23 442
24 352
24 955
19 862
14 745
0 666
9 581
11 561
18 867
15 759
6 964
26 926
23 276
17 409
10 584
10 809
29 974
16 427
25 678
28 594
9 564
1 498
0 951
5 941
3 585
11 675
6 288
17 740
25 418
21 286
18 793
17 238
17 812
13 886
13 554
20 929
10 756
18 942
21 977
20 729
20 255
29 865
5 897
16 362
11 270
11 918
8 317
22 243
8 445
16 671
11 639
21 309
1 578
11 492
0 509
22 618
28 688
1 830
15 305
22 800
13 438
9 721
15 795
27 547
13 852
1 323
22 896
7 839
29 335
20 808
1 853
28 978
21 730
5 892
7 841
24 812
10 926
1 539
15 621
28 638
13 966
23 962
0 658
14 679
29 535
18 223
15 966
20 296
15 315
17 443
3 452
17 366
11 389
14 839
11 718
20 396
8 538
5 888
5 433
15 811
25 919
23 626
7 717
4 324
2 840
15 974
20 680
6 551
14 284
7 241
10 492
23 630
9 694
8 298
14 839
1 764
23 553
1 731
5 876
2 780
22 277
13 858
13 962
14 980
4 412
13 262
19 374
18 812
0 276
25 952
4 298
28 591
2 424
24 804
22 469
13 319
3 705
15 244
26 284
19 732
13 324
16 581
3 448
10 991
6 357
25 282
21 673
26 856
8 780
27 758
13 370
5 414
28 470
7 729
5 877
23 771
29 296
10 549
2 973
11 984
24 995
20 721
1 760
27 842
21 976
13 637
20 591
16 524
13 686
4 736
5 889
15 959
27 951
25 770
24 911
3 578
12 860
9 628
14 797
19 480
2 307
23 230
23 220
7 496
6 387
12 647
3 614
21 613
7 434
26 660
28 523
2 700
23 618
11 435
8 645
14 671
24 224
2 362
1 434
29 653
11 314
27 767
6 695
11 664
1 689
24 263
17 634
3 846
20 265
2 544
28 830
23 268
18 208
25 977
0 670
20 974
14 562
11 712
5 650
3 825
19 455
10 865
16 311
2 220
9 528
3 978
10 603
10 427
27 243
16 688
26 202
20 361
23 932
24 790
9 974
16 308
24 942
15 447
0 680
12 408
15 392
29 236
10 742
17 551
29 258
5 547
0 719
18 591
25 463
28 888
23 961
13 449
12 797
24 690
5 625
24 736
12 323
23 970
23 769
1 622
14 558
4 858
24 591
1 404
20 392
24 948
21 412
4 715
11 826
22 271
13 460
10 739
20 786
21 653
20 511
25 927
5 257
20 375
14 858
11 693
4 885
14 452
8 332
25 895
16 354
2 388
11 359
7 926
11 925
2 933
5 349
9 962
3 992
20 374
20 848
26 531
6 392
14 259
2 706
16 860
26 255
3 254
21 311
20 912
26 861
26 252
9 584
0 551
20 768
20 859
5 628
22 341
6 891
16 255
23 584
9 588
3 718
4 348
0 400
16 219
15 200
20 963
22 378
21 355
5 732
27 964
15 827
14 315
12 805
23 813
9 793
7 637
28 283
9 990
4 611
2 323
27 385
19 714
9 593
19 839
19 475
16 701
23 837
11 994
0 748
4 788
1 222
17 818
19 528
10 490
16 235
15 963
19 919
27 790
11 543
4 508
5 717
10 295
4 385
21 323
4 949
7 503
6 356
0 941
8 321
2 251
12 798
13 668
29 712
7 485
13 508
19 970
9 585
26 376
6 280
13 983
9 603
21 988
18 687
25 985
7 585
0 696
12 749
12 234
15 343
12 363
14 464
20 683
29 395
12 650
3 810
23 707
1 346
25 305
13 493
13 497
7 546
25 967
11 563
11 965
11 660
15 228
5 547
21 678
19 509
11 363
8 395
4 712
23 849
9 728
23 723
5 696
18 851
29 719
8 397
16 232
10 718
23 604
0 223
8 569
22 765
24 616
0 270
28 934
11 596
21 671
0 895
17 793
24 924
12 561
24 590
16 970
16 619
20 524
17 727
28 396
2 407
26 383
1 906
15 369
10 392
14 656
7 966
29 972
21 734
24 875
21 785
1 449
21 913
14 970
13 509
10 292
19 790
26 387
21 412
26 728
15 928
7 470
11 510
15 267
8 702
22 764
20 768
3 468
6 225
3 925
29 847
28 913
8 212
29 298
10 585
9 202
20 331
21 948
22 395
1 495
2 646
8 638
11 426
26 709
23 397
1 803
5 493
11 247
18 881
13 653
25 903
17 849
26 913
4 817
18 578
22 345
10 341
24 542
9 744
10 264
10 497
21 684
11 655
7 663
2 475
23 574
12 284
21 816
29 651
26 363
25 908
20 677
22 375
21 744
4 748
20 838
22 892
24 391
28 595
9 600
19 629
6 660
26 226
3 889
12 547
18 459
6 226
6 719
29 545
9 890
2 631
29 459
18 762
6 962
17 454
29 757
9 510
27 541
14 359
6 741
20 997
14 385
3 525
26 413
6 324
3 268
2 495
2 241
8 490
12 506
19 892
2 972
5 454
10 314
29 707
13 739
7 791
17 563
29 366
17 927
21 232
13 540
20 402
28 551
7 825
8 409
28 795
8 876
7 972
4 523
10 226
16 285
12 840
18 706
3 456
3 647
13 840
20 497
9 838
11 813
28 224
5 973
25 968
7 578
19 486
24 350
19 450
19 483
28 374
17 441
4 873
21 467
13 341
13 441
4 226
27 779
1 440
8 964
26 319
23 848
21 457
10 342
1 542
4 693
19 579
18 932
14 871
5 538
5 265
27 664
6 295
22 945
21 613
19 723
19 221
29 487
29 788
17 736
18 226
10 593
17 854
26 669
18 314
19 441
11 786
23 917
14 494
18 489
0 849
25 451
18 760
7 901
15 523
27 492
16 637
16 767
20 707
20 448
3 760
14 383
15 891
10 724
22 289
15 575
23 657
12 989
16 505
15 738
7 925
17 799
6 818
11 243
8 906
13 889
8 572
8 277
6 276
10 530
28 861
3 312
15 591
17 782
21 452
23 535
17 235
15 888
16 1000
11 994
6 648
1 332
2 924
15 254
9 303
28 977
6 366
7 335
16 847
20 624
2 224
21 792
28 392
3 545
29 510
6 372
17 301
23 714
19 259
26 320
14 295
23 283
11 814
25 329
17 502
7 333
5 618
18 828
29 772
21 741
16 740
8 890
14 245
10 405
4 349
0 730
19 706
20 277
17 864
5 649
3 302
23 390
24 282
2 907
11 207
28 231
23 362
5 637
7 692
10 592
20 940
25 751
15 967
21 343
1 246
27 677
13 531
20 983
2 359
2 929
7 775
22 275
8 582
18 955
8 817
26 581
20 539
19 956
25 890
0 308
2 873
19 436
9 486
11 662
4 486
1 527
5 896
8 245
10 647
13 855
26 434
29 763
6 934
20 478
2 638
22 513
13 262
14 261
2 447
21 725
22 523
11 461
9 749
5 581
6 504
1 331
29 894
19 453
16 815
21 588
4 227
7 380
19 793
29 999
15 771
9 323
22 511
7 669
27 542
8 769
15 785
7 320
24 565
20 905
21 310
25 624
16 492
4 490
4 673
11 205
23 576
0 690
8 994
29 258
3 493
24 823
7 797
5 476
24 943
7 911
25 715
13 619
21 760
18 537
4 834
0 808
29 728
11 963
15 676
14 602
29 410
24 579
8 684
14 848
9 896
23 255
6 755
21 877
23 315
4 581
5 952
3 346
10 879
11 801
29 370
24 921
29 458
24 651
1 599
5 814
18 541
8 376
15 598
29 361
2 289
20 973
8 892
3 631
18 975
0 361
9 730
26 777
28 524
9 820
27 242
4 297
16 438
25 915
29 352
15 304
25 415
16 475
15 296
6 648
5 363
7 213
13 361
8 333
3 262
13 551
16 835
0 208
18 725
6 749
8 391
0 342
16 584
1 665
6 387
12 643
29 989
16 713
11 287
2 847
13 446
5 547
12 918
18 934
1 786
17 211
0 729
3 333
6 796
9 301
29 380
17 844
10 715
3 916
4 262
11 807
16 727
9 795
6 453
16 295
19 566
15 300
21 779
7 236
4 828
11 479
28 665
9 875
19 394
11 809
16 689
1 280
4 836
6 973
18 743
10 764
26 332
9 607
4 598
28 353
2 792
21 571
4 845
8 262
21 1000
18 840
17 672
22 542
26 203
14 558
23 232
9 912
3 656
17 741
4 926
13 911
11 565
10 821
2 930
3 436
16 409
11 948
23 478
5 980
20 527
29 911
15 611
29 867
14 595
0 420
2 729
23 906
1 251
3 406
14 977
0 565
24 331
23 662
23 687
22 797
11 632
8 668
23 832
0 379
0 424
28 473
24 462
3 838
19 779
16 579
5 646
15 930
19 965
16 948
8 542
5 526
18 648
28 573
17 686
6 281
23 706
25 647
12 686
13 736
24 697
4 607
6 727
0 254
11 810
20 879
20 677
19 273
4 748
19 927
21 619
6 291
20 513
2 277
2 972
3 720
21 203
11 244
16 776
24 613
7 976
