1000
7 846
20 634
26 350
15 238
18 984
23 228
7 728
13 964
10 846
9 492
26 361
13 413
22 531
9 633
12 999
19 586
16 656
8 932
20 250
17 893
15 773
24 414
20 767
9 376
20 962
5 795
26 959
1 597
9 845
7 678
29 658
4 811
0 922
8 841
8 783
25 676
25 508
5 701
21 738
28 224
7 507
27 513
14 716
14 488
22 900
21 708
3 723
7 347
11 503
2 919
18 941
20 975
25 257
9 752
17 541
12 892
7 584
4 951
1 961
19 285
25 886
10 499
9 489
1 698
0 422
10 534
1 564
26 372
12 453
22 945
7 220
14 261
22 421
17 973
27 433
21 987
1 457
7 774
20 539
13 307
3 769
28 216
5 733
10 744
21 851
28 302
12 472
13 523
2 499
28 829
2 782
4 997
3 200
5 754
12 677
13 559
19 609
7 377
14 649
17 818
2 309
28 902
0 403
25 235
13 704
25 409
19 867
21 250
18 972
8 267
1 450
28 767
12 752
7 831
3 756
8 898
16 309
3 679
28 522
16 310
17 321
8 352
27 984
25 493
27 627
4 545
23 543
21 548
24 431
27 268
10 387
19 276
13 477
21 641
29 876
6 245
23 588
7 371
1 717
5 748
7 734
28 419
14 607
8 289
28 326
26 475
1 386
5 339
21 732
29 327
0 310
12 761
3 722
14 934
24 275
5 326
27 986
28 788
12 304
28 220
23 577
7 436
20 711
12 428
3 261
9 220
6 710
19 272
6 484
11 728
17 788
21 824
0 552
26 435
3 778
20 480
2 536
28 681
4 515
19 717
12 541
19 388
28 897
19 558
6 290
13 859
27 759
3 946
19 724
9 291
0 524
14 996
19 991
22 605
12 681
18 968
26 712
9 775
6 350
2 291
13 988
9 206
28 944
15 372
12 909
7 445
22 412
27 258
19 671
28 850
24 370
7 644
26 593
15 742
1 321
0 868
28 909
6 794
29 991
9 432
5 218
13 809
26 219
11 947
23 724
10 744
23 584
23 932
0 236
29 308
0 769
21 259
13 841
18 210
3 881
17 501
15 367
17 595
2 809
17 759
17 255
27 549
4 850
13 703
4 419
18 708
26 411
9 260
6 243
28 352
26 406
15 893
23 940
7 547
15 513
10 814
9 976
26 744
23 884
14 808
7 402
6 628
5 420
24 963
11 954
3 321
14 949
24 656
18 735
10 965
28 485
24 297
29 928
7 408
18 309
19 559
21 453
1 431
6 704
17 759
14 909
17 699
26 375
20 722
24 790
11 386
14 521
17 375
6 996
19 685
9 653
29 824
24 918
0 452
3 537
18 759
25 322
6 208
6 853
4 231
8 504
27 533
29 960
21 873
11 480
25 687
18 487
28 759
20 636
15 905
9 438
11 601
29 363
2 552
8 836
24 739
11 319
12 721
20 587
12 338
1 681
28 620
14 510
5 552
14 631
14 884
10 412
21 493
28 723
2 465
24 207
25 992
28 538
0 921
14 895
1 989
2 347
10 392
19 228
23 298
22 797
29 445
18 489
1 938
25 629
24 588
6 634
8 703
11 904
26 873
4 850
17 971
8 964
11 521
7 280
5 459
14 817
14 578
24 972
25 240
5 594
9 431
11 303
26 350
24 669
5 877
9 311
28 847
13 547
2 697
6 693
16 654
20 816
23 540
23 683
12 731
6 617
8 360
10 474
24 291
29 390
21 354
2 385
5 530
20 380
26 856
2 775
7 576
12 324
13 983
14 549
22 807
17 959
19 375
19 434
11 420
10 795
15 595
7 631
1 721
26 314
25 905
27 818
16 734
17 946
21 296
0 556
9 887
15 583
22 308
20 881
21 993
16 592
26 555
3 899
1 885
4 889
2 299
13 966
21 741
6 834
17 718
14 519
8 239
10 951
7 993
16 541
15 418
15 858
21 612
26 883
2 921
28 551
13 868
14 765
2 440
6 292
5 395
29 874
9 491
2 868
18 268
3 611
22 859
20 782
7 772
10 625
27 225
0 941
18 489
24 212
22 985
28 897
15 979
24 961
10 498
26 426
13 735
13 749
14 286
15 959
11 397
1 430
9 555
28 691
11 522
15 475
0 618
26 813
4 462
0 459
1 541
7 673
22 420
1 733
2 785
25 504
17 994
5 942
14 833
22 604
29 538
18 308
28 648
20 909
17 906
25 271
17 428
24 447
28 283
22 543
0 234
3 565
28 668
11 298
28 644
15 695
13 263
11 988
16 269
26 440
23 434
7 786
17 402
4 731
25 601
25 841
3 435
19 784
25 708
15 857
7 897
4 919
4 880
29 972
4 790
26 977
13 978
17 782
25 503
25 506
26 224
15 593
26 482
22 469
16 237
16 284
5 896
1 454
18 457
12 757
17 290
25 573
4 264
26 563
25 980
15 203
13 649
5 843
6 781
4 815
5 313
0 904
7 240
2 853
1 217
14 890
25 745
27 526
1 857
1 579
29 645
14 590
17 977
13 418
5 646
8 391
4 889
28 789
12 505
23 243
17 654
28 489
17 223
16 232
26 871
22 547
20 493
25 320
8 858
13 429
25 375
3 931
20 510
29 960
23 628
5 639
17 439
20 795
2 757
14 832
17 836
9 938
29 316
29 522
26 594
11 512
10 459
11 372
7 747
10 876
17 278
21 523
22 338
17 686
8 252
4 884
20 790
19 518
10 891
14 560
18 602
12 579
19 670
13 329
1 444
22 677
2 703
15 226
22 215
8 401
18 848
29 258
5 379
23 600
18 918
22 370
19 502
23 904
7 748
18 777
18 549
11 761
4 311
13 546
24 677
14 813
2 777
3 483
2 271
0 266
5 863
14 605
24 772
3 772
22 693
29 883
9 519
18 496
7 583
29 905
8 386
5 668
14 829
7 665
3 892
10 555
29 484
17 217
6 877
12 332
13 983
7 473
15 497
12 710
10 324
17 892
2 275
28 808
5 867
10 322
6 658
8 832
0 294
11 888
27 200
10 763
6 943
19 788
0 972
18 435
4 749
24 759
12 271
8 307
12 466
19 660
20 999
16 595
26 270
11 667
19 227
15 843
8 400
16 221
13 683
13 516
24 845
10 808
3 564
12 812
14 659
28 668
15 318
11 342
1 712
14 664
16 646
5 272
29 660
1 209
21 640
11 657
7 617
19 912
26 585
24 469
24 758
22 273
15 716
29 553
2 889
0 996
28 952
23 219
13 917
15 360
2 842
10 231
6 839
11 476
29 749
9 951
27 442
17 372
25 236
24 886
9 390
5 217
3 229
20 994
1 702
20 230
5 971
27 361
27 386
17 832
20 235
12 307
22 441
28 220
1 585
9 465
22 519
23 650
0 635
21 809
15 257
6 227
25 311
25 687
24 571
12 829
24 634
26 425
4 729
18 384
20 854
27 376
28 208
0 493
8 421
12 593
3 969
9 244
23 472
19 254
0 933
6 448
14 463
25 380
11 562
26 628
3 278
5 998
3 433
25 979
27 537
11 331
13 941
21 623
5 718
21 219
2 553
16 595
0 645
24 787
23 957
14 523
28 785
26 863
9 961
13 829
18 472
8 205
23 454
8 855
26 470
0 832
23 559
10 608
22 355
20 459
5 879
25 951
13 857
7 331
29 303
26 873
0 380
6 773
23 333
1 607
20 756
11 747
6 317
21 248
11 591
20 208
2 323
9 833
11 870
13 505
13 380
10 357
0 649
23 544
16 389
23 221
24 829
3 532
26 517
1 386
11 576
13 418
2 923
6 943
2 284
14 641
1 922
18 302
23 595
28 353
9 866
27 244
16 988
7 541
16 461
21 323
3 527
5 806
24 952
5 683
19 363
2 492
13 460
29 272
18 984
19 217
3 949
3 568
6 239
22 220
27 741
20 224
0 341
18 934
4 771
9 595
18 898
8 513
0 202
7 391
24 313
0 357
25 927
24 286
10 912
13 658
16 648
13 827
17 247
20 674
11 762
26 768
26 793
26 673
14 513
26 217
2 604
28 734
12 398
13 826
14 770
9 351
24 471
23 685
28 338
15 855
0 917
26 927
2 635
21 783
25 846
20 627
11 758
10 619
12 994
28 204
21 246
29 620
6 938
21 897
28 464
26 207
25 419
7 800
16 627
10 825
4 240
18 276
18 518
21 759
27 829
14 887
1 831
17 732
10 489
29 439
14 244
3 870
6 404
13 700
1 954
10 387
4 471
5 789
29 441
7 625
15 348
27 679
6 363
9 412
23 259
2 759
20 481
21 384
14 888
16 667
22 946
18 926
21 472
3 446
0 843
28 324
1 417
1 716
4 542
28 599
18 440
1 205
20 914
22 523
28 381
0 245
23 624
3 360
1 222
27 224
25 724
14 836
29 969
18 839
13 959
22 300
17 344
12 331
12 877
14 552
26 931
22 459
0 544
14 264
11 918
12 739
13 576
7 714
9 632
26 605
20 391
28 257
11 437
0 997
28 671
9 504
15 746
23 539
27 759
18 663
19 744
