1000
13 336
18 884
23 459
24 265
3 535
9 672
28 618
24 626
22 234
25 341
7 392
10 871
28 567
15 654
17 347
21 589
17 987
27 201
9 319
0 467
28 549
0 562
12 862
28 580
2 700
6 824
3 827
29 812
25 660
20 808
12 435
13 624
1 393
15 655
8 424
24 367
0 930
8 594
17 879
28 392
6 289
29 475
16 262
3 878
25 910
28 245
9 764
3 253
27 379
22 757
2 658
16 408
26 238
15 508
29 765
13 722
5 568
21 564
18 415
21 674
4 413
10 635
28 337
15 433
3 408
10 732
14 796
8 574
17 550
28 637
24 283
22 213
16 599
28 595
5 222
16 337
15 742
9 253
16 962
25 209
1 914
12 392
23 754
2 876
9 699
10 646
1 677
15 225
6 766
5 544
13 807
15 300
26 861
12 249
16 247
28 612
12 341
1 663
22 628
8 413
13 999
12 676
23 459
2 360
15 426
10 741
1 901
3 383
7 571
10 870
15 449
4 916
1 351
9 609
5 289
2 679
3 695
11 938
22 536
29 330
17 768
12 556
24 438
0 313
21 530
24 977
27 650
23 637
5 437
10 533
17 898
4 573
21 352
29 788
10 820
8 897
10 558
19 773
24 251
12 589
11 327
15 591
7 245
17 225
7 649
6 338
12 578
7 726
7 416
22 363
4 941
16 499
5 254
29 330
27 257
11 588
10 456
4 668
27 584
29 420
6 833
12 939
14 615
6 988
1 937
2 505
2 207
10 719
24 733
12 286
23 262
18 415
5 248
11 375
28 496
20 495
19 808
12 240
10 845
10 430
14 952
22 745
2 980
16 855
20 242
14 636
19 914
3 510
0 872
20 857
14 989
29 200
9 871
16 229
27 817
4 592
5 223
7 561
2 807
13 988
3 464
1 973
19 582
13 250
12 541
6 434
6 459
13 444
18 457
14 379
28 310
5 448
12 457
9 311
21 996
5 211
3 286
27 346
27 933
3 682
26 709
15 423
14 982
4 845
23 712
21 762
18 522
0 722
27 537
23 923
17 680
24 918
20 979
28 228
9 402
22 611
13 424
10 398
6 895
29 780
27 740
28 767
16 417
5 995
2 474
16 439
4 402
14 445
5 765
18 521
6 777
15 674
17 362
29 317
25 873
26 648
18 371
8 356
28 589
15 716
2 822
19 338
27 469
22 863
27 761
6 758
8 686
19 286
2 660
14 968
8 440
14 500
21 814
19 797
5 536
15 811
4 553
19 264
1 501
15 343
10 299
6 330
29 556
13 402
29 454
7 378
3 226
13 953
20 736
25 542
23 302
7 748
21 595
7 646
7 329
25 490
1 939
3 774
25 881
11 605
1 554
15 292
18 728
23 932
22 956
5 373
21 267
12 645
0 610
27 808
19 587
20 670
22 914
10 390
5 310
29 922
1 357
29 253
6 395
9 257
1 522
15 925
7 401
9 675
12 793
9 635
15 490
26 644
15 818
25 305
23 508
26 379
20 759
1 616
29 685
10 208
23 441
17 241
28 262
7 690
27 399
25 323
17 924
26 726
12 385
7 220
20 922
7 389
16 672
20 272
0 697
8 430
1 971
0 368
16 897
22 609
18 975
12 299
9 325
16 291
27 747
2 533
16 672
5 793
28 522
1 652
1 912
18 606
24 673
11 720
23 514
28 646
22 622
1 537
1 753
15 495
3 348
19 247
17 491
13 590
16 534
20 358
27 553
4 896
21 529
25 735
24 335
13 230
9 342
18 753
6 621
11 783
22 774
19 602
13 541
9 984
23 793
10 658
0 222
2 231
19 294
10 855
1 658
16 293
20 325
16 412
19 517
27 782
28 789
28 737
21 932
10 615
1 377
28 874
14 495
15 667
10 262
18 902
21 348
13 376
19 649
14 766
13 699
11 406
5 273
5 644
24 783
20 281
0 688
25 949
22 692
5 998
10 414
7 493
7 895
2 542
1 436
18 408
5 284
13 831
8 236
21 551
7 734
21 495
16 303
16 766
14 584
16 446
6 784
1 684
10 241
6 364
14 614
26 705
8 944
12 487
6 714
5 779
28 997
24 762
10 968
28 930
24 367
4 596
19 294
22 395
22 919
1 482
18 538
10 262
9 889
17 311
9 782
27 713
29 698
14 753
0 572
6 946
7 646
8 710
10 732
19 777
0 898
22 225
0 234
3 971
16 479
15 698
10 667
11 262
28 488
25 637
28 988
18 395
14 365
13 845
5 372
9 938
6 791
8 710
28 316
20 405
6 622
10 352
17 281
29 447
26 458
14 882
26 411
28 743
9 964
4 260
0 489
0 869
10 371
22 976
19 531
26 442
29 655
15 344
27 444
9 514
25 506
9 711
12 319
28 773
23 297
2 318
19 971
9 307
15 864
1 853
26 424
5 676
21 744
14 462
17 445
9 399
21 626
5 727
21 449
19 544
14 234
27 772
0 601
24 658
15 656
19 857
0 667
10 365
6 921
6 685
8 712
16 379
4 937
27 314
18 450
10 608
7 823
23 552
6 525
28 269
17 594
18 319
1 248
4 350
28 580
1 280
5 860
4 403
7 815
16 347
28 447
14 327
0 992
15 992
11 647
14 204
27 760
7 890
9 979
10 321
21 860
4 452
4 538
14 490
29 946
22 569
6 911
11 436
27 753
17 755
8 775
28 502
13 918
24 579
19 684
14 990
8 214
23 455
1 272
20 317
1 454
18 867
21 454
13 912
7 565
11 669
19 726
28 643
25 871
7 420
21 435
29 379
5 850
19 381
17 791
26 992
24 525
5 732
14 690
1 751
19 215
8 666
27 904
13 849
7 736
27 409
1 489
9 980
29 850
12 247
23 666
15 295
25 500
17 795
3 835
29 215
9 972
14 503
6 784
29 297
19 760
14 899
18 795
6 430
12 593
6 659
15 573
4 976
11 833
24 453
8 395
14 351
25 256
28 325
14 236
20 552
28 731
15 216
29 524
7 285
20 254
22 948
13 851
23 707
28 508
18 822
12 450
6 571
23 928
22 362
2 798
27 991
23 545
18 577
1 711
17 221
26 321
19 862
25 813
11 517
7 556
12 912
18 243
20 844
23 657
6 493
22 218
4 678
11 372
6 525
9 999
26 852
23 202
22 260
28 416
12 772
16 682
22 616
5 327
18 443
5 296
5 556
7 262
5 571
15 805
11 813
13 296
16 826
9 291
13 496
18 276
11 765
19 691
5 738
9 874
8 819
24 762
17 666
21 783
15 726
21 282
15 391
7 965
0 970
28 390
17 693
22 749
24 718
19 708
10 567
15 785
13 868
28 416
5 778
20 389
18 847
0 618
21 465
18 466
1 895
12 482
15 652
3 433
28 747
11 960
27 540
19 814
9 620
15 987
26 800
13 840
8 663
1 210
0 530
13 215
23 671
28 973
12 406
23 242
9 510
27 794
28 748
20 470
7 810
23 893
18 795
18 871
17 326
2 608
14 481
16 806
5 224
20 798
0 409
14 569
1 564
5 838
9 637
13 670
11 683
16 420
9 859
2 913
24 513
17 528
12 476
2 742
2 683
23 912
17 932
23 997
12 305
1 423
18 957
4 416
21 346
2 201
27 953
6 461
2 244
0 299
12 606
17 273
18 538
11 454
17 455
13 748
23 931
20 339
19 305
5 343
9 574
15 256
1 217
10 326
11 930
0 835
17 880
26 228
3 887
27 533
8 915
13 357
20 278
21 210
21 544
29 398
9 636
1 383
28 885
12 774
11 638
27 422
15 866
7 701
1 671
22 663
15 679
1 780
6 758
14 532
15 338
4 645
25 951
6 245
6 961
14 584
27 510
13 564
2 275
25 936
7 252
12 797
7 702
7 455
15 984
3 410
13 861
25 964
0 556
20 340
27 221
12 466
14 806
14 450
2 493
5 282
28 897
17 987
9 310
18 729
16 274
1 377
3 908
15 830
19 856
24 604
2 432
0 468
21 743
21 539
19 234
8 808
28 877
14 568
5 617
20 853
27 784
18 264
8 376
16 550
14 968
29 789
29 234
10 290
9 215
21 896
24 254
4 652
27 439
7 231
3 564
0 925
14 886
7 775
26 882
12 985
2 414
13 671
12 259
23 748
29 537
14 684
7 244
8 785
27 710
13 521
28 309
29 331
20 698
14 301
15 953
20 339
4 674
19 558
2 918
21 877
17 734
7 869
7 494
20 201
13 227
20 443
19 983
28 914
25 818
15 918
5 453
10 929
19 569
15 230
18 656
26 266
27 297
6 740
25 874
26 492
28 761
14 410
0 378
11 201
19 684
10 432
27 394
29 981
3 282
12 958
9 379
8 917
20 944
11 779
29 958
6 882
17 255
23 385
10 231
5 585
13 235
11 626
1 593
3 647
25 543
13 587
9 839
4 504
20 779
22 853
29 360
2 762
19 629
27 807
8 671
5 807
0 340
14 670
24 679
2 273
25 392
4 811
4 631
22 394
19 465
4 905
3 646
29 681
12 315
17 846
13 378
