1000
21 429
17 936
12 590
25 559
21 260
17 978
23 600
28 676
19 752
27 238
3 340
26 495
9 658
22 495
15 446
13 791
16 689
7 613
29 222
18 537
10 747
22 730
3 572
29 200
8 258
6 410
19 375
19 510
12 872
4 395
29 265
26 658
29 903
18 572
10 888
16 542
19 641
14 719
6 310
25 617
25 496
9 238
23 262
4 597
8 853
19 310
15 720
7 992
14 640
5 653
22 340
27 744
6 253
22 399
23 770
15 807
12 910
18 399
20 690
4 998
1 301
20 972
8 309
27 224
1 873
29 441
3 337
26 797
9 856
18 489
5 741
19 538
12 543
27 982
8 448
6 839
17 840
25 664
19 497
9 274
26 873
4 344
8 751
18 328
14 998
23 607
3 848
25 257
10 621
22 435
11 235
15 688
17 424
18 295
7 472
17 510
12 915
10 568
18 595
22 541
26 381
17 919
17 854
1 397
26 306
25 810
4 245
23 620
28 395
26 851
10 986
11 408
21 706
17 827
22 556
4 712
23 804
17 445
2 459
12 245
18 721
21 843
21 685
29 617
3 935
12 695
20 889
14 931
20 224
25 724
15 473
6 833
26 653
16 361
15 639
29 309
22 941
27 726
7 836
5 531
23 657
10 636
29 862
24 886
15 978
22 696
23 942
3 635
11 466
16 1000
21 657
19 981
17 989
0 568
1 464
12 607
10 901
3 413
14 336
23 725
25 543
10 389
8 526
20 521
9 214
21 923
24 767
13 250
22 594
3 726
13 656
12 882
12 519
9 947
27 660
9 448
12 523
4 248
23 823
4 936
22 220
9 748
26 680
23 853
8 654
16 289
13 902
15 346
24 233
25 905
21 996
27 844
5 949
14 870
16 483
27 648
20 649
13 365
1 979
24 305
24 549
1 417
2 768
21 730
7 672
7 876
26 900
29 584
20 783
21 535
16 393
26 849
22 260
21 236
9 624
2 272
5 593
21 317
2 739
9 482
4 774
13 857
29 802
20 433
19 270
14 525
25 933
29 389
1 665
24 367
28 631
19 629
21 381
8 517
3 421
15 835
6 674
8 677
0 849
15 604
23 574
0 237
23 732
4 292
0 686
10 752
7 934
25 310
24 732
2 470
6 939
1 570
14 992
26 500
15 396
22 590
14 668
26 948
27 201
16 281
12 451
10 273
9 358
8 325
21 949
6 583
19 291
16 455
19 512
20 558
6 540
3 227
2 456
20 359
13 729
1 713
0 589
14 529
27 544
22 207
20 444
18 298
28 819
18 532
24 349
4 455
28 417
4 810
26 418
28 658
10 644
23 296
27 387
21 837
14 671
28 259
19 493
13 364
24 632
27 781
24 212
2 524
26 676
24 849
28 762
15 393
21 721
1 888
18 728
7 592
12 424
24 706
27 647
14 880
15 650
16 907
0 408
12 383
27 724
23 348
0 580
19 307
9 216
0 872
12 602
14 201
27 371
16 408
6 473
3 561
20 630
20 489
22 502
29 590
14 276
4 872
15 522
25 831
19 342
5 835
6 600
26 203
8 405
18 569
2 605
20 340
5 657
10 866
5 500
29 927
1 290
11 725
10 868
20 213
18 819
10 314
24 517
2 735
20 908
14 372
21 890
21 536
15 514
14 891
9 344
10 247
16 275
14 863
14 677
20 952
2 857
18 288
15 935
18 841
10 1000
3 509
23 795
18 968
26 711
27 379
13 539
14 385
22 921
3 607
24 572
6 237
13 448
21 948
18 400
16 535
13 321
19 637
13 819
4 888
3 922
9 906
10 770
24 945
5 555
12 324
3 780
17 622
14 564
29 761
2 222
26 439
25 543
27 466
26 470
19 962
6 654
20 704
6 933
19 620
9 894
25 306
10 794
25 422
2 273
2 410
14 225
13 765
1 903
7 441
19 979
21 965
3 578
26 546
10 202
0 361
28 633
13 421
1 360
9 443
15 799
15 738
3 890
23 809
11 978
19 338
0 859
11 848
18 211
18 674
5 956
14 452
3 803
10 791
1 944
10 767
20 305
27 728
19 265
24 429
20 215
25 358
13 235
16 849
19 214
10 560
13 654
8 864
26 357
10 241
16 884
24 778
17 776
22 651
25 541
25 308
6 477
8 988
25 955
0 276
7 926
25 240
1 966
23 777
13 964
0 521
2 284
23 621
24 787
21 498
4 470
16 784
25 709
17 814
19 599
22 650
1 723
14 416
16 242
15 521
3 874
8 424
23 744
22 526
10 862
11 528
12 306
13 987
13 405
19 376
1 442
14 364
6 957
28 678
19 437
24 559
15 336
29 689
29 965
8 688
7 567
4 632
21 400
8 964
25 948
17 722
11 922
28 229
1 291
6 950
15 706
12 317
6 310
24 506
14 924
10 830
29 599
29 688
0 429
21 753
14 568
25 675
27 428
1 458
11 443
21 782
29 834
24 438
7 854
14 1000
21 963
22 804
1 954
2 820
28 642
29 290
9 288
10 268
9 706
15 757
2 689
26 555
14 470
3 501
23 384
2 243
12 457
24 833
25 925
13 605
24 790
4 267
15 446
26 532
26 445
12 871
12 770
21 819
29 508
3 385
12 788
12 409
25 331
6 486
3 323
8 415
6 325
22 558
17 238
3 823
17 296
22 296
4 449
5 257
17 603
22 582
24 314
24 970
27 593
19 299
7 832
15 732
1 653
4 721
19 941
16 913
15 404
26 740
22 272
11 533
0 348
7 540
20 632
4 280
2 563
16 541
17 316
12 992
2 995
1 591
5 884
13 447
28 707
0 684
22 793
27 903
11 518
15 591
6 332
27 657
17 813
10 200
0 599
13 272
12 427
8 771
28 652
14 829
10 222
3 444
4 381
14 929
22 726
29 436
24 836
14 704
10 603
29 696
17 874
8 683
19 883
28 583
10 804
20 882
14 875
8 974
20 600
3 579
24 895
24 708
2 933
25 778
6 250
19 982
0 602
6 565
25 825
2 687
21 451
10 824
12 729
10 479
24 338
20 544
29 790
21 298
17 979
18 769
25 487
19 230
9 305
11 635
14 609
24 729
27 335
26 282
24 461
26 701
6 835
0 904
8 235
7 706
28 504
0 278
6 614
25 831
27 850
25 675
5 582
5 836
0 895
1 937
20 838
15 363
23 905
14 874
10 925
25 743
13 908
17 888
12 228
28 832
2 345
1 947
0 501
16 692
16 564
12 443
12 881
13 316
0 987
13 513
9 592
27 797
26 704
14 841
26 233
25 909
25 516
29 203
27 616
20 900
12 916
6 873
26 673
16 673
26 242
27 736
24 522
21 516
10 283
3 221
16 388
16 489
19 959
19 994
7 879
27 728
4 982
28 602
15 236
26 463
5 905
16 522
25 496
25 774
22 530
6 635
27 823
28 839
9 442
2 392
18 703
1 523
20 901
21 752
24 655
23 585
2 897
1 778
29 307
9 286
8 755
28 499
13 822
19 233
1 672
13 811
28 330
21 888
21 385
13 828
6 364
28 501
8 481
2 425
3 890
20 597
10 984
24 384
26 703
25 688
11 329
16 641
25 994
21 438
15 382
24 584
2 351
24 943
3 544
6 652
10 461
19 343
24 501
18 603
5 578
23 932
3 579
14 261
22 991
21 321
23 707
11 260
9 434
25 774
20 483
9 416
19 829
27 652
7 413
9 776
24 843
12 964
12 346
9 932
20 473
16 490
3 283
18 881
26 207
28 721
19 802
23 945
5 478
24 976
27 880
23 426
6 971
20 412
26 295
19 231
13 548
20 861
25 786
14 939
23 611
23 429
17 742
14 603
23 508
18 501
13 993
2 960
21 707
24 292
22 211
2 242
17 570
21 465
18 790
1 378
14 951
0 371
27 208
19 512
29 326
10 244
24 242
10 657
22 445
7 445
29 238
27 701
25 489
1 401
0 976
4 949
29 839
16 814
28 391
0 682
18 648
8 658
2 784
8 973
13 857
0 235
21 262
19 460
27 380
9 211
12 327
1 634
17 334
14 489
8 522
24 592
9 217
16 666
25 285
18 972
21 593
25 447
20 210
18 780
11 296
0 697
24 933
9 665
20 235
28 267
27 386
27 961
13 879
7 774
21 486
7 893
27 338
19 434
9 671
6 755
13 862
9 878
13 267
29 723
16 474
20 498
8 702
23 420
19 357
23 889
12 306
15 653
20 272
8 727
0 607
0 890
10 938
27 534
22 839
26 829
9 698
3 979
19 698
8 748
26 832
6 580
26 425
25 311
18 904
6 461
13 875
11 893
16 779
12 771
12 902
6 521
13 220
9 294
15 455
2 653
11 711
1 380
4 912
3 609
24 780
3 990
11 433
22 408
3 872
18 751
10 346
27 582
20 385
19 564
27 663
4 729
17 558
23 821
10 888
18 796
18 693
0 495
0 372
28 362
9 675
23 767
8 993
16 657
25 294
26 510
0 824
29 602
27 932
10 693
29 404
16 710
21 600
28 290
29 657
20 377
19 757
27 879
21 590
23 581
