1000
26 758
26 650
22 701
28 514
7 579
20 700
27 342
1 948
23 726
8 723
17 879
15 598
3 737
19 957
4 761
10 836
18 574
7 807
6 512
25 824
29 397
10 256
11 961
26 204
29 629
5 329
14 322
1 394
3 971
5 677
29 769
28 781
20 968
26 269
5 753
4 208
20 954
1 688
2 307
20 724
25 987
9 842
15 708
2 678
4 939
23 352
1 991
11 744
2 569
21 675
18 414
24 414
12 606
14 535
9 965
17 409
28 728
1 884
0 967
15 658
3 511
4 798
21 604
2 508
26 943
4 381
28 448
26 475
4 1000
19 410
18 919
14 738
11 552
28 904
13 599
23 295
14 293
23 344
22 774
16 925
1 326
21 749
17 875
27 869
11 557
8 230
14 387
26 853
10 970
29 356
26 842
13 676
27 233
9 208
15 797
15 898
27 365
18 390
10 560
14 243
13 652
0 484
16 757
19 502
27 381
17 901
19 384
27 558
20 938
20 258
11 758
24 229
16 920
16 708
7 804
18 915
23 205
17 776
15 323
16 990
10 776
14 864
22 928
18 859
8 677
29 421
0 879
11 725
8 411
11 873
11 254
25 501
6 455
24 600
21 727
3 753
11 693
7 358
20 833
20 494
19 437
23 295
24 954
20 815
29 483
11 493
16 250
18 332
24 728
5 641
26 667
3 987
21 895
13 609
13 487
4 530
12 840
6 662
0 522
5 864
15 418
27 407
18 205
27 227
26 546
26 481
5 286
27 610
0 785
21 938
23 619
6 466
9 770
4 981
28 221
7 791
20 703
13 396
2 714
9 786
21 471
6 798
5 851
29 750
24 891
19 902
11 478
7 736
7 390
14 609
29 232
0 373
2 666
12 531
21 727
17 341
17 758
16 720
26 610
8 782
20 871
11 968
18 921
21 621
16 329
23 780
13 611
16 420
15 538
5 772
25 988
29 867
25 266
26 347
20 895
10 329
26 412
29 670
28 347
22 278
5 363
14 741
13 639
12 917
18 988
19 662
3 421
7 388
17 281
23 897
27 390
11 356
25 210
18 570
19 961
0 895
13 665
17 283
13 754
13 303
3 295
13 798
15 478
14 650
23 670
4 637
25 349
7 311
8 357
27 305
1 554
13 856
18 591
20 352
26 938
2 200
1 279
9 600
9 614
16 682
21 416
6 630
6 513
11 887
17 636
2 447
18 433
7 982
21 205
14 562
2 332
24 427
25 566
12 391
14 785
4 277
9 793
29 544
16 530
18 402
1 265
3 506
9 241
25 699
14 592
0 441
14 781
13 528
29 592
14 842
18 263
0 710
2 818
12 953
23 503
8 343
0 926
16 355
25 357
28 467
2 834
17 276
24 952
24 332
6 520
11 338
13 542
17 863
0 271
11 490
18 486
27 588
7 479
13 807
7 577
3 480
4 412
0 646
13 463
8 384
10 670
25 793
11 484
4 294
20 817
8 311
4 985
18 658
15 652
12 936
5 500
5 690
4 237
26 788
1 582
2 473
3 441
10 228
4 975
12 416
20 438
9 924
20 371
22 790
3 671
24 671
10 282
18 567
0 603
7 971
26 394
11 428
18 504
25 815
14 227
22 331
20 242
20 355
2 311
23 838
29 856
27 380
20 465
20 779
12 923
1 895
17 733
20 983
25 830
21 796
11 496
10 711
11 948
25 884
11 421
19 805
14 963
1 607
18 636
5 385
19 950
3 650
3 506
4 210
1 761
1 416
21 453
8 255
20 661
11 318
23 640
8 969
3 713
2 346
11 409
18 531
14 950
26 833
19 655
22 997
13 568
25 249
23 989
13 879
5 391
27 780
5 353
20 740
0 813
9 461
28 558
18 870
24 313
11 924
19 918
1 824
25 547
9 956
16 684
24 647
11 439
17 714
29 742
29 259
29 457
7 875
23 539
11 249
9 701
29 674
27 315
3 214
9 800
17 968
22 988
4 513
29 424
6 965
3 360
15 473
21 824
21 335
19 275
29 820
10 711
9 397
1 921
10 363
5 831
17 937
20 331
9 708
14 254
0 320
1 730
13 585
24 337
9 464
3 327
13 558
17 277
5 741
17 868
1 482
14 285
16 246
19 711
10 261
15 617
3 330
25 941
20 765
20 883
4 422
19 689
0 754
0 593
27 499
20 902
7 265
13 611
8 462
13 527
23 681
14 542
9 962
1 250
4 600
24 701
29 392
11 487
13 516
17 905
10 313
29 479
5 289
0 770
13 202
12 955
28 394
12 963
19 695
28 409
5 583
1 993
20 359
25 221
9 265
4 999
26 285
19 473
19 972
15 972
24 558
15 206
21 396
0 884
23 649
17 451
10 481
15 949
8 331
27 387
20 453
17 846
23 977
22 799
27 332
3 347
23 696
25 320
0 608
4 722
1 532
10 640
15 708
28 523
19 569
18 837
9 753
3 340
12 861
10 853
29 440
28 547
7 415
6 405
28 468
25 558
5 448
3 499
10 864
7 525
15 664
27 268
5 542
25 468
4 227
22 529
13 552
23 988
17 976
5 252
17 898
15 559
23 875
28 548
25 930
27 712
21 681
13 553
12 545
25 622
29 431
0 936
11 627
5 387
1 364
12 809
3 530
26 417
3 476
4 987
13 414
11 455
17 818
24 293
22 516
0 954
19 317
16 681
29 278
10 491
21 202
25 429
14 433
7 204
24 327
3 335
22 980
7 704
23 309
6 853
4 766
26 626
9 512
1 837
5 265
0 735
7 290
15 253
0 362
26 538
5 848
8 741
23 891
21 247
0 344
24 491
6 493
18 991
4 281
19 520
27 426
13 238
8 878
5 580
16 951
1 933
28 406
4 212
20 338
22 955
17 964
10 972
13 423
2 511
12 995
5 832
28 420
5 376
21 574
12 948
4 917
17 213
17 477
3 667
22 384
15 414
13 275
1 782
9 583
10 507
8 555
13 344
28 534
21 261
18 916
0 1000
8 542
12 589
5 945
3 708
24 894
18 486
2 809
24 566
11 717
27 606
26 240
19 470
10 416
20 857
26 553
24 769
19 931
23 345
9 828
23 351
20 587
18 322
1 744
16 402
20 733
20 260
27 215
24 229
16 804
2 540
5 387
17 861
14 803
2 379
20 351
27 390
10 968
16 225
26 438
26 973
19 544
2 649
7 247
6 242
29 994
19 514
15 534
22 958
13 484
5 662
27 866
5 473
15 916
17 345
24 889
3 818
23 429
18 524
8 914
9 875
5 698
2 537
9 699
5 270
3 203
6 221
29 514
8 233
5 722
10 588
26 312
1 520
13 719
24 274
26 211
8 917
19 987
10 378
20 816
3 669
11 270
24 497
16 475
20 798
8 666
15 903
5 595
18 367
11 542
16 609
18 545
16 640
0 247
18 519
25 339
24 836
19 541
21 480
26 266
10 884
3 242
6 230
29 506
24 301
4 974
11 256
11 596
3 450
4 980
3 292
29 998
16 363
16 225
9 635
1 364
7 543
17 542
25 842
13 240
7 895
0 680
19 701
4 790
1 436
12 272
13 269
25 962
18 597
0 369
29 259
5 655
22 871
27 981
4 689
23 972
12 391
20 950
4 324
27 963
10 717
21 466
29 274
0 493
0 785
9 700
18 306
11 603
1 708
8 560
15 946
8 333
29 678
10 277
2 850
11 261
5 572
1 889
5 466
23 814
1 556
28 585
27 922
26 808
18 381
17 673
16 254
21 331
3 335
18 331
10 609
5 394
7 366
2 420
9 314
3 586
4 678
9 677
24 490
24 749
8 716
11 603
16 345
24 588
25 629
24 557
22 224
14 243
28 656
5 659
3 709
6 523
2 448
24 962
1 223
7 736
18 519
13 464
19 839
15 665
3 637
7 370
2 908
11 911
27 768
24 613
19 407
2 254
14 514
20 814
1 681
16 613
13 885
29 728
23 722
5 644
25 569
4 469
5 641
7 909
28 590
15 865
24 874
17 558
22 532
26 550
4 342
0 883
15 547
13 223
11 450
22 714
16 813
8 689
2 607
10 285
19 233
15 973
25 532
28 214
22 647
13 698
17 660
25 643
16 224
7 358
28 937
5 698
22 965
3 521
11 980
4 933
9 708
8 428
21 647
20 538
23 658
21 629
18 711
22 623
1 402
13 581
18 315
7 626
11 952
15 700
5 838
16 928
19 811
22 451
1 999
18 544
12 239
11 927
24 690
4 506
1 988
14 813
16 888
29 269
6 687
16 206
15 354
28 557
0 455
6 338
23 698
10 794
4 990
22 467
16 989
20 743
26 480
19 629
19 962
26 575
4 383
8 382
6 397
10 493
11 287
21 770
6 711
9 283
8 201
9 254
24 603
9 903
28 967
0 739
5 245
23 923
23 354
7 867
7 924
11 853
15 288
24 484
0 610
11 405
4 331
19 667
28 404
17 911
21 784
15 740
10 543
8 428
2 359
26 436
9 364
16 429
22 881
15 327
14 893
27 387
20 849
3 220
18 671
16 713
7 340
28 552
