1000
1 383
11 850
22 947
18 927
9 321
8 855
8 469
23 931
29 954
26 270
25 985
27 699
11 260
17 778
13 883
22 742
1 335
9 458
4 902
9 607
24 216
5 953
18 667
23 428
3 695
10 664
0 569
1 697
27 350
19 256
27 345
15 622
6 687
12 962
26 519
6 617
19 349
7 861
3 303
17 218
5 981
29 424
13 360
21 704
1 963
12 375
28 415
27 499
28 690
28 498
16 540
6 655
13 844
8 417
28 573
20 846
29 280
7 732
0 738
16 398
14 685
27 998
15 657
18 674
14 448
2 291
29 886
16 643
5 385
20 829
12 811
12 830
10 924
10 469
14 531
25 811
19 215
25 845
0 595
26 525
26 208
8 877
29 689
10 564
28 735
11 449
3 385
21 711
25 779
12 908
7 433
5 920
13 553
21 348
28 316
7 536
16 816
6 613
15 436
4 584
24 612
23 670
26 882
29 791
18 439
3 434
17 310
25 278
2 488
14 224
24 608
8 512
23 426
11 471
8 379
6 930
14 868
6 460
19 981
23 654
14 293
6 448
6 372
3 959
10 255
17 866
11 793
27 439
9 313
11 745
9 456
14 569
15 733
5 555
10 574
21 450
5 950
14 634
29 569
17 447
24 315
7 316
17 416
11 992
22 447
13 382
26 909
11 655
10 965
29 887
9 613
17 423
16 352
21 468
3 796
2 766
6 211
13 334
4 438
14 999
9 609
14 346
2 746
26 612
6 315
6 662
26 790
7 907
23 570
24 539
10 364
15 331
5 419
16 482
29 438
24 300
27 613
8 511
16 961
1 748
12 899
25 360
21 807
1 623
20 487
10 751
0 562
14 817
1 667
12 375
28 625
17 784
11 314
25 656
14 593
2 206
18 583
28 391
19 505
3 335
27 422
18 458
12 449
12 288
3 990
2 864
23 690
9 391
11 860
3 837
16 679
2 290
7 965
27 838
25 465
17 535
12 844
8 945
6 229
23 652
8 702
20 571
21 683
4 257
14 631
6 720
24 309
8 317
23 976
4 480
4 278
10 224
26 425
19 601
27 420
0 617
9 202
10 937
1 952
7 299
14 899
23 696
7 339
26 656
26 584
4 218
26 615
11 555
7 775
6 534
21 808
27 321
19 348
1 898
19 542
29 548
4 864
18 810
28 270
20 572
16 958
15 694
17 305
0 345
11 742
9 620
4 360
6 344
7 216
19 620
26 714
1 855
3 512
17 501
12 427
23 508
5 871
9 737
13 762
26 202
10 582
3 527
3 240
6 663
5 901
26 335
18 830
2 460
4 339
25 283
4 445
5 911
21 349
8 627
16 534
20 736
11 215
8 568
18 294
27 403
4 342
24 529
20 516
18 655
11 842
9 340
0 893
25 883
25 215
18 827
12 574
15 231
1 471
3 949
22 424
5 635
6 896
29 804
14 405
12 967
29 562
26 956
5 669
20 994
22 359
5 518
23 281
2 867
21 924
16 894
14 978
29 724
28 705
4 766
29 572
2 855
26 333
3 955
3 473
18 492
10 472
10 374
25 335
2 223
13 213
20 854
19 269
26 534
7 327
19 222
3 585
18 495
19 264
13 929
14 868
19 681
3 358
9 243
2 813
27 334
2 212
21 626
21 738
21 750
20 604
14 417
8 690
22 790
8 452
12 515
27 743
9 860
16 710
22 397
3 998
25 730
24 334
4 953
17 734
25 208
25 266
27 900
4 712
28 648
1 415
2 536
10 209
28 814
14 989
13 538
21 710
14 836
21 518
22 588
27 581
21 866
12 586
5 461
29 656
15 577
12 675
8 936
28 745
20 544
8 415
17 235
17 397
13 739
1 870
9 879
3 808
18 621
25 394
22 310
29 266
10 700
15 749
16 907
18 842
17 770
3 205
22 781
20 756
11 958
28 240
7 589
2 254
3 674
17 640
14 760
9 250
11 824
22 865
21 593
3 732
25 302
0 823
10 408
7 850
0 845
15 506
25 331
12 961
3 330
23 377
21 657
20 879
1 327
2 329
28 939
26 504
29 736
7 286
21 212
26 411
29 635
6 658
28 508
3 435
5 521
7 764
6 961
24 846
10 772
27 244
20 715
28 329
15 248
10 392
23 469
21 748
21 361
20 551
24 230
13 394
10 571
27 371
14 284
18 465
1 343
0 545
0 432
12 811
18 259
10 642
23 535
28 674
3 207
14 400
23 228
27 645
15 534
16 808
24 573
23 728
7 902
27 898
10 729
28 988
0 737
2 795
14 389
7 602
21 433
12 689
6 479
20 561
1 809
24 558
21 396
13 891
27 228
6 964
5 495
12 985
2 959
8 376
29 650
17 254
29 870
24 493
22 276
4 395
19 494
9 796
22 667
14 465
12 261
0 929
12 456
13 606
16 522
0 654
3 329
25 270
21 238
9 819
6 543
14 636
0 613
11 532
25 787
11 426
23 718
19 755
12 527
12 433
12 773
18 406
17 798
6 274
15 593
9 466
23 883
1 564
2 589
7 345
15 950
15 287
4 724
12 308
13 497
19 312
0 605
17 700
12 836
29 474
3 745
27 937
20 584
16 378
17 217
19 674
17 302
15 731
14 841
17 727
6 437
0 570
20 306
8 571
4 400
0 873
25 824
13 286
15 342
22 576
6 219
29 577
7 824
0 796
21 373
14 931
17 792
28 769
4 294
8 327
8 857
12 652
18 716
17 276
2 469
10 677
20 255
16 789
25 788
17 948
17 907
25 860
24 888
23 710
11 872
16 725
2 891
27 958
16 851
6 356
0 992
0 840
17 555
12 531
17 897
10 780
13 671
19 234
1 367
0 229
11 593
19 436
14 446
29 390
23 767
6 420
9 967
1 485
29 212
24 701
21 824
4 207
20 373
12 946
5 517
26 468
29 976
5 737
12 590
6 902
19 531
22 777
24 594
29 464
9 588
0 302
15 785
1 333
0 339
11 880
9 622
27 385
5 473
7 309
19 339
14 642
16 652
10 430
10 411
19 420
8 498
22 523
13 785
14 223
29 967
24 990
24 537
21 637
8 407
13 286
28 412
17 650
21 622
3 784
11 281
9 715
24 461
2 406
17 895
2 318
6 733
24 247
29 342
11 477
25 412
0 295
15 879
29 302
15 643
21 321
9 535
25 606
18 482
9 330
26 297
6 306
4 275
5 363
20 849
28 357
7 867
24 823
10 304
27 627
9 315
4 229
1 995
27 461
22 712
28 513
2 752
16 733
0 232
19 615
17 996
9 372
8 316
6 280
20 626
5 641
1 300
29 991
20 385
2 255
21 566
15 497
4 523
3 648
9 795
5 659
6 794
24 677
4 706
15 911
9 888
11 917
23 343
16 303
13 881
26 354
12 420
26 299
8 961
26 487
17 373
9 218
17 898
10 554
16 606
15 634
10 705
3 915
25 931
8 379
15 983
22 257
12 298
4 886
1 571
5 311
11 654
19 880
27 749
11 611
5 982
19 916
19 617
19 559
11 609
19 738
26 661
9 963
19 241
11 821
8 624
26 324
5 621
29 771
10 625
16 928
23 905
26 605
11 761
7 450
4 506
3 750
9 363
24 975
29 880
0 393
18 994
25 989
5 823
21 241
12 281
14 504
10 870
8 700
10 496
28 232
17 936
20 785
14 788
8 493
25 301
5 265
26 460
24 715
15 743
23 957
9 642
15 241
11 335
11 774
21 372
21 207
22 449
26 412
22 691
3 423
9 844
25 787
4 225
6 423
10 430
12 374
11 300
22 789
11 448
17 982
0 566
21 897
25 705
4 225
10 578
10 633
10 584
12 911
27 540
13 259
1 715
1 909
5 604
24 361
29 384
12 514
22 575
12 255
6 212
27 733
22 967
17 646
24 903
19 290
26 386
10 216
26 368
15 394
21 951
5 705
6 924
20 601
24 312
27 550
10 481
27 764
5 589
20 663
20 923
23 260
21 507
29 882
11 350
21 355
3 685
22 508
26 971
16 354
1 858
18 590
3 235
29 477
22 675
9 204
13 465
9 408
19 509
26 840
11 850
10 537
9 681
21 489
12 890
4 985
20 543
23 251
25 891
23 574
16 713
13 1000
23 773
23 730
28 523
8 626
17 667
16 418
4 299
23 866
13 300
5 589
10 713
15 879
6 286
1 757
6 394
6 377
3 516
15 588
14 370
5 976
1 801
17 321
4 411
7 608
26 440
0 910
0 764
20 209
24 515
8 660
9 730
23 238
12 976
20 630
12 719
29 802
7 900
11 680
22 710
18 354
0 530
23 562
23 244
0 435
14 517
4 668
4 570
20 884
22 269
24 547
22 336
3 282
9 462
6 332
1 239
29 449
29 529
1 777
28 274
27 875
1 365
14 649
5 534
19 601
21 432
21 668
10 943
8 201
22 203
16 970
19 249
20 423
27 840
11 658
20 792
5 991
18 926
20 900
22 620
20 826
12 976
0 830
8 436
11 718
19 628
21 541
27 990
20 483
22 831
26 602
29 649
23 841
25 397
