1000
28 795
14 388
8 877
29 845
25 816
8 707
18 742
12 900
9 650
29 756
15 782
19 855
6 717
2 453
0 348
6 953
0 885
2 204
14 528
19 208
14 884
10 393
15 662
27 872
24 417
4 831
13 391
18 576
28 948
21 418
26 937
28 281
1 740
9 564
5 239
15 999
5 289
24 301
16 238
2 813
9 484
29 998
25 521
9 206
4 907
10 226
7 666
6 959
4 492
20 519
18 681
2 497
19 763
23 491
27 894
1 223
24 667
27 763
6 344
21 781
24 805
29 896
15 876
25 285
3 726
14 620
15 377
1 581
19 216
3 957
27 295
8 917
16 750
0 762
7 424
11 350
5 896
15 209
1 517
26 375
21 759
5 445
24 925
10 661
13 991
25 237
28 783
21 617
4 543
25 464
10 457
21 574
25 439
18 783
13 204
26 992
13 675
25 569
18 329
19 952
16 579
23 724
12 840
0 881
4 571
2 213
16 385
19 773
21 928
24 607
21 734
21 492
8 800
5 892
19 888
19 878
21 564
15 543
26 898
3 473
23 754
14 839
1 882
2 612
15 768
20 462
17 235
29 967
28 920
20 922
29 989
15 478
17 715
15 697
0 731
5 603
2 805
18 975
1 771
3 637
26 903
1 728
21 310
23 952
7 701
21 871
1 695
8 204
19 446
16 828
28 756
24 505
18 949
25 986
19 863
29 355
12 967
25 779
11 627
15 598
25 918
4 604
4 969
8 423
13 618
17 262
0 564
14 340
27 935
25 484
0 383
9 474
25 573
1 678
17 348
17 611
24 320
11 843
25 710
1 243
14 844
27 553
11 424
20 628
7 465
9 297
20 418
6 706
20 742
26 940
5 997
18 930
16 499
12 981
18 511
4 621
1 500
23 291
29 484
26 420
29 765
9 792
7 700
20 351
15 724
26 957
4 689
27 748
6 771
1 766
23 622
15 655
0 467
22 333
11 911
25 766
17 742
24 684
19 332
16 731
0 812
17 554
17 429
14 410
28 866
1 451
9 981
4 592
23 923
23 968
0 210
24 934
22 622
29 403
11 206
17 423
10 484
10 389
21 436
19 459
15 772
28 231
9 512
6 948
24 626
19 894
22 625
21 918
20 305
7 988
7 424
8 234
24 494
0 989
29 986
8 823
21 263
3 488
29 461
2 852
3 811
8 704
6 977
20 580
10 955
8 541
4 942
2 882
15 556
0 779
17 309
21 225
9 375
26 745
17 619
14 822
21 269
3 211
22 705
22 255
0 766
24 244
13 774
8 390
19 227
2 626
18 522
1 700
7 985
10 390
17 617
16 467
18 774
23 898
13 842
16 341
12 240
28 892
29 512
5 499
1 425
14 578
19 675
29 920
16 809
10 963
15 658
8 334
24 747
16 490
16 928
15 882
16 857
28 368
11 903
3 368
15 551
21 461
8 413
25 709
22 571
18 727
5 560
0 872
5 958
6 464
11 495
27 453
11 530
11 997
29 549
9 562
24 300
11 838
10 741
0 278
0 907
11 919
26 302
17 535
6 337
15 816
0 679
5 428
27 857
21 481
9 233
23 504
19 908
22 326
5 426
2 854
6 457
4 644
7 313
16 866
28 802
23 637
6 610
5 584
12 408
9 220
24 446
25 668
23 278
15 695
8 820
20 237
13 877
6 294
26 778
26 404
6 690
24 443
15 863
18 552
21 217
3 411
8 958
2 437
24 950
22 756
6 246
10 516
6 932
17 805
1 908
9 485
2 505
6 272
26 486
19 789
16 437
2 775
10 392
15 707
26 988
10 382
18 767
23 463
16 277
28 298
1 713
18 875
22 513
23 346
23 682
1 425
11 990
20 382
9 744
5 675
21 388
11 292
17 315
16 722
23 215
19 803
14 246
9 347
9 838
18 390
1 519
9 206
23 828
24 964
18 222
14 819
2 746
13 630
23 582
17 401
17 673
18 915
8 951
14 963
22 632
0 720
17 309
22 649
23 239
28 297
27 970
17 703
17 441
8 497
0 717
19 818
10 448
14 258
14 846
28 712
13 920
19 860
7 534
19 957
12 329
13 940
18 443
18 530
2 928
16 889
28 943
19 287
0 959
7 674
19 249
13 567
26 369
16 842
21 881
27 670
10 619
1 224
15 985
0 857
18 210
3 757
28 847
1 988
1 636
5 427
3 563
25 972
3 637
14 353
6 238
26 501
13 570
9 996
17 682
27 617
19 584
21 837
1 660
5 561
13 606
25 610
25 391
16 541
18 725
25 999
25 943
0 793
25 1000
15 292
22 658
15 699
26 336
5 808
14 251
28 980
19 800
13 389
17 924
21 818
24 926
21 673
28 572
25 472
18 990
19 504
0 385
27 791
6 492
6 361
5 715
17 368
27 573
14 787
19 454
15 320
28 383
4 779
19 860
3 771
17 687
27 436
6 825
3 803
21 422
29 791
21 716
3 433
22 894
27 450
20 681
15 477
9 840
27 802
22 871
20 453
22 641
25 496
26 343
3 440
3 856
22 953
23 678
25 966
14 458
24 848
7 913
21 427
11 644
5 518
14 994
1 906
9 276
9 742
17 631
4 614
6 374
15 963
15 237
16 802
19 735
6 573
15 627
23 724
12 556
1 766
2 720
10 985
17 927
12 534
16 697
29 974
23 348
2 532
5 553
6 752
29 466
13 336
3 508
1 439
1 602
23 737
0 583
3 604
8 389
22 276
9 838
1 216
19 445
1 602
9 833
0 762
25 445
20 823
4 926
15 302
8 511
24 878
7 543
20 565
28 793
11 354
8 343
13 950
19 224
14 604
16 410
19 239
0 385
17 696
21 960
15 755
9 214
23 798
14 661
20 552
8 370
13 621
2 316
25 490
23 403
8 520
0 694
4 207
14 679
14 592
15 674
25 833
11 845
10 716
25 242
23 440
26 741
2 614
3 789
23 506
5 813
14 955
25 765
6 442
7 253
17 207
0 600
18 721
9 502
13 542
29 403
28 580
5 209
24 881
13 956
26 454
13 425
21 903
4 293
27 900
2 345
8 457
4 878
17 887
21 275
17 518
4 556
14 575
17 231
16 945
3 659
5 601
28 820
6 980
26 530
1 604
23 325
18 370
6 939
13 229
28 687
25 530
19 503
11 641
20 260
27 556
29 838
26 496
17 664
13 369
19 946
26 364
4 510
3 699
24 206
10 567
6 960
13 556
17 539
19 833
0 817
0 536
12 272
2 483
22 962
12 660
19 933
1 971
24 378
2 332
0 562
0 596
23 851
5 245
27 529
22 681
1 518
7 494
28 875
20 695
19 561
16 254
23 495
14 224
19 594
10 375
1 533
7 955
28 265
19 274
12 738
29 295
10 817
4 629
13 884
26 825
23 210
23 683
1 253
2 597
22 342
12 504
4 418
8 563
15 327
19 245
21 902
8 209
8 562
27 303
29 944
27 652
10 384
13 227
21 562
8 475
10 918
7 884
6 203
2 471
21 286
7 499
7 694
15 303
11 303
16 852
24 520
26 267
25 363
26 646
23 573
0 913
6 258
12 940
6 541
6 929
7 244
13 598
22 720
25 309
11 725
19 831
21 858
21 639
6 613
15 509
14 896
22 299
11 761
10 941
23 227
0 466
3 576
21 836
25 306
6 373
24 785
14 670
13 658
5 396
24 788
26 716
7 823
4 408
20 257
13 707
14 334
6 300
29 616
12 963
20 222
13 705
11 894
29 767
24 300
22 942
11 652
14 286
7 753
28 341
3 887
2 432
19 687
9 595
18 532
10 805
20 659
2 484
19 802
6 509
9 335
9 396
8 692
28 980
14 919
3 848
21 389
0 594
11 565
21 559
18 277
24 461
24 328
9 271
20 916
7 573
17 206
19 412
27 706
11 218
14 983
6 905
9 200
22 334
8 616
24 613
11 588
18 877
22 901
10 587
24 348
19 696
11 413
27 639
21 884
1 352
23 459
10 370
25 297
23 229
25 660
23 393
29 259
28 880
6 568
26 536
3 621
0 351
21 638
9 447
26 490
18 867
10 767
0 272
29 776
2 766
26 917
9 893
15 460
5 208
28 217
6 925
12 729
21 683
2 405
2 310
15 480
22 597
21 355
29 789
14 712
11 265
7 431
21 489
10 663
1 385
15 774
4 288
22 845
8 909
20 878
17 844
28 741
29 771
20 248
13 550
23 606
6 849
25 316
4 783
21 359
15 251
4 376
23 761
20 520
0 940
26 318
2 241
7 715
16 286
16 822
29 694
9 663
29 386
14 702
4 620
20 702
14 844
23 274
11 717
12 331
0 813
17 294
5 381
5 369
9 422
25 443
28 663
20 328
29 774
21 717
5 443
17 420
25 662
25 794
5 304
21 800
1 889
20 470
13 965
22 949
2 955
1 230
9 897
11 508
2 981
23 665
18 380
17 413
25 768
13 696
20 324
0 316
23 796
4 884
4 895
20 394
3 256
0 570
24 320
21 693
2 679
9 368
3 328
18 900
29 994
29 849
21 959
