1000
3 805
27 858
21 984
8 893
16 272
1 501
13 424
12 970
20 959
28 836
22 685
27 502
4 380
25 725
25 427
28 352
7 846
17 525
15 387
8 505
14 226
7 961
8 754
19 716
15 500
14 422
18 500
16 940
6 444
6 705
17 360
21 791
4 950
21 741
12 217
26 211
6 982
20 452
16 830
6 734
25 899
29 695
0 994
5 759
4 267
29 546
10 609
10 378
19 765
13 363
7 464
7 376
16 737
6 325
24 887
21 545
18 441
26 277
24 969
25 216
19 260
2 636
16 839
27 238
5 862
1 616
3 269
23 906
8 988
5 446
22 547
26 747
29 487
25 271
7 520
16 609
19 596
14 788
26 479
24 945
17 668
6 626
23 505
7 683
16 404
14 938
3 359
21 761
9 313
19 692
8 362
18 943
13 794
3 212
0 952
13 622
14 708
19 779
17 718
4 719
22 354
11 526
2 624
3 907
19 647
5 607
29 908
8 441
1 836
7 989
29 690
26 632
6 484
6 578
0 520
1 493
11 767
15 839
3 936
3 387
18 757
19 620
2 246
3 404
29 888
1 920
19 1000
12 825
20 741
22 663
6 684
27 597
20 675
27 444
20 282
22 398
1 264
11 539
9 684
23 850
0 859
6 637
12 868
24 291
5 604
17 516
22 634
16 253
1 822
10 349
13 455
20 868
27 890
5 488
14 433
28 513
5 704
16 571
24 471
26 221
16 771
15 820
18 707
14 724
28 524
13 740
18 606
0 760
24 349
1 547
10 448
9 887
26 435
13 791
21 510
23 229
8 774
13 475
27 617
7 387
0 933
12 631
6 542
28 324
6 428
6 468
18 466
10 896
23 536
10 559
26 341
20 784
25 536
5 976
9 450
17 588
20 204
12 642
27 860
14 651
6 595
24 902
19 678
14 907
3 722
27 408
9 783
11 782
12 401
24 419
25 226
29 496
3 538
24 779
25 684
0 854
4 320
5 207
27 610
27 244
24 407
0 733
3 783
26 482
6 582
20 824
4 491
8 516
10 591
22 897
3 824
11 575
15 815
2 213
18 707
15 941
21 440
16 594
17 402
24 670
6 201
6 544
13 944
15 410
9 935
8 746
5 731
20 639
11 602
13 838
26 632
8 298
26 642
5 325
21 509
27 406
15 719
2 417
11 883
25 416
14 443
7 676
27 818
24 489
20 307
4 364
8 269
23 541
22 418
3 478
17 669
19 629
8 980
4 920
17 456
26 257
17 965
24 638
8 896
21 999
4 404
5 732
23 943
23 212
13 820
19 844
18 259
15 361
0 494
3 571
25 695
6 294
14 520
8 598
16 281
7 978
12 720
22 944
12 418
28 626
10 428
16 726
5 277
21 638
19 361
26 908
25 354
7 788
14 873
28 516
4 580
19 781
19 692
9 370
26 785
5 811
9 255
6 746
20 859
17 771
12 443
16 402
22 366
12 542
14 840
19 252
19 638
22 676
2 333
10 787
22 753
0 618
16 980
24 977
28 345
17 810
12 850
16 810
20 907
5 332
10 585
9 625
17 350
28 209
3 615
29 755
24 369
11 872
26 886
26 298
15 667
10 647
20 292
22 514
0 630
6 444
11 398
8 997
28 613
19 730
27 262
21 764
5 450
2 698
28 925
27 912
22 568
16 655
20 900
3 423
11 271
7 446
15 506
0 955
28 604
29 991
5 436
15 530
11 681
2 428
29 865
3 548
22 752
23 819
23 246
18 782
20 765
19 675
5 987
24 390
7 816
23 238
3 483
1 891
24 686
7 991
9 528
16 562
19 920
10 624
10 929
26 216
1 839
26 497
3 213
9 765
18 382
10 772
19 205
22 249
18 947
13 911
15 376
25 471
13 338
2 300
17 550
10 670
19 365
18 801
26 633
21 375
4 597
17 352
23 988
11 367
19 961
20 993
15 478
12 970
28 446
14 230
1 666
26 569
4 685
19 556
22 658
24 992
20 831
29 501
3 573
25 466
14 901
13 418
26 583
16 744
8 592
3 224
11 897
3 912
13 388
20 518
29 690
25 331
5 622
26 835
8 311
24 895
7 215
0 440
4 799
19 353
7 773
8 858
18 260
15 979
10 348
26 842
28 270
22 948
5 677
1 818
11 297
17 768
10 670
21 445
12 855
28 331
7 961
25 366
18 938
4 965
9 689
28 999
1 977
15 927
26 825
7 557
23 535
24 767
11 863
0 632
22 815
8 233
16 677
21 428
18 468
8 688
9 618
13 802
14 536
13 605
28 296
4 360
18 989
0 628
19 717
9 756
2 443
10 571
16 468
22 987
1 621
5 369
1 266
1 742
7 841
14 456
24 638
5 869
3 496
23 555
3 755
7 532
4 624
10 964
7 221
26 725
29 679
4 513
4 444
21 246
27 714
7 475
22 232
7 490
3 238
27 708
12 954
12 749
29 840
17 978
23 300
7 882
14 944
17 686
4 520
29 305
20 306
15 743
12 409
0 239
16 747
26 690
6 668
6 696
20 511
20 449
7 361
18 352
26 902
25 559
22 642
4 526
21 688
10 997
2 536
28 342
17 483
15 815
14 853
26 755
18 388
16 393
29 791
10 696
16 876
12 601
2 953
3 352
25 586
9 882
1 577
10 614
8 979
29 895
0 558
1 371
10 973
6 865
23 643
11 319
19 249
1 289
29 729
22 776
1 712
10 458
6 534
19 680
27 758
5 506
16 936
24 825
20 468
19 354
5 449
5 826
15 878
18 228
29 845
28 249
29 652
4 327
1 460
20 470
20 628
12 322
6 481
11 857
11 312
7 272
16 951
24 939
15 203
20 829
0 695
5 297
10 400
7 686
6 997
29 988
10 278
24 355
22 561
21 576
21 702
0 483
21 615
21 881
26 562
13 336
4 642
8 801
14 202
28 848
13 242
6 477
15 800
29 730
15 671
15 973
5 923
9 603
20 955
9 644
26 761
27 835
0 864
1 247
16 708
17 286
4 692
9 607
28 453
25 297
19 923
14 436
9 564
21 501
3 594
10 743
24 848
11 864
21 720
29 346
10 989
12 632
23 930
1 712
28 513
15 368
17 657
13 859
24 937
22 571
25 632
0 282
6 588
24 382
12 865
29 924
28 922
4 758
5 968
20 860
3 446
9 323
27 961
28 931
1 348
21 268
27 371
26 260
19 866
10 340
9 754
18 533
20 629
5 462
9 435
4 977
24 221
19 931
20 820
18 680
25 555
17 646
5 222
16 875
14 208
29 645
17 224
15 587
9 838
13 529
15 494
28 394
18 889
24 381
24 889
17 797
0 533
21 789
20 988
24 867
22 737
7 299
20 273
18 721
28 950
24 313
19 604
22 887
2 215
26 885
18 853
26 423
9 919
11 555
26 771
15 540
22 333
27 517
22 752
18 451
26 791
21 801
21 364
6 315
9 389
29 205
0 452
18 715
2 770
1 521
28 787
18 997
21 980
11 749
27 639
7 927
21 810
29 493
11 885
24 233
14 437
12 706
21 938
11 704
2 692
26 358
26 571
28 303
1 345
13 877
6 318
0 818
18 858
1 767
16 249
25 975
23 303
23 649
8 960
29 977
12 626
24 262
18 219
13 207
21 940
12 910
3 358
11 339
5 238
13 618
8 282
25 338
1 524
15 479
13 316
14 354
22 681
6 291
7 896
3 805
25 701
6 388
4 386
25 933
21 966
2 489
17 834
9 282
25 370
20 666
19 330
6 698
14 921
26 984
15 432
9 675
4 401
12 232
9 286
27 562
6 846
4 582
9 722
22 380
12 463
9 317
12 458
16 803
10 774
14 415
28 739
14 816
2 747
26 819
14 957
17 273
13 627
2 442
1 961
20 493
29 926
21 697
27 560
9 463
21 516
7 315
29 790
11 521
4 238
13 328
27 427
28 252
29 385
18 406
22 404
4 460
24 391
9 279
9 975
22 529
4 976
8 769
2 539
6 414
12 762
13 694
8 630
10 903
2 632
21 548
11 816
4 654
2 928
24 728
13 230
21 505
22 741
6 295
18 704
17 474
21 932
20 535
17 200
27 366
6 345
1 560
15 851
1 256
20 778
16 302
5 241
7 253
8 300
7 707
1 638
26 891
7 594
28 936
1 934
12 911
1 253
9 248
15 384
11 236
18 346
22 201
20 930
12 215
12 681
0 677
22 295
13 441
28 212
10 592
15 524
6 497
12 564
12 845
1 264
23 306
3 531
21 744
11 610
21 249
17 599
18 860
15 676
27 609
18 840
3 217
8 553
3 496
4 990
16 241
28 290
24 932
6 664
18 907
8 642
23 793
4 306
26 322
4 292
3 311
15 635
27 914
26 355
8 728
25 519
23 765
29 817
22 535
25 373
13 715
18 810
9 937
5 261
25 656
16 659
16 241
27 757
25 231
18 682
6 861
2 651
21 877
5 576
28 372
9 818
13 623
18 407
11 248
28 331
26 429
11 516
22 686
23 383
21 935
16 228
26 655
23 274
20 553
11 741
11 696
