1000
16 250
28 938
0 467
0 972
9 347
26 955
3 511
22 524
3 261
2 857
20 747
28 875
9 473
0 628
11 835
28 225
13 681
14 787
22 279
16 246
15 951
11 315
19 328
1 321
23 582
13 670
29 882
9 377
0 703
22 701
29 394
8 780
25 540
24 742
10 856
21 398
2 307
8 629
22 838
2 811
25 555
15 326
20 408
12 856
26 257
22 269
0 869
22 757
0 510
26 947
19 906
11 287
20 915
4 811
8 249
11 602
24 975
6 292
11 937
14 954
6 581
1 655
29 272
2 750
7 556
10 286
23 490
6 901
11 580
5 349
2 929
13 909
21 934
28 996
3 204
18 559
12 785
15 951
23 496
21 688
25 278
5 784
28 511
19 251
3 817
6 210
26 538
8 223
5 278
9 415
18 559
3 442
23 244
9 338
17 930
25 791
13 220
4 931
28 596
7 269
14 344
1 721
29 915
13 845
16 787
9 890
13 714
12 705
5 808
8 989
1 290
11 587
14 558
5 531
5 413
9 436
2 692
14 548
7 633
20 909
1 348
8 887
18 228
0 690
23 540
21 939
24 631
22 263
4 684
13 673
12 628
1 502
15 673
20 579
2 573
29 619
25 311
22 249
4 245
9 276
29 990
3 263
28 593
21 346
11 253
1 519
13 206
20 784
0 792
0 920
28 846
18 574
6 490
27 938
26 469
2 710
27 796
2 384
11 285
14 680
12 622
12 987
27 660
29 465
26 710
1 461
3 482
15 488
25 220
25 809
23 463
27 848
18 455
12 487
26 897
29 690
15 319
28 533
3 254
5 887
23 521
4 698
1 965
23 507
6 933
25 933
13 511
14 411
25 868
16 201
22 956
5 412
10 881
10 885
12 535
22 798
14 743
20 787
19 533
26 398
14 916
23 289
27 268
13 874
28 350
7 921
26 588
2 334
15 305
22 572
8 581
0 748
10 859
8 713
6 631
23 783
27 613
16 292
20 275
18 956
9 472
25 572
24 801
20 267
3 458
12 981
16 646
28 254
20 594
25 545
18 257
5 754
25 817
11 710
14 987
6 608
21 780
25 778
22 307
5 435
22 490
12 444
22 908
24 212
24 523
13 363
9 851
2 945
5 202
4 252
14 263
23 939
18 683
18 315
11 372
21 270
21 242
10 888
8 364
12 328
23 876
12 916
16 439
12 521
13 639
24 835
1 862
26 713
19 320
7 310
20 778
9 527
9 717
22 688
25 673
4 775
10 954
20 478
13 246
19 814
2 828
5 611
29 986
18 339
23 958
25 496
1 579
24 246
7 226
4 950
5 575
21 892
13 785
21 786
7 778
15 383
21 312
10 399
11 493
15 338
20 261
4 204
21 768
25 267
7 867
19 836
26 737
20 777
20 920
16 341
2 298
18 826
15 977
12 321
17 531
10 819
22 603
6 824
15 223
2 762
26 394
13 243
12 763
8 738
7 450
3 492
15 790
18 482
22 452
28 669
26 497
6 715
8 323
5 460
25 564
14 878
18 694
8 888
12 559
20 890
27 646
23 641
0 305
3 360
2 665
15 235
8 563
25 423
17 865
26 209
11 475
12 504
16 725
14 694
2 762
28 653
10 498
11 932
9 824
23 380
17 230
4 488
7 321
27 883
24 435
16 618
1 993
6 652
2 275
25 836
25 950
5 815
29 266
2 867
0 866
7 592
7 802
24 856
23 269
25 680
29 261
24 527
5 734
25 979
20 778
2 686
12 420
16 323
6 776
5 396
26 914
28 507
16 735
18 240
10 723
4 438
8 885
15 554
23 333
5 902
18 830
22 280
23 810
10 354
19 967
18 658
4 951
19 969
29 351
24 854
5 760
20 407
16 855
26 661
27 210
18 437
17 862
16 922
2 543
26 441
24 222
27 338
14 890
5 243
13 815
26 415
18 817
19 919
4 450
6 418
25 929
0 682
25 433
10 753
4 709
9 352
18 796
16 673
19 411
19 287
22 571
29 380
13 997
15 727
2 381
10 404
16 400
20 585
17 935
5 396
28 309
14 768
10 480
19 800
13 595
14 397
16 442
18 669
14 918
28 804
11 818
29 397
22 989
3 443
21 871
8 918
19 971
4 354
8 794
26 864
18 205
28 238
3 651
20 457
22 458
29 625
0 921
28 478
14 517
13 855
2 272
4 821
17 437
1 321
23 288
12 550
5 521
4 512
10 242
2 431
20 559
17 501
19 471
14 583
16 210
26 713
17 592
19 207
29 209
8 900
7 218
1 849
26 884
13 655
23 418
22 260
26 255
20 842
24 312
22 899
23 927
14 413
24 978
23 949
13 690
1 332
2 993
28 925
8 466
20 287
5 682
22 835
29 848
13 785
23 815
19 451
10 512
19 385
29 354
0 570
20 856
13 605
1 954
8 638
7 863
5 281
22 277
28 602
28 241
13 929
5 297
15 939
28 561
8 723
13 414
0 649
21 478
27 743
6 665
24 374
28 562
8 919
1 752
5 719
17 900
17 532
1 888
16 778
11 836
13 470
26 302
17 921
10 202
7 724
7 578
21 465
16 527
28 837
20 969
15 787
7 470
10 602
29 961
6 425
27 681
0 525
22 283
16 371
24 419
1 383
29 552
3 633
8 857
25 524
28 784
25 316
23 203
18 610
23 771
23 520
7 965
2 702
13 931
17 717
2 365
8 908
20 717
4 279
16 613
13 779
6 919
17 593
16 930
12 905
21 801
17 353
1 471
21 346
9 315
1 334
10 388
12 705
27 529
17 446
5 987
11 438
2 921
8 393
1 885
19 268
8 499
27 514
27 488
3 759
8 991
27 771
23 415
28 520
29 564
1 811
16 240
11 378
22 450
14 833
13 747
26 898
29 713
29 541
29 237
17 650
23 279
17 308
9 698
17 950
15 645
18 855
18 219
25 728
24 783
15 708
17 392
24 229
1 278
23 505
18 390
14 851
6 917
3 896
25 705
14 656
12 435
13 434
8 665
26 905
17 455
3 441
14 753
9 648
0 233
0 780
24 921
21 641
3 323
26 994
13 284
13 772
1 706
29 661
1 397
5 295
15 590
3 848
28 712
2 958
26 774
3 757
10 374
29 557
24 937
7 641
24 645
1 909
21 739
28 642
22 312
1 807
11 902
11 825
4 881
12 342
14 990
22 228
5 917
22 374
15 642
13 767
8 489
4 202
20 889
5 277
8 575
24 852
28 219
25 437
18 861
27 383
4 525
22 469
12 313
18 875
15 894
27 911
17 458
19 498
12 324
11 592
6 854
10 578
14 427
25 835
18 336
1 881
17 511
12 281
2 772
21 561
23 823
27 493
16 704
16 586
26 762
10 238
4 620
5 443
19 348
24 744
1 768
0 415
17 320
12 278
22 665
28 881
6 555
17 277
13 880
7 551
9 396
0 344
3 714
20 777
28 954
20 430
6 560
19 407
3 309
16 668
4 548
26 303
5 329
21 356
17 874
17 442
15 248
8 523
13 379
6 397
12 692
21 860
17 265
24 423
5 962
24 606
10 232
19 395
9 241
3 842
19 645
6 589
25 522
27 475
9 756
20 622
19 532
20 247
19 454
15 613
28 611
15 785
26 564
10 699
2 318
5 893
9 848
13 252
14 932
18 895
26 761
10 475
10 771
5 588
19 890
6 577
27 627
6 322
13 458
6 946
23 750
28 205
27 401
11 794
9 947
22 399
13 614
18 589
20 769
11 627
29 467
6 389
25 536
10 264
26 742
13 791
16 723
27 642
14 530
11 818
2 310
16 313
0 454
3 888
16 440
5 533
29 897
21 415
8 969
24 969
0 655
10 716
23 378
13 343
5 387
9 805
17 497
18 839
12 393
15 349
29 340
10 663
13 401
15 234
16 748
6 869
24 945
2 493
19 879
3 518
27 562
17 688
29 837
12 917
4 761
15 310
20 632
4 881
28 857
0 243
20 931
17 492
15 844
2 220
25 259
21 592
26 498
2 981
25 361
2 535
14 600
20 323
29 557
3 339
28 473
24 923
27 585
13 322
24 922
10 923
1 405
24 410
18 503
18 590
25 422
13 770
10 546
22 218
10 921
9 791
3 471
15 531
11 446
17 694
3 942
13 260
27 849
27 506
14 421
9 713
22 309
2 774
1 345
28 493
2 809
8 813
17 777
23 612
25 213
6 225
25 463
19 998
21 293
9 730
8 639
5 475
11 257
24 299
10 580
29 992
6 374
6 940
3 724
8 548
20 203
14 928
14 294
4 365
11 414
10 224
17 600
5 225
9 924
21 329
15 996
9 522
28 990
6 412
13 932
29 285
11 891
13 673
3 971
11 654
0 966
22 379
28 307
2 410
5 545
25 226
3 769
7 843
3 500
20 395
13 239
23 673
14 988
25 283
17 278
28 924
25 242
24 344
24 749
1 379
13 510
16 261
6 422
26 448
1 508
19 381
0 612
19 221
18 420
7 929
2 834
23 246
14 807
29 517
15 899
25 781
22 684
1 460
22 670
23 346
