1000
24 543
0 933
0 353
29 529
20 678
0 842
9 582
22 530
6 921
0 457
13 635
16 701
1 249
6 492
20 478
14 610
15 783
9 360
10 747
7 789
12 638
17 762
28 697
0 785
11 814
27 510
17 386
28 213
21 820
17 623
12 625
20 779
13 694
26 817
21 807
24 343
27 483
3 498
14 638
25 549
28 346
14 303
25 508
29 317
25 314
4 990
8 773
2 923
27 637
12 420
21 902
29 700
8 485
7 572
18 467
25 214
20 682
4 928
29 700
15 859
7 872
19 480
14 900
10 202
21 459
19 998
9 704
25 954
2 459
12 650
17 461
12 574
5 642
6 327
2 235
7 650
13 550
14 326
20 740
26 387
18 331
19 804
26 428
11 662
18 809
3 714
9 930
3 262
28 482
6 654
15 844
12 732
2 285
24 235
5 752
18 586
29 268
9 964
26 979
3 323
13 994
27 654
3 265
3 482
24 882
11 535
27 323
21 923
28 511
24 892
1 990
15 210
14 535
12 940
22 680
23 210
5 703
11 571
25 877
25 585
11 944
28 889
9 446
16 394
9 884
1 644
2 239
19 769
17 543
13 388
5 223
20 607
22 268
25 972
13 471
5 326
0 497
11 754
2 980
29 214
26 541
21 488
6 978
16 395
0 213
18 587
17 340
24 523
29 440
9 316
18 671
6 341
24 563
14 436
27 683
29 270
3 373
29 776
24 810
19 980
13 930
23 637
2 840
21 341
19 973
20 501
11 810
23 373
1 513
28 632
27 931
14 665
19 349
13 888
12 525
15 766
3 263
17 938
11 790
3 464
19 304
15 413
7 862
7 373
22 437
18 666
1 964
17 888
17 811
26 873
24 571
27 724
17 874
7 968
14 755
29 681
1 309
11 353
29 242
29 658
18 211
19 981
20 888
26 586
9 700
12 713
1 693
22 617
16 943
19 522
3 288
9 340
14 337
29 940
27 778
16 744
8 674
2 845
4 278
23 378
2 721
26 600
25 924
28 788
7 931
1 411
7 939
22 512
27 785
25 974
24 871
18 780
11 838
7 330
5 721
7 436
9 982
27 725
22 908
21 723
4 682
1 288
28 801
22 335
20 952
23 903
3 816
10 440
21 440
26 402
13 389
4 571
10 586
18 500
16 307
6 479
20 761
6 823
16 458
8 834
23 846
19 770
3 450
12 617
21 409
5 432
16 335
1 686
2 942
2 702
4 207
7 440
21 600
27 521
22 520
16 370
26 593
22 526
22 680
14 897
5 780
12 366
10 352
23 406
7 547
5 708
7 878
23 277
18 378
29 223
15 906
16 736
1 997
3 997
4 576
23 379
21 853
29 927
22 796
5 619
22 201
5 830
4 323
5 775
7 341
18 926
16 574
11 923
23 417
2 526
8 761
15 578
20 876
9 384
11 369
14 999
7 420
10 690
9 825
15 915
23 608
26 624
12 988
12 890
29 281
0 360
5 920
12 211
19 527
26 292
9 617
3 599
10 928
19 503
16 317
18 253
27 231
17 661
2 768
14 753
22 814
29 928
7 526
29 740
7 380
6 546
6 227
5 556
24 283
27 265
18 917
10 760
10 365
14 902
0 627
0 473
12 808
27 773
19 650
18 524
24 456
24 552
0 282
5 322
20 518
24 802
26 912
26 463
17 206
22 851
18 580
22 704
12 569
4 725
10 926
13 779
6 982
4 996
25 285
17 995
12 977
22 717
5 604
24 751
19 622
22 324
25 447
0 502
21 648
29 789
10 469
20 613
26 414
27 641
11 571
7 538
10 660
19 263
21 701
18 856
25 874
11 755
11 479
28 420
12 402
15 366
12 695
11 961
7 622
28 268
10 911
1 411
19 894
12 860
18 231
20 722
18 555
16 291
16 876
22 293
11 460
6 915
19 338
23 521
16 864
8 937
15 649
16 882
12 970
18 505
19 644
26 937
10 907
11 354
10 342
13 310
24 292
18 897
0 948
0 361
3 927
18 610
13 537
1 804
18 813
7 227
29 969
0 541
28 285
14 369
6 999
26 555
6 467
3 382
18 380
27 408
20 883
27 732
7 727
25 463
27 203
1 687
28 612
23 527
23 434
20 439
16 720
10 278
11 699
0 556
14 967
1 861
15 577
24 819
10 305
9 565
5 465
4 909
19 484
5 765
11 772
26 941
27 990
26 444
5 860
0 201
15 864
4 351
9 994
19 724
19 302
1 587
0 929
9 532
27 916
13 528
29 551
10 850
14 264
13 368
20 209
3 751
25 366
21 479
5 731
18 961
24 410
19 416
6 594
20 655
24 760
28 600
4 393
24 276
29 798
29 310
21 505
25 639
6 479
5 419
10 913
23 972
6 595
10 601
9 920
6 606
15 469
28 797
26 924
16 475
8 232
17 254
14 810
17 815
29 732
4 318
13 656
22 506
25 690
28 795
4 982
20 814
1 545
0 942
14 873
12 716
0 385
4 667
18 377
17 652
18 871
12 624
24 248
29 748
11 425
10 851
15 947
12 207
4 461
4 798
5 545
19 752
9 357
16 823
3 935
19 657
11 482
14 388
24 327
23 828
25 730
10 616
12 364
17 554
24 804
16 592
1 679
6 325
3 713
9 273
22 419
23 484
3 656
26 924
14 585
0 879
15 517
15 825
6 643
19 680
8 729
15 715
29 911
18 744
1 711
6 596
3 654
15 640
11 361
27 586
16 875
12 590
23 299
6 892
15 520
11 915
11 441
16 286
6 212
19 265
5 231
1 842
2 600
1 330
28 704
26 805
15 691
11 548
3 295
4 420
5 850
28 992
2 986
1 452
20 286
23 725
17 639
28 263
22 475
3 876
26 763
21 342
8 576
13 415
20 760
24 906
28 515
5 877
26 218
10 550
6 627
4 800
18 430
22 479
10 1000
29 538
1 219
4 489
23 899
10 222
24 435
15 637
18 701
13 798
5 281
8 787
18 792
28 863
12 475
1 549
11 934
19 594
28 250
24 737
29 917
8 890
5 814
17 373
11 397
19 842
4 611
14 350
2 506
28 816
0 205
11 294
26 576
28 463
5 506
19 911
28 320
0 983
8 330
10 822
19 423
22 919
26 204
26 764
8 959
25 800
17 647
12 790
21 209
17 968
28 563
5 707
4 447
8 750
10 712
22 737
12 901
14 506
9 569
22 516
1 939
5 726
26 375
12 600
0 334
14 670
28 892
8 309
12 363
29 645
1 653
23 469
3 782
21 420
12 485
11 458
3 596
9 802
20 780
20 810
26 276
19 448
27 505
21 379
23 414
25 500
5 736
24 354
13 249
4 866
25 690
3 660
3 627
24 794
19 806
15 350
5 837
23 359
8 824
9 682
22 941
12 213
16 921
9 986
17 355
2 297
2 658
27 355
20 236
15 408
27 256
28 875
0 243
23 681
6 394
20 559
9 534
24 965
11 920
8 626
5 360
25 374
21 491
24 853
23 515
17 630
26 232
29 944
18 453
20 664
29 589
16 353
24 223
6 271
23 545
8 445
12 860
24 392
19 266
11 439
19 536
7 994
10 539
3 702
22 579
9 865
20 907
20 461
26 482
17 282
26 449
23 781
16 831
5 289
19 391
26 275
28 554
18 443
19 296
4 639
11 996
22 293
17 595
4 218
20 925
12 442
10 379
26 982
26 337
3 413
16 805
20 242
19 294
23 574
7 547
24 592
10 569
7 978
20 527
26 494
29 924
18 965
10 324
23 534
4 383
0 345
16 386
2 812
4 256
10 401
5 781
8 261
15 829
3 875
5 402
28 569
26 839
22 915
1 436
2 924
10 661
26 407
8 306
28 534
28 950
10 584
16 715
0 613
12 973
27 491
24 901
2 362
15 645
18 747
13 917
29 963
11 215
22 581
2 536
22 756
26 425
2 333
4 368
5 485
17 399
9 292
4 276
14 547
25 271
15 360
23 459
23 355
2 934
8 325
23 773
22 531
22 459
10 700
6 262
28 368
6 691
5 837
28 202
29 800
0 384
9 460
5 256
10 512
27 810
4 924
13 978
15 264
19 372
2 386
4 712
15 276
23 412
4 583
27 349
0 955
4 597
3 630
9 776
21 370
6 841
27 823
29 622
23 277
27 232
2 448
4 394
18 839
25 939
10 921
20 640
18 213
8 918
6 519
13 927
13 635
10 904
0 980
23 841
14 697
4 525
4 815
2 294
25 732
18 489
4 442
23 374
19 920
9 329
10 807
14 959
14 791
15 804
22 786
13 553
1 631
1 562
8 459
22 758
15 351
5 921
4 484
15 573
27 630
22 424
4 367
12 967
5 202
6 927
27 636
26 468
15 666
8 577
27 443
4 789
14 344
15 867
29 668
20 209
7 946
21 244
26 700
29 824
20 731
21 735
12 314
0 475
19 379
24 983
0 663
16 570
20 972
0 524
29 346
8 551
24 646
15 407
0 715
9 457
13 518
17 767
5 795
20 420
17 717
28 795
4 383
7 731
14 810
4 699
29 309
16 590
8 685
