1000
0 412
14 308
19 212
1 396
22 946
0 248
28 384
21 249
1 531
0 525
1 458
11 484
26 324
11 511
10 513
11 200
12 727
12 806
3 590
7 878
2 668
23 241
27 670
4 958
6 256
13 833
14 282
16 552
28 206
11 541
29 362
16 817
18 729
22 976
2 733
18 782
1 359
29 571
15 813
17 460
17 885
27 560
19 607
5 646
3 523
27 726
18 448
2 416
15 339
1 795
9 231
4 681
9 387
19 778
23 447
28 747
25 853
19 334
23 312
0 486
11 674
19 788
21 784
3 571
5 856
2 423
4 908
0 574
19 629
17 925
24 674
9 630
23 365
0 690
3 788
8 283
0 984
8 298
28 788
6 856
15 831
3 623
20 988
22 267
8 942
24 744
3 600
3 221
5 268
3 894
29 209
14 747
1 756
8 445
22 468
3 786
28 613
10 569
14 441
9 997
15 964
17 469
13 997
19 524
24 774
10 726
7 784
16 888
2 414
1 310
15 806
22 487
12 696
17 607
4 464
0 380
17 429
4 260
20 471
20 736
3 497
25 830
14 342
19 562
12 421
20 636
15 590
2 610
15 361
2 289
10 320
15 964
16 977
4 714
17 324
4 386
24 684
8 641
20 629
1 301
5 684
18 872
20 283
3 710
18 819
26 429
10 791
9 413
0 425
15 724
4 940
23 976
6 252
0 320
27 258
15 490
11 566
9 386
7 209
9 651
15 918
16 907
7 437
8 924
9 583
0 851
6 431
4 481
7 380
18 839
6 494
4 222
23 309
5 956
14 389
27 813
10 554
16 509
23 493
22 369
4 804
16 239
1 860
10 736
29 578
11 359
23 446
20 377
24 591
20 404
6 218
6 332
23 201
29 312
6 791
25 249
14 848
17 201
8 616
8 478
27 342
7 408
4 618
9 632
12 592
18 676
4 717
28 891
10 888
15 796
27 366
9 236
29 597
14 229
16 293
12 335
12 570
0 747
22 525
19 634
26 979
1 816
26 467
12 565
15 899
28 638
8 264
14 829
21 769
26 325
26 823
23 403
26 559
6 920
28 839
1 584
8 802
2 904
24 526
26 973
23 638
16 533
28 644
8 799
1 388
0 256
3 218
1 898
7 215
14 841
12 855
22 981
7 973
16 681
24 780
23 559
21 240
28 417
29 475
3 258
15 554
28 774
21 581
17 311
15 579
23 909
13 712
3 418
17 557
2 742
14 247
24 491
16 695
2 345
27 517
0 286
18 832
15 540
10 765
19 801
7 789
22 867
11 969
0 644
10 609
15 800
28 715
6 784
27 580
29 814
15 500
17 904
15 525
3 905
22 288
12 481
0 503
11 980
15 871
10 682
21 681
23 656
27 795
17 254
9 790
20 305
24 656
5 476
5 848
10 571
9 435
17 935
7 734
14 481
7 620
10 418
3 673
5 477
14 445
19 643
11 859
16 323
15 765
28 484
21 331
15 973
21 852
21 993
12 842
6 945
8 727
6 908
6 366
27 833
18 456
24 628
2 215
23 854
20 401
11 237
5 743
7 789
21 244
22 995
28 632
17 796
26 864
26 207
8 853
17 222
28 460
27 572
11 734
4 458
10 671
13 406
9 475
11 865
2 763
22 719
21 503
17 421
5 377
19 228
23 356
25 690
12 580
13 259
1 345
22 965
4 899
7 880
4 519
27 578
26 352
15 404
3 909
19 414
13 571
8 486
16 804
29 763
24 983
29 520
18 450
22 994
8 577
7 603
29 662
20 927
10 707
18 853
3 208
3 858
27 957
1 984
27 796
26 314
28 583
26 498
27 220
28 737
23 259
20 843
2 705
14 559
5 296
21 216
3 511
2 425
20 312
17 566
10 859
25 208
9 505
12 480
11 572
8 534
19 632
0 564
16 356
28 405
24 599
10 645
2 287
21 453
22 562
27 450
22 554
20 800
26 956
19 673
24 305
12 293
19 720
21 661
3 500
7 825
8 286
28 410
2 342
4 752
2 766
25 245
6 505
17 495
5 872
18 550
8 545
21 967
21 786
10 920
6 682
29 722
1 606
19 426
9 783
26 796
1 840
2 535
4 800
19 241
15 339
22 458
10 420
10 406
5 293
16 483
27 229
28 843
28 247
23 780
0 976
18 880
15 470
20 372
20 751
25 813
14 868
13 841
9 540
29 590
2 814
12 313
21 680
27 463
6 483
15 896
29 706
3 315
26 313
4 467
19 234
15 313
13 620
12 573
0 432
21 652
2 228
8 621
21 743
20 278
8 570
21 728
27 460
10 247
4 309
7 390
16 380
27 592
8 995
12 440
17 844
21 926
5 743
9 762
25 619
27 436
23 882
21 927
27 480
28 739
23 285
0 383
19 848
19 975
9 280
27 571
21 250
5 558
14 732
22 811
11 405
16 507
23 777
16 678
23 914
11 543
22 874
17 897
9 684
15 276
2 563
17 930
3 848
18 594
19 980
22 400
10 944
7 563
13 646
4 767
15 876
27 267
23 688
23 508
13 544
24 443
2 320
2 702
5 763
4 442
2 402
0 970
28 739
20 712
17 925
7 981
23 425
21 972
28 321
3 825
26 962
26 931
19 685
28 704
18 672
1 707
2 962
20 483
20 638
6 641
23 650
23 906
8 490
26 306
8 283
12 412
5 279
11 448
14 936
7 795
16 229
20 569
8 226
9 717
28 921
19 276
23 438
17 653
12 466
14 552
20 876
28 701
6 702
11 531
25 233
26 982
10 561
13 528
3 271
4 775
14 675
26 840
15 539
24 366
5 543
11 539
8 266
17 853
8 907
21 610
25 892
10 825
15 330
15 998
3 770
25 831
5 237
11 558
15 389
23 671
20 970
2 851
7 362
29 523
16 213
20 300
2 575
19 685
10 246
10 621
23 332
26 377
16 291
22 511
2 440
4 695
0 307
21 966
25 888
26 589
20 203
10 569
18 687
23 256
19 255
17 346
14 743
22 689
16 903
7 200
7 434
26 364
18 542
25 486
19 407
10 567
28 406
20 732
29 613
25 836
1 965
15 929
1 709
23 484
7 534
0 272
3 547
0 554
2 488
4 750
13 413
8 667
2 575
26 490
18 697
16 697
15 817
14 657
22 915
21 753
18 503
11 888
8 448
16 603
21 396
18 413
23 352
14 985
22 951
1 751
20 800
15 240
21 765
0 507
19 448
10 766
16 681
8 671
17 389
19 762
20 563
26 485
20 519
20 900
4 575
23 771
29 943
8 617
25 847
18 446
29 834
10 214
22 726
6 211
6 522
26 295
9 921
28 701
15 870
7 781
11 991
9 608
9 347
13 462
14 592
16 222
11 799
18 288
11 672
19 535
21 768
28 594
18 563
22 891
17 279
9 532
28 651
15 236
24 942
28 490
20 876
11 673
5 706
23 419
9 748
18 579
2 652
29 302
21 409
4 354
15 358
4 643
27 976
18 714
5 941
26 578
19 738
2 827
6 428
0 418
29 464
9 744
2 725
17 468
26 518
27 316
29 298
23 368
8 391
16 272
2 278
15 651
16 878
18 612
15 890
9 614
7 576
21 266
4 744
16 458
11 820
26 814
3 719
24 607
5 765
25 440
4 551
22 896
29 665
27 653
3 360
17 310
19 917
18 335
16 388
27 787
17 731
7 241
27 479
29 944
6 210
29 641
15 697
0 501
12 249
16 945
17 547
2 790
8 715
14 285
10 907
3 223
0 262
0 678
16 295
1 235
27 957
8 800
9 248
0 767
4 265
4 927
23 977
24 640
26 774
1 898
0 584
22 399
14 975
26 887
29 223
12 799
0 595
2 647
27 849
15 433
15 273
1 286
12 541
8 609
7 913
10 273
4 605
9 261
3 638
11 798
25 312
2 604
8 383
13 464
18 591
6 232
10 452
3 735
1 994
2 228
4 615
6 505
22 547
4 797
17 971
13 393
25 796
28 404
27 721
15 483
20 503
14 215
18 649
0 228
5 587
17 653
24 619
2 895
19 951
16 948
25 621
5 591
7 492
15 382
13 868
18 537
0 651
29 941
25 473
3 310
2 979
9 483
4 749
29 955
28 448
21 822
10 912
1 704
21 750
23 638
27 709
10 475
7 641
11 354
2 564
24 779
27 688
7 722
19 200
0 559
15 425
11 219
13 927
19 981
10 978
24 883
25 829
25 311
2 699
23 318
4 387
2 797
26 643
22 269
3 383
15 338
10 689
24 787
14 573
11 632
5 243
13 659
22 902
16 748
10 293
4 333
20 917
16 784
6 687
27 492
23 502
2 575
27 211
14 818
1 854
10 693
19 331
23 760
9 461
3 278
5 270
12 728
3 343
24 930
19 703
25 884
28 419
28 799
6 818
6 694
16 401
23 698
28 236
10 438
14 837
19 705
0 706
21 785
10 641
16 594
23 592
28 927
28 823
28 985
10 617
26 726
21 402
15 658
29 750
11 519
25 421
13 655
17 527
7 264
2 455
9 902
16 687
3 954
17 927
29 969
26 815
1 394
