1000
11 736
7 509
27 261
9 621
20 835
17 955
17 563
8 712
3 340
15 234
9 361
6 475
0 383
9 912
5 844
24 602
15 765
2 572
17 606
18 892
20 848
3 308
13 797
2 552
12 424
0 371
12 723
13 619
20 845
16 492
19 376
15 216
25 437
6 646
0 879
26 918
7 258
14 770
2 671
21 539
0 771
27 585
29 339
4 402
16 708
24 700
24 442
4 962
19 659
20 223
3 243
3 933
26 517
25 220
17 910
15 752
25 411
23 286
14 208
11 897
23 427
26 702
13 386
29 886
2 890
3 543
27 960
0 589
4 702
21 299
20 616
15 293
13 801
2 594
3 673
17 284
2 642
17 326
20 281
15 657
25 967
7 811
11 732
3 936
5 303
20 488
3 591
28 886
0 245
22 802
18 390
17 202
25 437
17 549
3 481
9 396
2 604
28 917
6 804
5 555
16 569
0 988
1 531
16 287
28 922
4 666
16 814
10 698
20 334
21 201
12 374
2 266
5 886
1 482
23 779
4 807
0 786
7 693
27 605
16 966
12 417
1 945
23 479
7 201
28 580
8 425
23 804
25 567
8 894
10 336
1 398
28 794
22 677
13 954
25 543
16 626
24 332
8 925
11 303
17 657
15 332
24 590
27 822
12 614
14 987
4 980
22 433
18 242
27 392
19 724
15 237
25 276
5 453
10 602
10 965
7 891
26 350
7 603
1 387
10 934
11 993
17 385
21 390
17 375
20 539
27 306
28 293
20 637
26 868
20 571
7 737
25 350
15 807
12 209
19 837
26 259
24 919
29 564
7 436
14 491
22 679
17 510
26 541
12 786
8 994
16 419
0 949
4 564
0 893
15 798
14 715
17 829
21 347
19 880
25 643
21 857
18 714
25 565
11 881
27 215
14 851
6 655
4 402
14 712
18 217
19 654
26 259
27 764
21 570
13 307
1 529
7 204
2 346
20 674
27 459
0 813
7 466
28 390
4 334
0 554
26 466
7 885
3 262
19 434
27 441
22 735
5 209
12 768
3 492
19 502
10 680
20 767
13 770
14 530
22 739
14 749
11 365
29 729
3 961
25 753
21 397
27 896
24 706
8 216
7 729
1 438
1 712
11 901
6 573
29 902
10 596
19 369
21 204
6 786
2 651
20 202
15 799
19 761
15 593
2 937
6 743
26 978
4 434
20 546
22 972
4 477
9 947
28 293
25 436
26 763
26 394
13 407
0 334
23 652
22 400
25 730
14 349
9 277
14 509
23 247
25 295
3 330
15 782
8 770
28 233
8 642
4 874
19 875
13 956
3 804
19 342
11 801
20 886
1 841
28 808
24 819
25 467
25 915
29 726
19 414
0 710
11 527
13 486
21 360
0 601
21 353
24 729
28 738
1 852
2 567
26 291
15 443
13 355
15 735
5 623
2 703
10 437
3 380
16 866
14 809
2 287
11 870
22 362
7 993
25 988
23 203
0 570
26 804
29 563
6 622
7 954
29 668
9 938
7 714
12 552
11 227
28 381
2 620
26 780
9 470
5 830
18 308
10 582
23 773
7 530
8 432
23 330
8 449
10 948
12 901
6 567
26 928
26 451
22 602
29 568
3 666
28 476
12 518
12 785
23 447
10 232
23 725
29 786
5 486
21 269
25 245
3 584
25 749
22 326
29 483
7 663
4 705
4 584
24 616
6 961
17 678
5 259
29 668
25 923
22 664
29 900
16 603
22 448
2 726
8 579
7 217
11 378
16 676
9 723
17 700
3 705
15 426
23 609
5 591
15 302
5 923
28 279
27 531
16 478
13 240
1 661
20 368
22 482
28 811
13 304
11 821
14 510
28 270
1 392
27 921
20 395
17 397
15 354
17 968
2 926
17 228
2 641
14 490
21 599
11 390
21 547
24 998
14 930
25 857
13 440
8 735
5 660
24 782
28 835
8 755
20 365
15 843
20 818
24 280
2 886
3 952
4 914
28 410
24 412
14 813
2 932
16 808
7 781
2 460
9 701
10 451
22 536
13 299
25 606
9 905
7 609
27 883
6 218
6 401
3 399
9 384
14 263
23 596
29 923
19 659
22 400
9 886
28 844
18 466
9 673
9 252
20 955
7 358
10 373
16 984
19 504
29 253
25 502
16 456
19 886
27 630
5 400
3 580
29 250
19 271
15 451
12 894
13 671
13 319
11 522
22 250
5 966
19 790
9 356
10 315
18 658
3 947
12 588
19 604
20 961
8 760
22 317
4 946
13 841
23 591
18 942
3 462
9 265
6 958
21 340
6 234
5 346
27 494
7 918
29 834
21 713
18 430
20 729
15 724
21 845
17 626
26 636
16 286
19 236
25 852
5 688
22 538
24 356
5 850
15 483
2 704
29 688
11 443
6 727
18 268
10 313
8 976
6 386
12 792
27 760
14 228
16 253
11 420
24 264
4 343
4 584
8 854
10 904
7 468
0 542
12 250
21 567
4 423
16 940
3 884
24 670
28 858
0 828
24 1000
18 381
7 656
18 739
2 471
8 938
15 546
18 576
14 887
29 268
16 975
27 362
25 455
16 378
9 313
1 796
20 606
24 972
17 214
9 400
8 920
20 590
16 929
20 270
6 702
7 586
20 251
18 281
9 331
20 532
6 473
4 621
25 576
3 656
29 241
3 859
21 628
19 868
25 855
22 687
8 295
3 269
5 390
2 474
14 929
14 456
6 887
24 552
16 576
0 424
24 510
22 475
12 646
4 925
6 873
14 704
19 564
17 466
10 422
20 361
19 244
1 878
25 292
16 462
25 501
16 576
4 659
22 364
1 466
10 585
26 397
25 978
12 836
17 471
21 621
13 709
14 510
23 308
10 764
9 597
20 582
0 279
19 438
3 402
26 850
20 535
3 497
1 682
23 925
25 970
19 218
4 891
8 617
15 728
9 726
6 433
21 631
12 260
29 611
11 726
10 558
24 414
5 325
1 992
1 332
21 850
5 841
17 289
23 471
16 300
17 712
2 592
7 297
25 375
20 390
19 546
17 339
20 766
7 656
8 464
10 507
24 656
21 976
10 974
10 701
22 711
0 703
0 687
13 200
29 910
4 650
12 526
16 929
10 599
5 989
25 460
6 363
2 521
14 647
14 288
16 726
18 275
7 269
1 513
15 668
25 822
5 707
20 318
19 845
5 624
16 880
9 304
21 690
17 898
22 343
23 377
19 206
4 994
1 512
26 914
15 363
13 715
16 675
6 808
16 833
3 844
12 859
0 206
24 943
1 441
15 940
6 528
17 876
25 781
14 303
22 587
23 507
13 269
27 575
2 423
3 908
9 221
23 204
8 922
9 657
13 924
25 586
17 876
9 648
4 564
17 538
6 533
23 502
1 588
2 943
29 959
4 561
21 236
28 598
19 785
14 290
24 606
29 351
21 365
0 618
4 863
23 314
22 458
26 399
3 514
25 985
15 946
11 766
17 655
5 829
23 319
15 780
2 549
5 844
15 518
21 666
1 583
9 365
9 914
26 556
6 886
26 795
5 813
25 652
26 441
20 702
1 214
23 726
6 656
20 559
27 262
25 723
15 740
12 713
21 576
5 225
26 443
7 269
6 707
2 381
3 985
5 315
6 240
15 211
8 417
6 384
5 321
21 356
6 208
18 295
24 717
20 471
23 546
29 677
10 651
12 269
2 210
1 690
26 670
10 973
6 947
19 566
0 452
20 653
8 457
26 902
7 924
16 533
23 745
29 618
3 288
20 657
23 611
4 725
15 908
28 323
26 347
28 415
28 985
20 644
13 638
8 530
23 372
14 845
16 955
28 814
8 471
1 618
24 523
9 648
10 936
27 982
16 289
18 801
14 818
29 675
12 820
17 510
17 926
20 266
0 824
1 642
25 404
24 726
10 403
23 558
9 968
27 763
17 430
16 679
16 642
9 811
11 358
14 418
7 909
27 215
12 601
9 904
9 392
7 973
16 447
2 212
4 509
6 490
25 781
11 725
13 543
28 527
19 933
9 817
4 226
9 264
11 830
3 884
20 593
17 711
0 315
29 964
14 670
24 344
17 339
1 697
5 235
25 273
8 496
16 621
27 688
18 996
15 218
20 426
20 864
7 501
28 476
17 480
19 560
0 595
17 370
1 923
21 705
21 828
9 616
8 378
2 916
8 351
27 534
2 930
8 606
20 497
19 561
21 700
24 206
29 490
28 895
27 502
23 950
1 262
2 474
7 887
20 674
26 969
17 525
9 231
27 764
10 325
16 476
12 530
16 867
17 229
14 203
1 553
20 830
20 401
3 924
8 597
10 908
8 684
2 642
28 815
11 313
0 508
25 290
20 992
5 936
0 805
19 489
19 683
26 942
20 273
18 206
22 688
10 785
11 439
19 980
16 633
13 768
9 269
20 767
27 961
29 202
13 710
3 447
5 792
16 743
22 726
15 472
16 259
10 453
1 753
1 507
20 547
16 379
17 204
6 361
22 986
13 475
0 895
17 559
10 640
1 421
28 500
6 209
8 605
