1000
10 538
11 876
8 230
3 261
27 440
13 261
2 628
26 386
12 952
1 527
13 723
20 456
24 775
21 830
27 518
18 481
21 823
1 695
13 397
19 523
28 293
6 820
6 769
11 371
6 961
1 685
7 681
5 925
9 939
16 476
5 388
0 491
8 233
28 319
12 529
10 840
19 853
2 231
29 484
27 760
4 599
23 473
9 957
15 529
20 636
12 722
1 698
23 630
10 551
16 363
23 891
3 788
23 630
4 441
21 466
16 594
15 535
27 748
25 719
15 868
6 776
25 891
26 549
10 703
22 537
26 541
27 474
29 592
18 288
4 501
0 445
21 514
14 655
27 967
6 447
9 925
14 544
16 891
20 499
15 383
17 408
9 275
18 503
5 781
16 434
6 342
8 751
11 899
25 843
14 390
23 443
11 732
9 817
1 266
8 693
24 553
18 626
27 499
2 582
11 651
22 889
18 793
3 658
29 926
6 800
11 346
27 939
1 759
20 512
19 786
14 585
29 260
1 576
6 484
2 406
13 214
4 210
28 659
15 912
24 490
25 904
19 671
8 538
27 819
12 703
9 842
25 292
18 898
23 366
2 790
16 885
25 244
25 487
15 767
20 322
12 990
13 508
19 327
15 337
22 847
15 240
18 720
11 359
27 574
1 494
11 543
24 737
5 894
11 498
22 609
13 797
17 779
18 515
23 962
29 990
17 579
15 684
11 516
5 507
23 683
20 483
14 328
9 214
8 276
26 566
2 698
15 391
11 269
4 852
10 454
1 849
4 983
27 584
22 424
17 636
11 267
12 546
1 623
19 988
11 239
8 224
27 605
12 632
25 837
13 851
26 397
20 881
26 312
18 855
7 720
19 435
3 210
23 497
21 627
20 252
28 259
12 211
18 351
11 790
14 882
27 286
20 746
23 333
1 990
5 392
8 936
27 871
6 559
8 390
26 874
17 786
9 481
12 798
3 244
15 803
7 430
12 980
24 357
6 560
3 855
21 598
12 886
1 945
27 408
27 845
27 994
12 383
23 879
14 692
6 997
24 879
14 913
24 240
23 437
6 571
23 464
20 964
22 606
9 202
18 886
14 317
24 444
5 889
9 967
23 683
16 564
14 692
3 697
6 795
1 477
21 947
3 758
15 759
28 431
23 999
8 576
22 759
7 777
12 533
6 849
15 891
8 319
28 633
15 348
29 647
19 976
17 226
10 295
13 297
28 454
27 215
18 953
14 842
28 518
3 820
26 589
23 364
10 477
28 796
0 973
22 254
28 211
4 494
18 811
4 949
3 387
10 582
27 207
22 354
19 726
23 991
10 979
0 379
4 270
4 385
0 409
13 290
0 530
16 738
8 563
14 860
5 320
17 607
13 620
27 343
14 504
22 571
9 453
17 601
5 312
24 685
14 573
18 710
20 340
0 615
7 435
10 577
23 599
23 676
8 925
11 860
12 681
23 476
14 365
19 849
13 968
7 769
11 814
17 610
20 847
5 530
14 752
20 935
26 575
29 499
6 246
5 590
6 425
3 331
2 887
13 959
2 371
3 252
18 406
12 203
5 356
0 645
23 848
21 433
1 325
12 629
13 609
14 363
6 475
15 395
9 414
11 351
26 922
11 200
14 202
23 330
26 863
10 777
2 722
18 318
28 286
13 636
23 551
9 253
6 833
2 202
27 498
12 329
0 609
24 746
20 904
13 613
3 343
0 368
11 279
12 730
15 233
22 684
16 805
12 414
17 739
2 926
24 722
6 349
25 742
9 895
22 475
19 545
22 537
18 435
23 465
18 644
5 607
25 600
23 735
27 912
17 836
9 469
29 403
1 442
10 394
25 493
26 526
22 927
25 280
16 940
21 308
19 644
14 541
27 776
3 822
11 371
14 563
8 772
28 841
26 815
25 248
22 857
25 448
17 277
7 676
19 459
21 542
3 821
16 842
9 332
19 800
5 461
28 417
9 756
21 991
28 226
0 986
9 342
2 212
3 768
1 502
11 592
19 382
21 440
24 284
5 322
16 309
27 785
3 660
16 819
1 623
23 603
25 850
16 1000
22 637
1 693
10 551
3 505
20 737
18 701
13 487
25 380
25 450
14 684
1 896
9 916
19 207
20 398
13 362
26 857
19 695
28 269
18 735
10 723
7 738
4 245
17 713
18 310
12 913
8 962
21 444
13 574
27 305
1 861
24 930
4 333
0 572
3 427
7 456
16 278
19 926
18 827
6 665
20 973
0 502
22 400
6 297
2 971
23 236
18 913
3 646
16 588
22 636
5 908
19 621
0 621
27 691
12 601
9 200
27 303
25 474
20 364
25 656
11 231
17 388
13 428
28 605
16 883
8 926
28 794
10 839
25 901
13 496
22 934
12 588
25 911
1 559
15 822
2 629
19 219
5 480
17 803
15 767
26 542
24 662
22 580
6 211
8 416
19 305
11 308
17 392
7 288
21 422
29 891
8 365
7 289
22 864
19 569
2 434
4 566
21 888
22 875
29 205
22 722
2 290
27 545
18 906
22 619
13 988
22 417
28 400
13 825
22 222
14 787
18 386
9 329
16 743
19 827
16 698
1 294
7 646
19 615
15 766
25 432
15 248
12 991
4 306
2 306
0 509
22 900
18 676
9 649
1 566
9 408
26 954
27 935
10 335
16 868
21 647
17 256
18 369
28 440
19 513
20 820
1 550
0 996
5 743
13 920
4 471
9 579
11 442
5 728
20 990
6 620
25 625
11 675
13 733
19 705
2 356
26 824
20 814
6 605
15 731
22 862
24 386
5 420
6 816
6 708
27 769
1 247
21 610
28 289
28 314
4 933
22 783
24 572
27 228
7 880
29 342
29 370
12 606
4 232
3 557
4 953
27 991
27 296
29 834
18 428
17 930
22 308
21 940
4 297
13 622
5 714
14 643
0 208
4 402
5 461
28 823
22 536
22 856
25 560
16 460
6 300
10 614
28 301
5 525
23 803
11 591
18 491
3 250
2 503
24 436
27 760
14 808
13 244
21 706
18 706
3 948
6 779
6 922
17 946
25 509
28 709
11 506
10 205
28 358
28 243
2 585
13 558
7 524
14 392
16 838
5 742
29 897
15 570
22 367
4 276
2 669
14 819
6 492
13 485
22 306
22 957
19 380
21 295
14 609
15 948
17 495
29 551
24 536
18 858
27 611
28 667
13 342
1 213
13 540
12 595
20 793
21 434
11 841
3 635
22 985
26 987
10 255
18 943
27 908
5 378
17 406
28 650
7 692
9 802
11 579
1 628
14 804
12 847
6 247
13 284
9 908
14 689
8 839
15 604
17 571
16 956
28 764
25 397
19 884
6 924
9 205
8 779
3 652
11 335
4 452
18 552
21 351
11 586
1 838
25 766
15 784
21 240
10 639
10 878
11 952
15 797
28 972
12 599
22 762
14 381
14 609
8 778
23 990
8 669
23 720
11 599
3 769
0 366
18 755
17 715
18 510
5 323
12 624
1 483
9 232
13 816
9 684
5 548
0 855
16 278
20 259
28 315
12 778
8 314
13 622
0 219
28 385
6 670
3 352
26 228
18 670
20 975
19 391
2 579
17 286
2 488
15 715
16 373
5 678
29 257
21 982
9 744
25 776
7 506
29 943
14 637
25 726
22 722
18 761
4 819
14 952
15 352
18 317
16 346
27 974
10 237
15 485
17 689
16 990
10 530
19 820
6 988
18 675
3 821
0 233
0 865
17 335
9 360
5 247
22 370
1 942
0 231
29 856
25 513
15 450
14 211
19 266
25 985
21 267
11 351
22 497
7 459
1 716
11 360
14 752
2 617
5 254
17 740
0 441
24 692
4 474
20 627
1 514
21 953
11 428
6 535
4 862
15 466
18 249
28 804
21 961
19 401
1 377
21 430
15 317
19 598
25 928
25 993
10 960
10 898
12 579
22 950
12 368
10 585
13 514
9 679
29 262
10 727
23 860
24 452
17 345
26 507
22 452
19 698
4 588
14 581
26 407
10 467
27 560
3 435
24 286
26 841
23 681
26 966
22 848
22 391
18 544
10 817
14 264
7 885
1 609
27 505
3 627
27 879
17 344
23 659
20 902
16 511
4 456
4 628
3 598
10 767
2 970
4 553
10 302
10 231
16 533
19 538
8 403
29 884
25 476
16 983
2 939
26 613
28 511
5 551
15 575
2 700
24 645
10 420
8 461
20 485
12 718
6 745
7 222
6 588
28 541
29 607
24 755
18 911
14 290
17 703
6 609
19 709
1 490
21 410
1 966
6 673
21 569
28 638
29 441
22 335
22 377
15 346
23 614
21 872
26 711
21 959
8 235
18 412
21 849
17 679
18 741
13 513
6 855
15 533
12 978
29 350
0 360
6 742
28 787
9 454
19 414
26 768
18 391
9 502
24 650
14 212
21 606
0 900
28 322
9 370
26 590
8 666
29 366
10 326
8 631
10 297
12 456
28 260
8 384
28 456
8 282
29 929
5 584
17 766
2 631
14 811
29 380
17 733
6 479
