1000
0 997
11 205
21 301
5 244
4 912
7 607
18 510
2 535
23 729
8 724
6 803
19 614
8 736
2 856
0 616
13 467
21 932
11 615
10 725
26 296
21 373
6 987
0 832
14 295
13 254
23 567
16 393
10 733
9 966
19 866
16 334
25 435
28 681
10 616
27 644
21 735
9 926
26 929
9 550
3 247
8 706
7 626
13 610
16 823
4 538
18 893
7 460
9 355
25 999
14 846
13 860
27 451
18 774
9 528
12 335
2 397
14 533
23 972
27 456
7 915
1 258
25 285
4 936
25 464
3 850
29 1000
14 886
18 437
20 706
10 388
25 699
11 571
4 294
10 808
20 235
18 261
29 367
13 233
24 613
1 247
6 767
13 627
14 257
25 339
5 978
10 547
2 929
1 849
3 353
4 631
17 573
17 353
22 1000
28 307
12 748
5 210
8 788
8 995
5 399
4 321
23 594
26 669
28 552
14 367
11 668
16 218
27 630
20 513
24 960
13 678
28 399
25 787
19 299
19 663
16 292
28 390
20 946
6 399
16 434
13 576
1 715
23 940
15 954
8 752
22 784
17 443
24 443
29 520
12 921
14 804
6 544
11 515
12 411
29 787
17 317
7 827
9 969
4 396
16 841
12 641
15 343
4 701
9 388
18 843
5 365
28 849
28 466
25 707
12 710
4 978
13 401
22 894
20 925
12 991
14 656
28 851
17 724
9 303
16 872
3 415
10 594
18 706
14 337
5 742
1 318
19 252
12 741
9 213
21 396
16 420
29 871
12 911
12 374
28 706
25 558
17 980
10 442
26 365
4 239
14 342
7 375
17 789
17 761
26 880
0 281
0 892
14 476
12 490
2 469
18 261
3 718
11 286
25 437
21 840
27 990
17 919
22 213
29 682
3 294
3 983
29 925
10 272
26 940
21 339
12 687
16 293
26 293
4 313
9 201
5 599
29 599
18 814
23 710
6 885
21 743
21 913
29 736
6 607
1 744
2 419
6 594
18 430
16 897
7 229
4 398
19 755
1 633
16 419
4 219
23 944
27 356
5 359
6 763
2 433
7 538
28 949
9 644
1 385
18 445
7 442
26 608
24 374
8 927
24 445
15 666
7 858
0 333
15 564
4 840
28 226
5 206
16 295
25 864
16 671
28 313
12 991
4 384
24 755
15 512
23 670
19 644
14 727
27 678
10 778
0 826
8 662
20 798
7 666
27 327
28 516
25 614
11 785
16 672
17 990
5 623
25 929
1 616
2 838
10 990
24 942
16 759
1 990
8 938
9 413
6 932
6 610
2 684
26 479
3 813
8 727
3 651
19 347
18 406
20 813
24 387
25 808
6 980
20 962
25 492
24 351
3 742
28 910
11 614
3 209
18 478
9 242
19 512
11 841
21 993
10 334
25 503
14 606
14 397
18 258
16 971
17 266
11 867
28 546
16 557
7 915
22 411
0 267
23 689
7 631
1 664
4 940
3 426
17 790
5 204
5 215
9 861
25 454
17 539
8 389
23 501
28 842
24 831
25 957
4 883
9 968
22 567
15 481
10 492
6 375
6 248
15 282
5 691
27 994
15 460
18 210
28 932
4 768
28 320
17 578
21 310
17 395
22 818
19 564
2 405
28 549
1 780
20 627
22 224
23 793
8 335
3 861
1 371
16 975
12 849
17 367
28 467
2 720
23 587
21 360
27 538
10 857
24 585
23 980
6 704
1 821
17 589
13 389
21 322
27 228
4 370
16 784
13 234
26 534
6 887
20 406
22 365
22 255
26 300
14 821
17 754
1 976
12 772
15 497
18 958
14 713
23 659
28 315
26 389
2 297
7 671
7 840
10 912
10 681
19 1000
4 984
9 923
22 956
24 487
15 393
6 812
10 271
3 307
4 744
15 693
20 299
5 801
5 602
22 262
14 720
19 306
6 995
12 609
11 489
13 313
20 831
7 369
20 539
16 379
4 209
11 966
14 709
18 359
27 723
25 611
9 580
11 586
26 638
26 644
18 857
21 585
28 334
6 471
5 323
23 353
9 717
28 528
3 251
6 377
8 774
24 490
18 573
5 349
14 543
5 697
13 950
2 693
22 847
26 323
4 514
2 565
20 540
27 461
8 987
9 753
29 943
21 778
22 210
7 207
25 336
25 887
21 652
23 999
14 217
4 655
0 611
1 923
20 341
2 271
0 459
15 305
9 334
19 974
0 301
3 786
29 597
21 671
24 477
1 784
27 651
27 700
6 331
29 419
6 879
21 225
18 478
12 608
14 988
2 944
11 585
26 269
17 499
10 234
25 727
17 217
12 872
10 454
27 560
15 391
18 827
15 832
15 867
20 962
12 606
19 895
16 754
16 982
23 821
21 666
22 370
8 577
7 445
4 816
12 955
10 303
5 317
29 238
29 394
9 514
26 535
7 459
26 879
22 618
22 265
25 717
29 447
29 670
7 228
11 476
5 451
19 493
19 469
24 642
21 392
26 558
4 628
0 497
15 679
10 262
12 698
11 783
2 911
8 784
28 513
16 669
23 207
27 502
15 436
16 517
24 677
0 357
29 737
4 960
3 314
0 742
1 469
29 921
8 636
1 225
7 228
16 259
12 536
19 330
7 653
15 962
0 415
13 258
17 746
15 489
29 741
8 421
9 483
20 510
2 707
26 364
25 523
26 351
21 245
10 755
18 338
8 392
18 760
17 413
19 384
22 463
13 296
10 592
18 618
24 227
26 492
28 200
25 985
27 770
5 885
4 851
23 937
29 327
14 326
8 226
19 784
19 841
29 460
6 506
28 221
7 834
26 397
7 305
11 838
21 879
24 797
14 922
8 893
6 630
18 367
11 567
22 466
6 340
22 581
9 283
23 421
22 720
3 353
2 717
26 976
12 321
12 994
22 467
25 352
9 677
6 908
3 326
25 746
27 437
1 736
9 935
20 329
14 573
9 577
0 539
12 516
28 364
15 500
28 584
23 412
28 260
22 837
18 963
29 991
14 922
26 814
8 968
12 344
2 885
22 638
9 388
19 758
11 888
14 980
2 497
12 336
18 921
29 862
28 760
4 950
19 530
6 453
10 914
9 723
14 981
29 254
22 897
11 320
27 658
2 917
8 350
18 927
9 441
19 580
5 939
13 944
10 527
9 662
25 237
2 352
15 935
26 306
5 615
20 493
26 304
21 797
12 365
24 313
11 828
9 725
19 613
28 848
22 990
1 943
25 824
15 919
17 654
24 617
9 652
29 890
0 494
10 649
18 848
19 706
7 418
22 701
20 543
10 508
20 283
23 332
2 824
14 656
15 795
15 552
25 201
12 539
27 233
19 597
1 902
13 831
18 448
5 821
20 685
27 260
7 386
23 510
8 213
6 412
3 201
21 553
24 422
28 745
2 565
13 315
12 338
5 835
27 603
9 540
18 930
19 914
11 438
23 970
7 282
11 876
2 255
23 487
20 550
5 844
29 569
7 305
8 806
12 207
10 865
28 229
16 937
26 819
13 727
20 319
26 426
21 787
21 503
14 350
5 461
12 939
15 879
23 657
17 324
26 462
18 821
9 757
16 359
26 964
26 555
1 509
19 491
21 410
0 481
12 503
10 531
5 622
16 845
10 488
21 458
14 458
14 498
28 281
22 766
9 808
16 767
4 295
7 363
1 868
11 904
12 527
14 560
17 370
13 703
3 888
0 889
21 918
5 462
9 980
26 632
18 926
11 468
9 269
25 719
9 292
21 236
26 670
15 430
11 385
0 575
13 355
28 216
24 728
22 624
6 961
19 674
12 273
21 319
24 576
13 609
16 359
6 778
9 282
26 527
4 509
8 599
16 616
12 414
8 921
28 236
27 402
17 917
10 762
10 686
14 492
12 715
17 670
15 220
5 915
6 705
22 634
2 293
3 588
24 769
25 749
24 657
7 320
11 470
22 602
4 765
27 487
21 217
20 363
13 209
23 216
29 849
16 950
23 848
11 934
27 791
12 439
22 309
7 635
9 257
4 705
6 263
27 260
25 885
18 253
23 908
17 248
10 900
7 362
8 605
10 418
15 265
25 335
23 409
7 580
16 417
28 353
11 671
18 628
20 251
7 642
27 773
29 851
14 260
27 697
0 537
21 203
7 525
4 604
10 581
20 808
29 239
12 737
6 639
4 615
26 715
22 980
19 759
3 640
4 868
13 241
6 640
15 597
19 696
4 916
14 466
3 946
26 586
9 511
23 799
27 206
11 357
3 505
24 905
9 677
25 859
4 538
3 807
22 477
25 349
6 791
29 271
25 955
7 707
5 757
28 242
15 977
25 250
27 466
28 527
20 806
13 396
25 997
4 495
15 628
1 656
28 705
2 826
13 327
23 544
13 753
7 312
26 596
17 842
13 618
15 368
21 618
24 286
16 585
4 366
20 404
6 757
10 811
12 838
14 995
25 391
3 806
6 761
14 914
12 810
9 856
6 547
15 255
12 997
6 933
3 771
20 613
29 262
19 861
11 816
18 961
29 706
27 473
12 395
28 371
