1000
0 858
26 464
0 744
5 744
0 769
15 500
16 659
0 734
12 682
22 745
2 669
9 402
6 611
2 745
5 548
19 673
4 564
21 795
11 392
23 239
16 696
4 926
26 590
10 410
8 349
5 382
3 748
1 846
6 506
1 883
19 982
16 408
18 261
15 959
7 984
23 1000
20 990
26 499
8 371
26 394
8 539
8 723
23 971
2 488
17 988
23 587
15 475
10 721
16 960
8 447
0 632
14 936
1 872
28 678
2 995
2 764
21 266
12 501
23 599
19 597
18 499
3 323
4 467
14 471
19 494
20 280
28 206
10 580
26 895
13 601
9 666
29 605
25 620
18 627
22 312
11 591
1 601
25 847
19 764
15 293
5 663
10 848
26 278
20 927
4 285
7 371
18 742
26 797
24 766
11 783
13 884
20 328
2 313
22 205
21 211
9 928
27 665
0 903
18 281
2 739
10 859
18 877
18 812
1 769
18 524
12 1000
4 713
4 839
27 701
22 920
20 444
0 954
23 854
10 740
29 656
7 461
26 724
6 303
25 789
16 233
26 656
23 762
29 492
10 855
15 429
27 685
19 504
2 694
21 849
8 985
18 409
25 372
29 289
3 829
5 496
4 550
4 624
3 240
26 665
12 887
13 896
3 263
6 512
3 965
28 711
8 808
11 488
10 738
11 996
5 540
7 843
22 752
6 859
1 620
26 758
14 350
6 517
24 769
28 332
21 502
12 223
21 901
21 908
11 263
28 635
26 834
20 370
18 456
20 476
21 748
26 970
22 560
26 865
24 359
6 335
24 376
12 938
22 463
28 742
23 318
27 445
16 791
22 894
8 283
18 727
14 557
13 975
9 250
3 514
24 247
23 236
27 680
17 339
13 537
8 701
5 273
12 1000
0 215
3 485
21 925
22 573
16 267
11 992
26 764
27 414
15 988
24 705
5 886
25 678
19 818
16 374
9 365
9 679
10 657
5 374
10 684
20 643
4 245
20 355
12 981
9 276
24 609
12 468
17 391
27 961
9 625
5 933
29 203
11 868
29 261
9 970
4 226
28 966
11 657
26 538
2 650
1 616
16 282
1 567
18 355
8 881
28 857
23 886
22 834
3 901
16 255
25 249
0 438
12 965
11 759
2 766
0 536
17 556
8 385
9 228
16 951
18 662
12 542
23 950
4 347
24 217
2 900
9 783
10 463
5 981
12 686
23 427
10 622
12 302
10 593
23 283
25 362
18 332
28 224
23 932
26 967
17 459
17 720
16 619
19 596
22 233
4 974
13 217
1 586
7 693
12 588
3 207
15 552
9 890
9 249
15 206
16 201
9 364
13 347
20 380
20 605
17 262
25 947
17 533
5 693
12 463
3 777
2 404
24 713
24 890
24 582
10 326
27 286
27 921
0 544
15 562
20 715
29 260
4 771
5 854
18 229
27 292
7 630
5 617
12 632
15 626
26 517
28 732
13 725
27 404
19 846
28 337
11 768
15 743
12 567
27 497
13 571
10 972
7 614
21 531
26 988
5 338
13 599
8 973
13 357
17 616
16 250
15 225
4 226
3 580
13 574
25 474
12 576
2 789
23 954
9 408
23 768
15 219
27 287
24 558
18 852
27 366
6 355
29 286
1 232
28 335
13 605
0 935
9 638
4 913
9 271
4 842
2 802
8 629
10 594
28 619
24 974
12 904
15 778
24 926
20 461
10 386
27 513
20 570
21 333
22 930
25 695
4 480
11 929
19 401
11 560
2 752
21 939
2 909
20 691
21 416
22 770
16 884
5 723
22 588
27 604
15 952
10 380
12 439
13 830
7 864
4 620
12 591
8 871
23 289
2 535
21 517
19 418
19 654
25 491
20 899
29 804
7 724
22 633
7 568
29 437
0 858
13 853
23 710
0 719
8 391
27 523
19 373
9 868
9 741
5 236
12 678
19 871
10 264
8 532
8 843
11 299
14 860
6 850
18 786
22 428
24 355
22 866
5 806
22 981
13 519
0 767
15 659
16 629
14 764
5 464
17 679
8 727
6 827
11 471
28 208
16 624
2 913
27 989
22 610
24 931
15 525
5 989
22 457
2 646
22 575
10 318
28 906
23 573
10 214
29 345
12 997
18 736
23 484
13 707
7 263
1 209
19 646
28 794
28 455
18 883
23 937
22 773
26 617
14 548
10 491
3 462
11 370
22 592
28 270
3 820
4 345
10 395
9 611
0 878
3 309
5 313
23 399
2 336
14 853
16 502
27 777
27 417
27 224
25 547
20 946
13 222
9 997
17 262
16 789
23 257
10 619
16 791
10 790
4 356
14 941
18 451
21 441
18 867
22 266
24 577
18 677
7 323
18 653
14 372
26 651
2 697
14 395
25 834
8 766
25 632
22 338
12 835
4 393
6 344
16 677
21 596
12 456
17 938
16 404
7 380
26 375
3 470
5 809
15 220
12 517
10 741
12 641
7 335
13 838
4 906
29 363
18 549
4 736
17 599
11 512
2 702
13 664
20 663
22 648
15 627
7 224
4 858
14 231
29 375
2 772
9 792
25 304
5 783
4 510
1 564
26 591
22 220
13 898
10 304
13 902
4 287
2 473
13 998
14 382
5 728
11 378
7 967
6 755
22 617
1 788
18 657
21 277
9 782
6 894
15 767
6 594
23 869
29 387
16 253
16 745
13 846
22 754
7 919
26 609
20 557
7 512
18 311
3 848
2 722
13 312
27 514
13 429
13 455
14 450
4 990
14 392
12 408
1 716
0 753
24 490
23 500
11 366
12 763
28 410
3 680
3 664
22 334
7 964
21 362
8 901
11 979
18 715
4 482
25 349
15 334
16 815
8 660
14 786
0 626
13 752
2 848
21 441
12 216
11 414
27 564
27 390
17 695
10 660
2 929
1 320
0 361
20 634
22 930
23 463
8 591
29 303
23 918
16 948
23 870
15 698
27 908
23 355
17 610
4 890
29 748
29 589
10 779
27 669
16 931
27 744
1 714
3 868
13 336
24 290
5 806
11 593
5 485
11 458
18 962
29 931
26 476
24 365
16 707
26 998
23 249
11 301
12 346
20 819
15 889
22 833
10 331
9 689
8 524
17 948
29 201
15 708
5 219
21 464
2 576
12 806
1 244
17 988
24 697
28 532
1 503
18 973
4 636
8 745
26 831
6 700
25 490
3 782
3 605
14 779
8 934
20 687
10 730
28 709
13 719
26 277
13 643
9 886
3 823
6 844
29 396
26 267
17 837
29 731
20 790
13 915
0 998
10 316
25 528
28 426
2 223
8 577
26 675
14 435
23 975
20 989
24 661
16 823
17 884
24 966
3 657
27 944
5 349
17 598
23 975
27 245
24 587
21 228
8 211
12 460
27 623
28 438
10 483
14 263
21 873
5 868
23 995
2 785
8 850
8 582
8 834
29 335
0 917
3 428
5 733
10 237
2 331
3 997
21 640
11 862
24 864
10 406
9 855
0 965
21 414
21 935
20 731
10 536
26 467
2 572
17 948
1 327
19 247
9 976
27 206
18 356
18 499
20 241
15 492
4 478
2 842
11 805
20 933
12 613
23 303
29 961
15 523
20 792
3 430
22 801
23 675
4 333
26 274
21 533
6 646
12 349
16 253
3 845
28 274
3 654
7 906
21 438
7 570
19 584
25 520
9 593
12 961
27 837
0 892
29 368
10 325
8 326
12 576
29 449
7 561
3 794
28 647
19 217
8 317
3 373
12 884
13 802
29 617
14 682
16 416
20 637
7 745
3 336
21 311
27 470
9 750
7 872
14 221
28 760
10 404
11 869
18 240
16 255
11 589
16 457
3 233
2 312
10 544
8 682
21 847
27 271
28 763
27 662
29 751
3 707
27 579
15 766
10 616
18 1000
10 991
0 765
5 314
18 831
29 404
13 437
18 348
26 433
14 415
19 737
0 746
11 541
26 297
15 350
29 962
27 876
13 909
23 614
26 310
6 741
9 219
16 226
6 816
20 337
14 736
17 268
10 741
18 797
2 358
5 223
8 222
16 603
20 399
6 488
11 833
25 620
22 586
10 730
13 882
26 908
1 948
21 954
4 995
21 876
0 655
28 989
3 946
26 364
14 451
25 1000
24 718
0 900
22 407
17 400
4 941
4 460
4 566
13 706
24 612
25 924
3 917
2 836
14 297
26 561
23 339
8 876
23 849
19 848
9 968
3 492
3 482
26 464
1 938
4 221
4 949
2 969
26 974
21 379
29 317
3 798
3 926
12 447
6 683
21 544
11 754
11 371
29 772
14 397
24 850
21 970
8 543
0 496
15 269
0 504
2 498
12 994
11 794
8 328
0 351
26 715
13 696
15 682
2 324
9 906
26 315
3 923
22 818
27 926
23 256
13 622
0 247
8 332
15 412
26 592
23 809
14 329
13 742
13 485
17 210
19 396
25 696
2 592
4 416
20 236
14 506
9 834
19 202
25 643
21 777
26 724
19 809
23 846
28 792
28 681
25 739
11 690
24 964
11 376
27 341
17 441
3 793
