1000
19 922
2 857
24 983
18 826
13 594
15 520
25 318
29 484
21 934
29 535
7 253
10 383
13 354
1 229
24 849
16 284
5 267
3 418
23 258
10 478
7 997
10 437
7 921
22 569
15 844
8 725
1 879
5 918
8 203
15 558
10 966
16 232
16 485
5 654
10 980
23 875
0 567
3 992
17 488
15 680
6 380
12 636
7 280
8 328
7 378
28 460
7 498
13 956
13 313
20 248
28 624
22 455
4 228
18 689
7 894
13 877
17 975
26 941
2 298
4 541
18 803
1 673
9 291
19 816
2 849
27 540
4 997
15 901
22 819
8 661
8 305
8 512
17 210
19 387
8 280
14 310
17 839
3 269
24 742
3 954
9 507
21 616
7 696
25 431
17 567
1 456
26 754
18 482
14 812
11 361
7 412
9 687
24 515
12 571
10 489
27 332
1 460
23 917
3 254
8 736
8 475
14 367
10 450
0 625
3 796
26 682
8 825
2 336
18 818
11 741
26 653
14 282
27 221
11 797
28 371
27 500
25 204
9 241
3 726
10 831
11 489
23 663
29 683
25 847
5 901
14 870
20 357
10 272
7 582
13 503
5 882
26 800
4 741
29 202
28 252
11 780
13 559
24 841
19 377
24 544
21 896
9 945
16 375
25 980
14 522
21 576
12 507
12 769
25 831
12 687
1 328
4 274
24 721
26 443
28 617
24 238
8 357
18 211
16 894
27 543
10 479
25 292
15 201
17 475
21 260
29 370
26 749
15 931
1 266
14 200
2 415
23 933
15 905
9 305
23 711
24 883
19 457
12 576
0 890
25 776
21 930
12 908
9 569
20 526
1 976
2 932
26 920
15 319
6 882
6 799
25 950
3 970
23 961
5 836
24 719
15 996
21 586
5 508
21 363
16 485
21 912
19 854
18 319
18 793
12 587
10 534
18 331
8 463
23 309
27 1000
21 537
13 452
10 429
23 955
21 342
18 607
2 353
16 562
13 621
2 993
14 546
21 778
24 233
2 518
1 623
7 835
2 516
6 492
9 390
15 383
9 364
15 469
29 926
20 926
23 548
20 541
13 254
26 426
5 882
26 680
2 216
21 263
12 755
27 406
10 300
1 974
7 741
4 500
13 826
4 936
7 205
26 640
10 647
26 735
14 484
13 451
17 772
2 552
2 303
7 739
4 834
9 599
17 758
16 802
14 717
13 803
5 844
29 814
19 846
0 539
27 344
9 297
3 772
7 411
1 925
2 324
19 365
10 279
19 786
14 933
7 701
1 862
29 999
2 614
24 881
29 428
28 770
27 327
7 219
2 772
26 601
29 399
8 632
1 998
29 660
0 455
17 654
22 672
24 456
21 263
20 202
25 703
22 216
20 601
11 625
19 330
8 317
13 738
19 301
2 887
2 965
24 578
20 550
19 544
25 632
15 825
23 691
5 222
14 718
9 327
1 212
23 770
18 201
10 934
3 898
23 714
0 806
22 484
26 469
8 874
18 831
8 755
26 480
3 576
17 691
3 286
11 203
21 418
8 944
5 327
3 264
26 253
2 441
4 238
8 415
27 646
17 744
1 267
26 227
0 719
18 512
29 605
23 988
3 446
20 1000
10 541
26 788
20 525
13 342
19 381
10 964
20 525
1 468
19 413
12 929
13 310
1 594
14 807
6 849
16 484
22 685
25 342
14 632
24 458
19 959
27 627
18 299
18 551
8 507
7 327
19 548
14 675
9 538
8 700
20 510
22 431
21 625
2 484
12 734
7 714
4 515
18 459
15 450
8 503
26 456
22 597
10 320
27 329
11 800
16 385
11 428
21 571
24 538
0 382
18 979
26 705
21 513
25 258
2 360
20 293
21 397
26 785
6 505
29 800
25 796
7 273
7 579
7 487
1 778
22 917
1 514
4 876
29 251
21 891
18 627
25 264
10 680
29 833
24 638
14 386
1 442
4 501
26 721
23 752
28 496
26 530
26 849
4 863
19 363
13 932
14 376
27 522
22 916
12 469
20 609
25 998
11 852
0 668
4 422
29 862
28 990
20 397
13 327
2 220
19 803
26 817
12 544
23 208
2 898
22 693
19 414
22 528
12 203
7 707
29 797
21 329
11 417
16 559
10 912
5 788
11 476
8 378
20 464
13 705
12 455
20 904
12 212
16 941
9 423
10 618
20 564
16 844
15 201
2 420
13 946
23 953
11 211
24 207
15 438
26 361
27 989
5 430
1 859
2 463
14 738
18 558
29 773
16 743
3 615
2 909
6 901
17 963
14 891
25 309
3 306
25 577
16 455
3 582
15 359
7 702
24 810
8 901
19 630
1 251
10 780
2 419
29 909
2 850
5 293
21 909
1 828
2 559
12 365
12 394
11 756
18 332
11 397
24 940
0 770
5 226
18 452
3 638
28 928
16 279
19 539
5 377
20 811
8 857
0 661
25 839
13 863
18 393
27 510
17 856
15 505
20 790
3 751
11 393
0 801
12 578
15 354
22 378
25 662
19 834
20 473
20 525
7 587
27 248
26 743
25 828
25 411
16 493
3 672
21 312
15 236
14 256
18 504
22 597
14 910
28 904
22 534
22 670
20 304
5 774
18 488
22 756
2 395
22 830
26 934
17 292
12 816
1 448
29 267
18 687
16 663
16 908
29 691
26 465
10 287
21 409
23 930
9 667
18 790
5 368
9 903
3 586
3 950
6 455
8 936
4 495
6 227
18 824
23 936
9 780
2 487
18 574
4 491
22 330
5 703
29 827
18 915
22 202
8 506
4 778
27 443
26 431
15 393
26 433
15 467
22 759
25 580
23 388
22 377
10 781
21 489
29 817
3 364
0 930
12 962
18 541
1 280
27 668
16 376
20 876
25 536
2 420
0 597
22 511
14 751
25 877
20 984
9 678
2 720
3 774
28 499
4 320
8 973
3 425
26 970
0 253
22 526
0 304
17 859
7 551
14 464
3 691
20 698
5 322
17 257
8 579
29 544
8 524
9 567
4 947
16 769
6 766
4 710
16 260
18 500
16 433
23 225
2 694
14 795
18 458
29 821
13 840
17 923
13 958
2 788
5 579
2 841
8 996
25 916
2 983
22 593
6 364
22 807
9 880
15 825
19 849
0 393
3 497
9 517
17 841
9 585
16 690
3 528
11 438
25 249
26 691
28 708
18 403
14 977
13 797
0 580
13 845
19 238
10 414
1 981
19 332
24 762
0 432
4 304
25 896
23 424
5 748
6 879
22 256
14 967
12 888
4 886
23 907
8 818
1 963
15 386
5 539
9 320
20 1000
19 543
16 638
5 744
0 467
12 971
8 902
5 740
6 331
7 347
14 776
23 398
26 524
26 458
28 262
6 542
12 535
22 483
9 656
3 650
23 254
25 261
5 377
11 758
15 691
28 231
15 210
17 630
11 275
29 279
1 454
24 387
6 930
12 546
29 833
2 303
24 641
5 396
16 704
17 415
22 296
0 295
17 681
5 577
25 675
29 648
18 881
15 963
28 890
8 673
3 324
1 521
12 617
29 362
22 234
2 967
24 229
12 223
23 336
13 440
10 475
1 278
6 276
7 563
29 663
22 858
16 795
20 478
16 215
15 962
16 702
0 477
10 279
1 860
20 305
10 250
16 409
8 383
27 526
21 669
6 989
4 778
10 324
21 284
29 739
25 328
1 640
7 371
11 614
26 537
6 524
5 500
26 204
6 211
18 358
28 775
13 896
13 628
4 825
12 843
28 286
9 754
9 524
28 224
26 984
19 954
25 343
1 503
29 556
29 260
28 591
1 392
6 378
2 840
12 254
4 898
21 684
3 287
18 226
9 647
5 351
6 868
22 770
13 467
20 865
15 214
17 361
18 694
28 221
24 227
1 556
13 446
25 525
20 976
22 743
13 936
14 363
6 372
6 767
21 747
14 899
16 283
14 415
26 274
8 507
19 652
1 357
5 612
9 572
16 824
29 760
22 245
18 422
25 230
20 855
20 545
16 805
23 911
1 710
17 209
13 627
24 613
10 435
28 429
16 374
8 657
25 516
18 375
17 857
3 528
2 257
24 875
16 643
9 732
11 559
20 930
28 395
1 488
27 214
18 742
2 442
4 526
11 928
11 785
24 521
20 394
15 608
27 851
12 637
0 405
17 891
7 921
19 569
3 627
14 225
14 843
14 556
1 767
25 784
22 646
10 764
9 495
5 298
4 609
28 803
29 936
24 661
21 834
18 425
19 566
29 884
16 557
28 971
1 261
3 491
14 329
19 718
14 431
24 420
2 613
11 423
23 788
7 710
24 919
22 790
10 351
6 403
11 710
21 732
8 281
25 911
12 216
17 880
18 766
25 886
24 782
15 519
21 791
14 462
6 344
20 605
29 866
4 295
18 644
26 733
24 723
10 603
5 421
26 763
16 683
25 475
4 447
25 975
10 254
10 535
28 389
4 909
24 912
26 720
7 941
18 890
1 284
9 537
22 706
8 993
14 304
20 404
19 292
21 889
10 940
7 377
8 468
29 713
