1000
16 709
28 627
20 279
17 456
7 560
22 539
2 531
8 439
19 557
11 822
14 260
29 526
0 941
16 527
11 732
29 230
23 442
26 909
19 337
13 737
21 611
1 288
24 500
28 690
13 734
7 853
19 590
21 599
29 628
21 629
21 368
6 532
7 883
22 534
3 387
6 243
24 215
9 295
3 827
9 501
15 714
17 583
18 288
12 763
22 271
25 821
26 915
8 943
7 900
13 505
13 223
23 596
28 897
15 457
0 965
25 583
0 590
20 284
2 261
8 210
1 277
25 286
12 769
27 566
8 601
22 794
14 719
10 340
20 886
23 734
29 390
26 499
23 566
8 697
16 500
13 609
26 255
15 917
17 250
2 630
20 699
28 437
22 776
0 377
16 331
28 790
11 486
7 504
15 954
7 932
12 662
10 695
15 482
17 813
11 289
26 393
8 817
4 482
0 649
27 344
12 424
7 932
22 340
21 835
13 808
19 412
23 835
7 964
19 502
6 785
13 926
6 428
23 305
16 293
5 263
2 685
3 882
17 760
20 710
8 732
27 357
15 587
24 348
28 879
28 566
26 961
16 772
5 789
7 597
15 343
15 781
12 751
6 899
27 310
17 352
7 287
1 248
25 956
10 415
2 698
20 758
13 543
5 688
10 351
13 724
26 959
24 514
24 891
27 262
17 624
1 584
9 611
4 1000
8 794
0 505
6 602
25 307
21 355
21 303
2 271
23 386
3 203
10 276
2 658
26 207
5 793
0 413
26 836
28 253
11 282
27 827
18 445
25 281
20 840
24 549
4 203
14 810
21 888
6 712
9 384
8 818
17 804
16 881
8 765
26 217
28 240
1 767
15 643
24 649
28 527
6 329
10 700
29 623
22 390
6 342
2 826
29 663
9 398
17 484
20 651
10 831
3 226
13 305
27 410
10 935
6 545
0 404
19 325
19 639
9 907
12 558
15 843
19 945
7 889
13 389
9 815
4 760
5 886
6 285
0 548
26 964
1 689
24 209
23 579
21 893
21 612
23 329
20 945
8 387
8 678
29 472
6 235
21 352
17 938
8 989
21 973
9 469
9 667
8 681
1 673
0 489
22 349
19 402
8 505
20 627
21 352
13 740
1 555
17 358
0 329
7 529
14 485
26 562
27 410
29 414
13 350
5 504
22 383
9 838
18 488
24 701
17 309
2 348
28 572
19 463
22 915
13 298
18 477
19 960
15 296
7 670
29 944
0 218
8 704
19 899
18 460
3 821
14 919
4 236
17 736
3 304
13 941
23 787
12 906
21 1000
16 681
8 962
24 389
7 390
5 225
5 531
22 368
5 423
4 814
27 493
10 374
14 815
8 919
27 386
15 574
15 1000
18 268
16 913
22 698
25 294
8 759
21 903
11 201
26 549
23 765
26 825
10 476
6 679
8 995
3 627
7 268
26 265
17 223
21 236
2 579
10 678
3 619
29 516
18 976
22 232
14 772
28 354
7 884
13 824
8 465
29 554
5 628
13 615
16 282
11 988
20 939
16 443
24 518
13 916
28 675
21 592
19 675
25 547
29 509
10 444
0 594
12 389
14 514
22 929
22 870
20 693
21 956
17 510
9 958
21 519
25 219
9 646
19 328
0 708
3 777
13 960
27 264
16 250
0 422
16 291
24 578
18 853
15 766
6 266
19 743
16 253
16 981
19 501
4 881
0 608
20 305
15 440
22 499
12 221
26 932
1 685
23 653
1 958
28 950
2 886
24 252
6 336
29 849
25 379
2 890
14 435
11 843
24 325
0 836
11 476
28 208
8 258
6 311
29 325
10 398
28 540
12 637
8 595
8 397
14 813
26 577
29 262
15 828
12 894
14 985
6 481
24 404
0 428
24 793
24 357
0 688
23 569
20 463
23 206
10 550
25 219
25 995
5 754
7 601
22 707
10 947
18 332
7 544
2 560
28 363
21 251
13 755
17 248
8 522
27 661
28 304
5 522
24 797
26 757
11 298
17 876
28 827
27 602
23 923
11 227
6 253
10 970
20 892
16 316
8 515
5 350
19 380
5 784
21 432
26 332
24 539
13 766
13 753
25 858
28 842
2 978
9 472
0 852
7 717
3 783
12 863
21 227
22 873
11 338
3 916
7 523
28 811
3 910
14 332
19 641
26 722
26 760
16 846
10 715
0 300
9 639
21 659
4 613
5 919
21 765
26 844
11 928
23 457
13 977
8 256
14 628
9 860
13 365
26 520
10 786
13 427
27 495
14 408
25 451
6 648
27 325
14 215
13 206
2 563
1 357
22 254
14 706
16 576
5 871
7 758
23 419
3 326
13 824
6 676
11 413
18 750
14 858
8 787
15 545
1 290
0 663
25 496
16 928
29 557
26 426
19 684
2 980
26 714
2 210
16 382
26 967
2 572
12 551
5 721
1 673
4 809
19 683
0 650
14 269
0 730
0 936
26 294
21 347
7 224
11 252
28 269
1 474
23 323
8 828
3 315
23 539
8 267
7 208
9 885
26 548
9 917
19 358
15 722
15 320
24 803
2 316
1 710
27 939
13 404
21 313
12 880
21 546
2 620
10 582
26 886
7 204
15 481
3 856
2 729
19 334
8 993
28 289
6 747
15 717
19 683
10 407
18 641
25 526
25 870
18 498
21 482
27 354
10 864
23 390
11 326
10 708
25 462
2 650
12 748
10 858
8 422
26 297
3 653
3 269
29 380
28 529
2 640
17 314
22 988
26 432
9 228
29 324
16 788
6 575
29 776
24 295
28 273
0 760
13 453
15 373
23 682
22 445
9 452
20 802
23 832
19 911
29 493
22 746
11 507
15 825
24 546
16 500
13 858
4 372
28 475
7 883
3 814
22 618
5 675
19 461
10 294
7 645
8 629
23 635
22 974
25 968
20 688
19 607
13 729
25 317
0 718
7 432
24 377
25 468
23 962
2 364
14 752
25 776
29 570
26 686
14 842
29 496
27 833
23 241
0 400
9 731
16 626
20 328
1 699
8 748
23 357
23 436
29 968
8 490
8 755
27 245
26 913
7 495
17 424
12 408
13 522
16 273
18 752
0 771
9 302
4 532
8 504
18 624
2 253
18 945
0 679
15 379
21 632
27 820
28 268
21 242
1 300
10 400
8 561
28 579
3 694
1 861
24 835
0 971
19 703
0 205
22 960
23 638
17 420
4 578
15 923
4 661
15 812
18 495
27 537
29 473
19 730
10 348
13 670
7 621
21 793
14 925
29 981
6 701
9 746
3 872
5 751
17 814
6 749
9 538
8 585
20 894
23 850
13 517
10 840
7 642
2 644
1 851
27 353
11 564
19 321
0 398
17 639
6 319
20 484
18 315
0 314
5 918
3 947
22 317
28 623
19 232
28 245
8 558
2 498
26 614
1 257
7 677
29 760
16 927
10 379
23 333
6 610
23 458
23 313
21 347
25 471
5 771
15 893
11 660
26 210
26 364
9 936
20 336
0 983
16 594
24 786
17 630
3 521
14 261
12 387
17 492
18 911
9 400
17 342
0 284
3 589
23 635
29 326
9 685
23 587
10 605
20 842
8 456
16 829
5 401
22 792
13 337
4 329
23 933
24 494
17 358
28 481
26 937
10 764
8 926
8 871
5 985
4 406
19 310
18 935
21 898
9 916
4 378
20 203
14 684
16 274
20 687
14 544
16 269
3 941
18 735
3 369
3 312
3 312
8 604
6 207
16 530
1 664
26 600
18 790
2 402
27 895
18 230
27 882
24 809
8 653
12 409
25 549
24 279
13 652
22 426
23 268
16 236
24 450
19 359
10 390
16 822
13 498
2 743
11 775
23 949
22 280
2 761
13 701
12 465
3 745
10 346
21 962
15 695
26 768
26 537
13 667
21 733
20 252
27 288
11 857
11 862
3 874
18 503
12 274
21 397
5 508
16 346
13 776
27 856
15 282
7 733
13 959
4 721
19 848
12 313
20 297
11 353
8 624
12 872
22 426
9 651
5 577
9 482
13 779
22 891
3 902
18 867
6 787
20 383
27 590
20 353
8 397
27 901
2 673
17 874
9 556
11 464
6 720
20 817
3 682
3 706
6 697
11 554
13 813
25 872
22 449
11 332
15 969
4 722
4 634
9 809
23 729
8 518
0 200
0 924
27 886
16 490
8 472
13 648
6 870
12 986
16 571
16 984
27 846
7 848
22 264
13 320
2 633
26 388
11 461
11 614
27 838
23 709
7 715
0 926
25 682
28 240
25 499
14 782
12 965
7 451
1 289
1 936
1 229
4 472
27 958
7 865
17 642
8 547
23 729
24 691
7 355
6 401
23 651
6 485
23 511
23 450
13 600
16 537
16 624
19 207
0 801
1 922
20 596
27 216
2 542
10 850
21 782
1 279
29 582
5 790
3 929
27 205
27 752
8 261
25 379
26 626
10 336
5 759
19 313
26 278
23 789
28 846
0 683
4 830
1 246
15 866
11 708
22 962
12 417
18 724
8 549
14 754
23 585
18 315
1 352
0 567
11 686
