1000
22 901
28 509
14 341
27 883
23 683
8 312
6 304
20 771
9 425
24 412
24 815
2 746
22 587
25 683
9 414
7 740
1 554
2 227
12 684
4 711
28 220
5 307
14 891
13 784
18 818
10 659
6 858
7 975
25 600
29 735
1 212
7 306
2 404
0 692
16 741
2 865
17 475
6 929
7 454
29 855
1 815
19 801
4 787
20 634
15 627
21 441
24 576
21 521
22 694
9 744
7 931
26 760
22 927
2 557
27 716
25 310
2 377
22 785
18 680
1 483
14 587
10 946
5 808
21 812
29 468
22 564
28 687
23 398
22 390
16 822
7 788
1 606
3 735
12 622
20 595
12 517
11 789
5 585
11 734
6 338
27 429
20 254
15 852
7 568
28 838
16 285
7 360
18 522
16 788
13 479
20 259
17 327
5 889
18 353
12 664
5 746
5 581
21 970
5 904
23 898
3 915
16 591
10 488
3 327
3 382
18 343
23 550
9 703
9 566
19 365
17 632
17 269
17 658
24 231
4 384
9 634
10 241
9 353
0 536
2 679
19 415
9 417
25 783
1 384
13 647
8 719
6 399
1 241
12 970
23 324
5 405
24 932
24 683
22 805
10 538
9 203
17 854
10 727
26 799
13 348
13 804
28 277
11 868
20 456
10 356
14 793
22 545
9 319
12 593
20 354
11 370
16 635
20 279
0 941
15 812
28 291
29 557
29 561
27 835
11 914
14 998
7 463
10 431
9 414
10 325
5 860
21 435
19 449
5 613
25 691
10 925
19 299
20 905
16 691
23 368
12 635
7 494
1 732
24 822
8 574
29 466
28 259
23 602
6 237
28 934
16 468
29 345
16 320
21 520
11 242
18 534
15 492
25 824
1 768
5 346
3 833
13 356
6 946
21 452
7 972
23 942
0 341
4 719
3 928
14 960
25 841
2 238
28 741
23 241
24 937
26 757
11 516
1 282
6 302
11 466
5 726
18 779
15 310
14 228
11 970
16 969
4 967
5 559
23 245
2 717
14 274
8 784
25 413
7 412
28 401
28 789
11 839
23 466
21 864
11 813
14 382
15 224
3 974
14 763
13 803
12 733
6 365
6 213
17 724
8 223
6 765
22 903
15 337
17 705
16 378
14 461
4 874
3 668
22 257
27 738
6 584
11 800
14 935
24 677
13 537
12 489
8 582
2 835
26 900
18 201
11 701
24 219
19 970
12 511
10 378
0 724
21 328
13 871
5 279
25 479
3 288
27 298
14 438
20 843
3 406
16 277
15 495
11 426
21 913
27 437
7 518
21 219
4 371
25 279
4 580
27 614
3 527
3 364
25 944
10 828
2 467
5 678
6 959
2 441
4 444
25 753
26 600
14 706
10 923
19 274
28 887
12 893
2 621
24 956
27 430
13 446
20 710
2 593
11 731
7 776
6 863
25 871
29 629
22 727
18 339
15 377
29 543
8 939
23 494
22 933
15 855
10 922
5 465
24 680
18 304
16 324
21 236
15 604
25 768
17 919
21 555
22 817
29 715
3 650
14 455
19 708
14 763
28 376
3 643
21 395
11 424
10 821
18 442
7 864
24 631
11 226
27 513
9 908
0 771
9 358
15 365
17 813
26 214
28 208
13 876
11 845
1 558
20 868
18 440
14 950
15 890
17 807
8 344
29 400
21 311
12 634
26 671
13 621
23 291
9 716
7 653
27 775
16 862
21 870
17 213
25 410
9 749
6 871
17 658
17 921
18 853
14 579
23 676
3 455
26 223
25 380
10 897
25 608
27 766
28 506
27 347
17 410
22 865
23 734
6 396
2 514
24 382
14 310
7 412
25 656
22 371
29 464
15 737
6 586
15 699
1 282
27 317
2 861
22 622
6 323
17 743
5 761
20 421
8 395
8 722
10 670
25 710
9 853
3 587
11 955
18 432
5 323
22 420
21 989
4 381
19 975
6 790
0 890
10 532
20 255
24 315
25 361
4 394
15 820
17 544
3 998
0 605
3 275
27 732
12 652
28 583
5 323
8 457
6 223
21 884
25 997
7 346
5 223
29 457
3 618
24 462
14 341
13 600
19 212
19 907
18 718
4 479
13 668
12 604
28 805
22 213
21 657
26 656
15 339
8 562
7 331
23 384
4 689
26 834
20 895
4 679
26 702
6 601
28 489
25 530
19 397
17 647
14 449
8 710
27 456
22 557
10 430
13 612
22 320
28 473
26 689
14 222
10 739
26 449
26 675
28 712
9 362
9 242
11 203
10 890
21 652
9 322
25 362
7 888
13 883
4 715
20 667
13 569
18 343
19 425
0 987
17 654
0 291
23 597
27 647
27 729
26 243
10 940
1 382
0 648
3 462
22 663
12 656
29 756
12 229
15 560
4 461
12 717
24 788
9 439
13 805
17 737
14 363
2 614
5 444
13 665
26 233
23 623
4 984
7 228
2 885
8 741
16 893
13 967
29 595
7 282
17 609
28 283
19 420
25 959
27 262
18 296
24 641
1 499
8 672
13 318
10 831
20 882
27 445
26 463
8 381
29 603
0 836
23 246
13 526
17 880
5 938
25 842
26 907
28 342
9 693
13 378
6 246
28 272
12 700
27 756
22 634
5 280
25 329
19 962
6 732
15 477
3 418
12 505
26 732
12 594
9 634
28 352
11 331
17 637
8 957
26 640
22 530
9 591
27 998
19 949
28 833
16 684
20 972
23 537
26 848
4 784
17 277
20 908
5 261
7 442
21 711
5 917
21 847
1 837
4 238
25 385
5 829
28 524
19 206
11 446
16 810
18 672
2 772
8 894
10 299
19 789
7 855
28 849
0 952
19 586
22 888
10 227
1 851
29 772
0 485
27 927
3 269
29 479
20 277
5 728
22 805
3 609
14 419
2 530
10 977
24 237
3 473
15 925
5 256
27 289
23 672
8 287
21 1000
29 785
12 434
2 577
18 910
27 323
26 565
25 869
4 735
25 594
3 989
5 400
28 457
16 865
25 912
2 312
18 719
23 661
15 718
2 750
17 306
14 798
21 904
2 704
25 847
1 899
5 219
0 625
25 579
28 821
1 811
10 438
0 888
3 235
29 634
22 338
7 293
27 825
13 597
8 252
17 208
29 807
7 877
16 987
8 467
14 818
5 324
21 751
24 532
6 269
2 582
15 585
24 719
21 965
26 391
3 716
21 410
24 369
11 604
23 832
3 758
5 201
20 514
29 291
5 813
11 974
3 978
2 326
21 507
8 372
24 577
12 704
1 868
2 517
12 526
11 431
26 925
7 992
4 646
27 238
21 848
29 943
24 659
18 894
20 742
19 262
19 735
19 317
9 446
0 573
1 654
24 750
15 623
8 606
13 875
6 528
14 270
26 663
21 233
29 570
11 984
27 879
2 727
27 921
20 327
2 726
13 902
28 307
27 204
24 920
5 290
17 200
4 900
3 272
6 562
9 234
13 494
21 803
11 394
29 956
7 779
3 333
6 225
16 989
22 206
27 584
18 399
0 629
24 390
6 672
24 388
0 677
6 338
21 573
5 428
7 951
11 671
2 820
5 654
1 402
1 340
24 219
4 956
7 516
9 619
14 543
15 663
29 999
28 907
15 329
13 491
15 312
1 245
19 548
3 796
0 800
18 469
5 400
14 792
5 759
21 475
23 672
26 208
9 745
0 498
14 243
18 528
26 838
28 243
27 920
22 486
2 375
12 899
3 452
9 799
0 807
2 545
19 285
18 744
13 837
15 858
11 609
10 888
27 815
13 979
5 620
4 270
21 752
1 832
20 283
26 588
20 335
9 955
28 574
16 735
7 385
20 224
11 256
6 805
28 883
13 500
22 336
17 792
27 922
19 523
10 609
25 826
26 365
23 357
27 473
25 731
23 721
20 993
14 527
29 652
15 699
23 810
25 521
4 674
24 289
18 895
0 862
0 346
10 997
25 907
14 570
21 602
27 956
24 336
26 596
23 506
25 616
28 984
24 261
1 885
9 946
25 953
7 796
18 652
22 597
28 781
11 619
17 255
15 575
24 202
13 247
18 323
0 620
26 638
2 397
9 1000
10 853
17 499
4 815
25 234
21 333
7 463
17 328
20 998
18 260
16 658
18 804
12 210
25 477
28 318
29 206
3 976
21 708
5 965
27 776
23 997
6 971
26 340
29 910
14 741
25 886
12 337
16 665
10 565
24 965
15 388
1 436
18 369
13 842
27 993
1 455
11 951
2 680
29 482
25 924
20 716
23 727
8 960
25 692
9 500
22 587
14 208
27 667
26 800
13 943
15 265
2 376
18 503
0 802
22 566
26 331
11 200
18 444
20 567
10 341
23 597
21 737
11 415
24 882
26 346
5 678
1 524
11 208
4 480
28 437
20 252
2 290
21 878
8 940
2 685
29 384
23 706
0 416
1 875
16 516
4 903
18 632
3 831
9 432
18 361
11 624
1 483
6 414
17 438
26 343
25 608
7 827
12 275
3 758
12 471
26 243
2 271
3 574
5 798
17 675
4 619
3 689
