1000
13 930
1 460
10 767
1 938
1 642
12 813
6 967
2 784
27 963
28 506
23 528
10 341
29 946
6 207
25 836
5 801
7 370
0 506
5 515
2 950
23 489
7 772
0 963
10 504
13 217
12 768
21 658
27 817
3 734
7 623
15 682
26 401
10 574
7 676
15 894
22 606
5 561
6 465
7 358
12 829
19 906
6 404
10 285
25 509
26 261
1 206
27 512
12 408
17 582
7 563
8 469
6 796
10 320
8 518
25 319
4 619
17 391
27 892
25 487
7 897
0 274
7 936
26 884
28 532
3 922
5 234
25 252
21 357
2 777
28 590
26 621
3 871
12 605
8 838
18 963
8 424
2 446
15 580
19 801
27 419
25 895
9 548
23 722
16 322
16 303
14 362
27 410
7 548
7 758
14 546
26 825
2 630
28 831
7 553
10 615
21 766
12 440
10 668
19 395
4 977
9 595
0 415
24 473
24 786
21 317
12 226
25 331
15 438
29 807
28 462
25 861
19 970
27 998
6 239
9 395
18 993
13 669
9 975
7 866
10 819
21 769
1 238
5 785
13 530
23 282
22 887
7 430
29 937
12 430
2 255
13 329
0 740
12 650
8 230
8 764
15 650
21 925
11 714
8 715
11 487
14 437
15 547
15 269
26 640
14 882
18 513
20 915
6 969
8 811
27 237
20 770
28 590
21 838
16 856
23 377
29 240
16 200
7 730
1 626
3 724
17 730
16 556
0 521
22 545
5 416
19 428
7 946
19 564
27 405
8 879
23 461
5 668
29 861
8 219
4 673
4 252
23 472
7 871
28 778
13 226
10 771
29 464
1 460
18 322
21 861
24 538
11 431
20 940
23 798
22 665
26 987
25 333
11 215
19 614
1 442
29 353
15 767
25 313
14 474
11 586
15 739
16 371
26 624
11 443
13 565
29 568
26 989
10 659
20 685
15 617
15 339
18 240
14 652
11 628
25 911
6 861
6 496
20 862
1 945
10 667
10 923
27 277
21 861
6 491
2 567
17 972
18 705
15 402
0 634
5 290
14 927
20 996
29 770
27 491
2 748
12 754
14 643
7 433
25 621
7 772
7 283
6 455
1 811
20 695
15 755
5 410
12 440
7 553
22 518
10 872
16 301
28 628
28 533
24 714
19 722
7 636
10 491
25 448
4 746
15 470
16 324
1 533
8 963
21 722
12 566
22 356
22 722
25 403
23 748
17 253
0 291
12 754
13 447
1 595
6 393
6 305
6 920
16 571
1 786
22 973
18 962
2 874
27 993
18 511
10 324
17 230
1 914
22 315
26 492
12 234
0 535
8 274
23 776
8 323
28 975
25 826
6 434
29 895
9 473
2 256
17 250
28 421
5 912
3 473
5 483
16 686
13 291
15 905
26 799
25 301
17 572
19 523
13 230
23 480
0 286
6 529
7 708
24 334
20 729
17 720
17 821
11 751
7 728
24 872
15 700
11 470
16 954
3 889
4 642
18 594
4 603
9 275
3 781
28 283
15 928
0 845
20 868
21 241
27 718
19 671
28 390
11 958
9 631
16 918
20 467
17 385
15 976
0 712
27 965
13 418
21 715
4 468
11 966
4 847
2 641
26 504
11 409
5 891
17 521
11 897
7 881
0 614
26 728
10 277
27 802
18 632
16 740
26 717
16 620
22 447
12 281
12 814
15 387
23 922
1 625
28 579
23 723
18 693
0 604
1 281
23 962
7 223
6 664
13 652
14 855
18 979
7 735
23 468
20 640
5 707
4 529
27 499
14 765
25 421
3 845
0 332
28 246
26 999
19 845
2 853
4 745
25 403
25 868
16 583
4 503
5 321
13 811
10 967
9 355
2 561
4 777
16 737
2 449
25 672
27 698
8 931
28 236
10 694
14 754
19 596
17 209
8 676
27 858
8 898
23 875
11 836
28 913
24 377
6 905
5 226
3 465
2 229
18 235
22 912
24 616
3 427
17 243
0 349
3 210
18 632
0 471
26 330
24 220
8 564
10 434
28 560
2 899
19 737
9 625
6 661
20 847
21 423
15 910
17 651
28 926
16 614
19 285
2 518
8 457
5 782
29 992
25 737
5 924
13 462
10 633
16 518
23 768
24 750
15 848
6 361
22 454
11 803
28 816
17 811
12 836
26 961
8 421
15 530
3 833
28 500
27 872
15 384
0 632
20 348
15 763
24 443
22 234
11 262
18 781
17 593
16 634
15 642
2 567
15 935
5 771
18 874
15 301
19 721
21 550
14 457
24 387
11 207
10 204
14 618
24 652
8 370
13 300
26 408
2 540
4 663
5 810
5 875
17 498
26 656
28 279
14 305
23 256
14 575
21 223
16 319
14 274
22 804
18 880
15 923
10 660
5 472
2 291
12 333
4 316
14 241
12 638
17 302
3 606
18 397
27 670
4 965
8 302
4 978
2 403
20 484
20 456
18 714
13 351
0 433
23 499
24 496
12 865
25 899
1 641
24 932
2 222
25 969
12 559
9 844
4 242
29 919
22 565
8 355
28 646
11 609
2 453
15 974
20 245
29 333
26 862
8 402
24 569
17 920
29 524
8 479
13 875
3 256
26 363
20 526
25 819
3 298
18 718
20 777
22 986
19 366
22 203
4 250
18 346
29 840
27 408
10 901
26 957
18 567
9 256
8 878
23 624
28 657
11 641
22 722
10 752
8 288
17 668
16 450
20 804
12 303
12 971
27 488
14 648
21 392
13 200
9 246
7 229
23 435
14 913
13 443
1 313
10 331
18 293
4 329
3 886
9 983
24 437
1 278
25 711
2 791
7 486
14 206
11 607
20 891
1 254
9 990
16 846
3 354
16 957
7 996
22 345
14 545
7 804
1 903
6 973
14 640
15 807
28 487
1 543
27 525
4 759
22 539
6 734
2 960
9 465
14 706
3 500
25 212
23 625
5 600
3 903
28 459
6 606
23 698
10 353
3 560
11 373
21 975
1 876
18 825
20 249
19 717
29 445
18 342
17 836
28 541
9 823
15 759
17 995
5 434
1 264
4 693
0 256
5 345
11 910
24 519
5 707
24 252
23 625
21 956
6 303
27 883
3 831
13 704
1 849
24 391
17 263
26 322
19 251
19 996
19 823
14 496
16 465
10 235
22 954
8 507
4 461
23 944
8 222
14 807
13 456
2 621
26 504
6 518
24 959
10 663
11 679
8 811
3 449
14 586
4 793
20 506
11 250
13 691
23 989
15 504
22 227
25 275
24 856
5 516
12 381
29 744
13 659
22 218
1 906
14 341
11 506
20 938
12 993
9 434
13 763
29 982
11 524
11 718
20 732
26 637
12 384
5 603
7 761
3 438
1 214
16 640
26 360
15 932
20 726
8 695
29 861
18 809
20 328
8 839
15 763
15 201
18 657
3 315
23 815
7 990
15 391
20 637
25 769
9 232
16 890
13 535
24 337
12 343
17 570
8 541
26 905
2 909
23 400
18 535
17 506
22 651
22 731
5 492
6 317
1 253
5 769
12 912
21 280
13 549
3 207
19 231
10 415
19 616
10 385
9 810
12 485
21 334
4 609
23 635
11 744
26 413
21 345
22 784
13 219
19 797
3 634
28 859
16 767
17 322
13 721
21 926
0 421
4 781
18 984
0 920
13 726
9 853
10 446
6 663
26 867
14 253
20 825
12 772
21 939
2 527
26 916
29 284
24 713
23 708
14 541
10 922
4 767
7 988
10 409
18 441
18 458
27 666
18 507
6 939
16 501
27 954
21 659
8 259
6 267
22 876
16 460
14 214
13 436
22 734
19 782
15 657
7 680
11 555
10 211
7 304
9 447
18 340
28 868
27 891
8 823
22 661
16 347
2 419
8 233
22 943
1 716
16 564
7 437
16 530
27 639
24 399
18 332
4 428
25 423
11 780
25 444
6 597
0 229
26 222
13 578
28 578
27 251
21 839
15 890
7 216
29 242
12 842
9 292
20 938
10 594
13 902
2 397
13 486
20 333
28 737
2 913
4 430
20 407
24 388
24 486
0 801
0 761
5 906
29 272
28 697
26 435
25 703
15 745
0 410
28 855
27 310
9 672
6 576
24 912
18 607
13 796
23 528
14 628
17 241
28 980
18 733
9 943
17 482
26 318
11 390
19 218
22 837
6 916
26 915
22 914
8 970
19 442
24 879
24 779
24 869
29 361
29 284
5 632
9 327
18 506
1 430
12 211
15 806
10 404
4 323
27 911
25 477
6 580
19 252
19 689
21 536
21 825
14 973
24 634
7 542
25 947
9 257
29 493
9 481
23 988
9 378
1 231
24 419
22 286
25 265
3 637
8 222
0 486
5 684
27 379
5 334
13 790
16 319
2 515
5 250
7 755
5 606
14 804
12 644
10 386
25 701
19 450
13 888
7 277
22 535
11 392
23 494
5 340
12 744
8 551
18 242
8 490
16 680
0 358
3 762
13 545
6 448
11 757
0 900
12 947
11 776
12 826
27 518
20 375
4 990
13 385
9 832
11 559
7 666
