1000
22 929
9 727
22 633
25 731
25 483
24 484
8 304
25 853
29 729
29 245
23 238
23 929
23 227
20 635
27 955
29 454
12 469
20 530
27 874
21 361
28 596
2 735
1 356
19 354
12 675
3 951
7 862
28 697
13 914
16 875
10 958
19 878
23 228
2 700
25 689
4 451
8 227
22 863
6 411
29 335
26 273
22 752
25 922
26 933
8 319
0 717
2 582
4 965
17 985
5 702
17 252
5 624
20 734
15 709
5 600
11 464
26 846
0 770
27 230
10 316
10 561
12 537
21 588
2 922
24 297
2 538
15 210
15 381
4 524
10 528
13 562
28 601
27 434
1 687
17 545
29 573
23 437
25 364
10 960
8 798
23 506
26 695
14 828
27 931
10 737
12 831
23 310
1 826
22 702
13 740
7 231
16 603
18 323
14 319
9 590
24 546
4 645
18 270
20 996
3 376
9 791
16 264
29 278
1 867
2 262
5 450
20 396
6 789
1 313
14 646
24 882
19 983
20 855
17 500
2 978
17 969
12 708
0 373
11 405
27 340
3 520
28 412
6 402
19 472
27 557
29 863
6 223
15 527
25 719
27 231
20 277
29 309
29 355
6 764
12 462
4 349
18 565
28 883
18 859
21 561
1 632
20 265
20 793
24 671
13 641
2 947
11 695
24 767
11 488
12 273
13 468
7 262
29 672
20 304
1 802
8 549
17 927
7 849
8 485
2 365
19 650
3 923
7 428
6 693
26 592
29 316
8 209
4 989
4 423
23 636
21 621
3 731
15 648
9 400
3 861
3 518
19 510
25 972
24 331
6 940
15 857
20 569
23 845
22 730
7 344
3 884
18 313
5 274
0 540
21 555
16 245
11 926
20 642
4 600
19 317
10 523
11 532
20 769
8 334
5 936
23 411
10 315
6 651
17 322
13 747
28 912
17 497
3 355
7 310
10 255
6 802
7 207
6 680
22 214
9 880
18 287
9 487
12 462
1 710
22 804
7 347
6 914
10 662
11 627
23 231
27 707
19 397
24 440
21 988
6 216
20 580
1 825
0 738
9 764
29 238
8 930
2 687
19 783
20 725
17 973
6 377
4 672
29 347
3 413
22 490
11 681
24 518
26 840
20 316
27 525
24 692
4 843
17 456
18 833
28 651
18 632
5 979
12 386
27 556
7 807
4 328
0 517
19 392
24 690
27 576
26 315
20 979
25 381
0 284
18 539
9 860
28 591
21 574
29 678
8 261
23 482
6 882
22 601
11 435
24 837
20 846
1 619
6 390
20 643
21 481
16 937
1 269
4 685
15 752
26 344
16 574
26 396
20 746
2 384
19 995
10 955
19 305
12 948
7 369
3 206
25 416
16 296
0 530
1 818
19 707
21 939
29 214
6 497
15 581
7 441
18 673
3 890
29 816
0 276
27 736
22 872
7 655
7 890
21 886
18 975
12 654
5 227
5 897
15 598
28 897
3 430
27 639
3 491
11 331
11 322
7 265
28 663
17 371
6 307
7 945
26 450
28 485
25 633
20 218
1 756
17 612
0 871
16 228
0 874
2 444
11 990
18 532
14 342
11 875
27 779
10 619
11 201
12 703
28 511
22 793
10 653
5 676
9 785
6 842
22 626
28 354
11 410
18 240
11 729
23 312
13 465
25 370
24 770
11 971
4 731
29 877
9 836
23 840
0 573
28 369
14 731
5 928
12 292
5 598
3 319
10 300
18 548
2 289
27 981
20 585
16 765
24 796
0 344
22 628
15 989
4 589
6 373
7 454
3 488
0 436
17 588
23 653
2 314
1 999
6 358
27 898
13 887
15 823
23 786
8 716
26 577
27 712
28 920
20 375
0 589
11 844
2 649
5 904
10 219
17 821
25 926
22 600
6 418
29 269
22 843
11 609
20 898
7 600
11 472
13 889
6 638
2 998
13 202
16 583
3 692
14 946
2 641
28 966
11 373
15 876
6 359
18 587
17 596
27 652
25 369
26 726
7 545
28 325
24 368
16 544
15 280
6 915
1 485
9 988
12 698
15 973
5 734
15 433
28 628
9 416
16 805
5 424
14 243
2 309
28 286
6 417
3 766
17 484
27 326
24 371
5 738
8 708
21 582
19 988
29 514
1 988
19 886
12 231
14 648
21 659
28 926
5 821
6 663
22 863
27 831
5 877
7 474
25 650
19 624
19 494
5 311
1 529
16 811
5 743
25 424
3 345
17 682
24 744
9 868
1 917
19 781
29 592
11 861
7 480
18 656
17 789
10 985
2 403
0 672
21 868
21 532
21 989
0 653
24 342
0 552
7 746
27 381
11 287
9 863
13 549
16 508
7 675
13 476
29 239
4 259
4 592
2 299
26 339
28 218
10 470
0 676
0 880
8 358
26 605
19 518
19 234
28 518
3 933
14 628
13 378
0 617
6 987
28 977
15 474
17 315
13 361
26 680
26 876
28 924
21 685
20 330
12 894
20 787
14 664
18 646
14 390
18 242
21 950
14 248
10 602
8 271
15 577
0 473
23 259
29 601
10 281
4 366
15 455
15 592
18 596
1 814
12 919
1 611
0 554
23 394
5 427
17 645
0 827
16 565
24 757
27 346
13 900
6 284
7 500
6 647
24 731
10 224
26 420
14 452
26 261
6 513
3 301
19 605
7 380
8 649
11 961
15 842
4 590
24 722
6 977
0 849
13 271
18 251
20 706
10 622
23 348
16 761
6 521
16 842
9 709
3 979
11 623
29 502
21 535
7 978
8 878
11 353
24 743
27 683
5 302
12 970
20 211
6 493
0 520
15 730
1 203
24 397
20 603
11 920
13 742
16 319
15 228
28 754
15 506
29 411
27 389
11 819
23 988
0 400
6 220
16 704
25 251
13 284
1 845
4 239
21 810
13 910
2 471
5 655
14 846
27 333
0 382
1 489
4 356
8 236
3 208
16 402
6 571
29 473
0 984
13 328
7 933
21 226
29 549
22 768
4 456
13 439
23 385
15 508
23 493
17 501
28 553
23 587
18 937
28 372
22 900
27 555
2 336
3 644
8 891
14 650
24 706
22 919
19 515
18 592
17 302
22 830
10 965
19 729
0 807
20 980
12 581
24 969
20 626
12 823
12 256
12 469
26 245
8 604
26 237
2 403
1 915
20 355
17 821
15 592
8 721
0 755
7 989
3 843
16 419
10 369
5 972
24 733
18 599
26 786
3 705
19 875
1 562
22 338
24 831
29 389
2 316
25 920
10 946
22 258
8 592
12 991
19 621
19 715
8 955
27 614
2 456
4 244
18 991
27 930
22 521
20 442
20 329
8 411
16 322
24 765
12 830
6 812
22 373
20 388
2 382
12 324
26 781
14 472
15 716
8 877
3 972
15 241
11 861
1 284
21 542
24 426
29 487
9 984
14 951
20 645
17 802
5 623
4 835
7 827
17 511
7 747
9 342
9 260
19 822
14 259
15 464
7 720
17 850
5 519
29 647
11 644
23 955
18 600
2 368
20 515
19 574
6 340
0 650
5 765
11 727
23 927
9 427
16 883
8 747
3 670
19 485
20 855
1 287
19 823
28 427
16 651
2 212
20 486
6 414
12 446
21 720
25 885
29 884
22 233
10 895
29 631
24 668
28 844
27 374
19 657
13 238
20 935
24 229
5 868
25 957
5 569
1 744
19 254
29 715
25 747
15 235
0 407
20 917
8 448
18 228
25 527
29 827
20 210
13 858
4 357
10 685
17 730
7 793
5 336
15 936
6 210
5 836
11 595
1 564
3 360
17 273
17 673
21 562
25 895
4 832
15 537
7 480
26 333
27 341
13 446
14 445
10 367
13 731
29 538
11 868
7 836
27 903
27 850
6 282
0 303
3 299
5 227
7 278
27 659
25 644
23 978
21 499
21 672
25 840
16 565
3 423
4 799
21 796
12 827
1 343
27 689
4 374
23 889
23 292
10 980
18 456
25 990
25 941
21 258
18 400
5 875
13 972
28 720
8 807
8 497
3 431
21 316
27 467
14 650
29 754
17 731
25 598
13 855
2 454
12 753
6 781
9 971
9 643
1 542
16 239
5 552
17 327
27 704
0 309
0 465
28 547
27 227
18 723
24 261
11 455
5 651
0 800
13 620
1 705
5 598
22 353
29 477
20 951
10 360
6 964
19 987
9 382
29 792
7 680
2 903
14 747
19 721
9 369
7 543
11 974
19 715
13 632
23 222
26 475
18 398
1 684
19 838
27 223
25 541
19 882
25 629
22 698
27 468
2 800
2 708
2 879
14 396
21 793
18 208
25 427
11 982
1 308
6 310
16 925
11 264
11 917
25 945
20 475
23 961
12 397
15 710
8 328
26 315
25 889
18 675
16 550
8 548
20 277
17 818
4 250
9 736
17 612
5 552
12 881
22 760
2 401
6 947
28 891
19 299
20 926
0 442
2 520
22 398
1 463
4 649
8 348
3 804
17 776
0 979
5 694
15 470
0 493
20 358
18 596
2 553
16 779
24 652
26 259
14 406
