1000
7 844
14 908
22 821
9 951
9 428
24 958
16 731
3 980
9 745
26 622
19 246
21 640
6 210
7 887
0 264
8 644
23 962
5 405
28 803
23 655
3 557
20 302
26 350
0 780
18 858
29 655
15 897
27 945
27 697
17 905
6 358
28 331
11 660
18 927
0 373
6 718
26 811
5 707
27 439
28 975
27 348
9 779
7 997
12 302
12 996
0 558
16 482
2 907
6 871
1 558
25 346
27 507
10 612
22 759
12 505
24 961
4 680
10 711
0 385
6 443
0 644
21 859
14 540
9 994
18 851
23 384
10 730
12 615
29 830
29 738
1 462
19 832
19 657
26 647
0 685
25 312
19 639
16 327
17 876
27 947
15 867
9 799
2 390
23 422
2 821
0 259
5 754
14 274
15 745
9 411
5 658
18 341
0 481
0 510
15 250
19 795
15 421
13 273
26 560
24 555
1 371
8 267
16 373
26 490
4 351
10 954
2 350
4 647
17 583
5 397
12 392
0 566
5 389
28 348
23 483
20 852
24 719
19 351
15 726
7 510
17 449
5 603
12 704
11 866
2 713
29 980
28 503
12 733
21 752
0 375
21 565
0 935
28 498
20 255
9 448
16 730
20 955
15 446
11 530
1 841
21 778
10 369
18 294
25 356
28 905
12 612
0 934
20 416
20 560
20 319
7 309
20 866
0 407
12 547
2 995
1 370
23 944
2 634
17 593
18 230
6 280
14 432
22 548
4 968
21 332
2 476
27 220
9 822
19 776
14 901
29 363
2 759
8 533
16 853
19 788
22 654
24 344
26 871
3 913
25 453
15 456
10 650
0 938
28 745
18 989
21 770
18 512
4 841
10 747
24 327
29 679
20 664
2 429
14 400
13 707
20 631
16 542
3 482
27 965
28 693
3 362
21 714
1 481
19 829
10 975
15 927
21 780
0 215
18 705
5 270
25 774
2 619
1 994
12 359
5 231
22 916
15 238
2 396
11 786
1 380
0 907
14 420
21 530
0 206
4 539
20 243
3 553
0 638
20 266
24 286
28 481
26 515
0 685
19 910
18 850
22 489
23 752
2 715
13 232
3 309
5 461
17 335
20 453
28 550
24 752
14 497
2 527
9 755
3 260
18 911
25 896
11 322
5 230
26 522
14 512
15 650
19 494
26 808
1 406
19 318
26 231
18 231
5 599
25 874
29 384
20 444
4 678
7 287
28 567
9 274
26 878
22 853
2 313
1 681
20 512
10 520
23 438
25 329
26 944
9 845
2 767
20 312
27 571
20 369
3 202
6 481
9 443
1 990
17 258
15 680
28 929
26 293
10 348
13 340
15 814
3 703
29 445
7 457
2 876
13 497
27 915
17 779
29 754
29 200
19 365
28 768
27 834
17 828
25 774
4 680
17 854
10 461
1 878
21 665
9 770
5 353
27 916
24 762
19 486
15 858
20 948
0 919
14 941
25 800
8 480
3 399
10 746
21 575
15 758
17 557
5 926
26 400
9 298
16 241
4 803
26 618
5 713
19 702
13 470
9 558
7 860
27 889
2 452
3 405
0 665
20 561
11 397
1 792
16 886
9 890
15 850
27 422
6 587
6 999
6 451
23 711
11 858
23 993
7 527
6 868
10 913
12 958
24 917
25 667
19 797
4 815
19 296
26 225
5 367
22 906
13 387
23 816
13 325
26 387
21 895
3 347
20 233
19 357
8 252
6 715
14 919
27 587
15 273
18 856
22 739
6 980
14 906
0 534
8 941
20 242
21 537
22 297
25 969
20 618
10 570
3 247
14 936
16 261
5 715
17 739
5 355
1 490
3 644
23 673
18 236
14 821
11 602
15 822
25 762
6 834
19 512
8 353
0 674
5 349
15 692
28 733
3 765
12 651
12 382
25 388
25 902
17 599
25 805
10 200
26 338
18 727
23 772
12 694
12 780
7 950
21 676
5 419
20 418
22 649
24 520
27 714
29 898
29 278
8 278
23 893
15 874
8 828
0 886
12 877
21 809
6 729
9 404
11 357
14 489
0 538
0 973
13 495
3 958
11 552
20 687
6 798
16 325
12 918
23 777
16 297
21 951
28 240
15 226
28 615
3 767
8 638
16 469
4 688
18 473
21 880
8 640
19 427
12 935
28 434
23 421
4 255
26 704
14 351
27 298
2 417
9 645
16 855
15 667
4 727
11 593
14 907
7 989
2 646
9 529
11 827
8 509
8 599
19 476
3 407
0 681
12 575
4 653
16 792
5 277
24 932
7 493
16 571
20 224
24 467
0 368
23 966
22 336
10 229
16 498
2 633
21 633
10 883
11 732
5 408
28 659
13 235
13 637
16 769
10 408
11 352
0 659
27 321
11 793
7 862
10 729
0 275
4 381
29 306
26 999
17 796
14 537
26 429
20 698
10 948
27 323
7 755
9 874
25 964
14 758
27 587
21 397
26 934
1 677
22 707
20 767
21 286
28 337
20 215
19 218
7 282
7 886
27 410
6 324
5 498
6 423
2 466
7 600
3 404
27 830
4 520
26 530
24 631
7 948
3 327
24 493
5 825
9 375
23 574
15 411
10 669
14 801
25 608
15 838
18 415
0 592
24 284
26 839
25 457
4 426
7 796
24 722
23 832
11 957
3 763
5 328
21 680
6 459
24 524
13 601
8 456
6 614
18 582
21 818
16 488
2 838
2 973
10 390
2 359
15 712
25 792
21 647
11 392
25 249
25 587
3 677
4 495
13 883
29 688
11 884
7 575
14 202
21 361
0 436
8 467
8 583
8 307
10 551
12 733
7 594
1 864
17 324
10 457
21 999
20 379
9 380
22 338
0 274
5 604
20 264
15 698
2 799
12 856
24 743
3 246
12 614
28 415
6 550
17 677
7 697
22 679
29 471
6 523
13 733
27 701
3 932
0 787
0 454
2 992
29 287
11 707
5 776
10 410
25 291
20 211
11 854
1 527
1 440
19 790
20 777
28 416
14 269
9 676
7 720
9 503
3 399
19 562
19 499
15 334
11 451
14 931
20 495
11 458
24 488
19 870
23 905
15 524
28 717
1 573
28 544
13 870
10 406
19 737
1 212
10 643
16 247
8 879
28 693
20 363
5 475
14 814
20 938
8 439
1 801
3 282
26 739
19 681
3 806
17 571
11 665
16 860
29 514
0 417
27 500
27 879
28 605
26 504
28 472
10 620
5 960
25 259
12 212
28 242
13 303
27 876
20 643
11 354
15 423
20 833
23 698
24 761
24 300
25 981
10 730
26 927
23 635
5 346
8 811
6 848
29 918
3 207
21 687
19 542
24 213
6 375
24 652
18 349
11 520
10 257
24 514
4 719
8 718
25 794
13 325
21 738
24 349
23 551
14 687
17 279
6 766
23 401
16 399
22 690
14 426
26 246
0 726
21 463
2 831
13 490
17 651
5 836
23 762
28 231
22 303
28 259
7 677
6 941
25 215
21 676
20 864
12 922
6 942
5 560
15 472
8 525
15 684
14 316
5 694
8 587
10 854
22 555
0 950
5 989
8 614
11 215
10 286
25 624
23 892
16 964
22 936
24 780
17 610
13 987
0 635
28 325
20 914
26 289
0 671
17 619
14 732
14 707
21 977
23 954
11 654
16 922
1 526
28 997
2 712
22 607
29 727
3 503
9 969
14 753
0 696
21 750
0 610
6 218
6 858
8 315
17 383
25 638
13 297
2 329
8 527
4 958
16 402
29 641
12 433
10 422
27 701
9 843
2 920
26 513
22 209
1 598
4 715
15 551
28 809
13 562
16 217
5 431
16 423
28 299
0 682
3 713
18 299
24 612
18 350
14 617
21 966
6 275
6 930
15 342
4 556
7 293
22 397
11 870
9 443
2 423
10 665
9 982
11 215
11 956
5 411
5 548
27 629
9 887
17 262
15 487
29 998
13 468
19 340
3 375
1 798
11 629
23 840
8 512
24 439
8 829
5 734
18 850
21 827
10 559
7 757
21 863
4 723
17 470
15 321
27 536
12 670
6 616
19 448
7 857
3 666
1 577
26 471
27 823
13 455
22 313
15 541
14 851
26 360
0 313
16 552
25 208
16 476
5 964
1 938
25 202
7 229
7 313
10 379
22 316
15 827
26 265
13 843
10 505
7 790
25 481
3 752
24 866
20 810
6 838
5 989
28 643
1 987
14 298
7 634
25 767
5 580
3 936
12 554
3 921
28 299
19 412
9 772
7 836
9 590
29 885
11 387
7 375
4 932
17 552
21 430
13 505
10 849
19 635
3 820
27 412
15 499
18 214
2 954
1 269
21 434
29 704
4 302
9 686
12 399
2 256
12 973
24 432
12 829
18 311
18 463
2 580
24 872
8 390
21 734
5 392
14 575
0 863
10 675
29 739
23 527
3 637
8 751
15 830
29 508
2 417
0 649
7 267
11 738
2 886
27 444
4 651
13 231
21 582
15 926
14 911
21 591
9 468
19 295
23 222
4 921
23 452
17 476
26 719
8 493
25 849
9 783
7 375
