1000
3 610
16 432
1 403
25 422
1 599
24 421
12 227
29 371
21 292
7 219
8 732
20 598
15 612
22 305
17 583
25 528
3 579
23 710
11 657
3 596
4 937
26 381
11 524
24 550
2 574
24 769
14 309
12 926
18 633
6 681
19 239
15 647
9 368
10 582
27 553
13 892
18 783
3 869
18 392
5 891
26 418
20 608
13 505
4 575
12 282
29 701
27 610
2 702
26 598
2 958
0 856
13 431
17 738
20 731
17 933
27 778
16 765
22 459
4 698
17 414
13 971
17 917
4 562
15 229
24 492
26 915
0 631
26 416
5 252
15 426
24 549
2 449
1 641
7 502
20 645
26 803
17 784
2 221
20 275
3 956
16 406
25 371
22 273
11 764
12 749
22 481
28 638
15 522
13 781
16 318
18 674
0 811
29 321
4 815
16 633
20 403
9 322
10 419
16 523
1 564
18 890
18 277
15 817
21 241
25 712
4 586
25 545
16 652
1 914
5 590
11 880
13 539
4 944
0 867
29 548
5 950
26 593
2 752
15 450
15 638
25 380
13 646
1 811
8 277
22 493
2 852
29 820
19 389
12 784
0 974
26 979
7 500
17 763
3 848
0 211
7 487
25 852
1 728
16 714
24 825
16 306
11 879
2 269
19 255
6 857
9 312
18 634
2 890
17 550
19 653
0 991
9 579
7 563
7 488
1 868
25 537
14 667
15 235
3 470
16 338
15 631
0 686
6 507
9 713
10 818
2 996
7 734
21 506
0 887
2 708
2 256
25 710
17 257
19 522
27 846
27 869
12 904
1 818
7 495
26 762
14 597
7 498
9 652
27 698
7 441
29 845
9 373
12 393
21 865
13 698
24 753
22 903
7 739
15 673
26 651
1 251
21 962
16 657
27 969
13 514
15 947
26 771
5 930
24 463
11 294
16 715
14 680
1 852
21 253
5 891
25 201
13 412
4 238
4 617
4 381
26 623
3 327
12 505
17 963
0 541
3 384
11 634
16 470
7 883
3 278
16 434
22 866
11 468
29 543
7 566
17 526
11 615
28 455
22 848
19 656
22 544
26 559
22 576
16 543
1 519
22 307
10 423
28 653
20 282
29 893
11 845
18 461
2 629
15 505
26 204
28 885
18 378
18 360
2 489
17 844
20 446
29 938
18 812
8 911
12 677
7 967
23 281
12 464
1 610
22 683
19 815
3 891
17 967
9 204
11 884
20 442
11 636
1 718
17 671
18 798
18 326
13 336
28 753
26 556
13 646
0 956
27 977
19 777
10 626
11 522
18 644
5 650
27 802
1 569
24 787
12 600
22 592
26 552
19 643
13 255
16 520
5 970
27 385
3 482
9 287
0 980
14 822
19 455
25 284
28 515
21 555
22 251
6 631
14 291
11 633
19 989
26 513
16 303
20 456
14 313
6 510
1 271
12 467
20 574
28 399
22 841
18 230
13 404
1 292
22 705
27 527
14 231
26 275
23 883
28 678
7 772
5 666
3 979
28 771
14 619
25 427
16 334
29 960
10 983
10 332
21 593
6 983
7 251
23 570
14 758
13 688
25 323
24 238
15 620
25 684
28 235
27 470
12 610
13 769
20 922
2 436
26 692
28 478
24 637
2 291
2 469
6 233
17 749
14 490
23 204
6 898
27 358
1 333
1 733
13 630
6 440
6 840
17 530
22 491
9 229
0 208
3 695
0 441
4 810
12 548
9 696
19 747
4 697
15 639
13 322
7 627
10 794
15 507
6 510
26 239
16 412
12 673
3 568
25 307
15 792
1 367
0 365
18 699
20 244
27 895
19 714
19 651
17 342
3 490
20 822
12 364
23 446
27 750
8 315
6 906
26 773
8 438
13 941
15 969
17 405
27 598
10 838
21 277
22 956
2 758
18 950
29 664
15 808
7 488
7 795
16 252
14 836
23 368
17 840
15 416
13 736
14 348
17 565
9 431
0 206
24 568
16 997
0 244
9 249
1 206
8 713
13 725
29 576
4 959
18 251
10 276
29 845
8 597
11 299
20 712
0 655
27 450
19 969
3 542
13 997
8 668
22 743
27 943
14 460
6 476
18 276
5 275
8 440
13 296
14 205
16 633
13 957
18 962
4 597
1 460
22 216
4 829
9 943
5 1000
24 626
12 890
29 509
26 369
14 285
4 425
23 960
13 290
21 473
28 229
17 217
11 886
16 570
2 703
25 476
1 280
29 432
14 649
0 528
9 233
15 670
14 483
24 628
22 417
7 821
20 781
19 578
11 542
12 893
18 201
6 380
14 208
15 634
25 863
9 286
15 664
21 259
9 329
26 232
21 434
19 969
13 260
27 757
21 661
0 570
9 952
11 419
5 651
6 537
4 313
27 224
20 551
23 908
27 701
9 301
23 676
6 981
17 388
11 232
13 792
8 260
25 217
21 427
9 342
20 323
14 333
0 346
19 702
12 494
13 494
9 414
25 524
6 768
3 607
29 746
15 869
13 715
16 965
0 538
10 563
4 661
19 799
24 327
4 568
22 788
9 387
11 387
1 919
16 635
27 665
27 464
12 523
28 355
14 566
25 910
25 983
11 738
3 898
9 513
18 920
18 989
26 822
22 349
0 422
17 683
16 536
7 840
11 903
3 291
8 381
27 226
12 212
19 852
19 424
6 552
2 630
5 427
25 471
9 737
16 637
17 919
15 268
7 806
8 863
7 909
18 836
24 535
13 787
23 951
14 705
8 421
26 368
29 912
28 289
7 580
26 688
0 408
19 943
22 458
29 643
6 416
2 794
7 703
15 757
17 324
28 878
11 881
19 739
18 356
17 574
19 585
27 701
15 485
7 737
13 860
28 368
9 369
3 371
18 413
29 733
0 723
16 676
22 688
12 937
28 745
24 765
11 675
23 226
6 240
14 889
28 421
27 352
21 468
13 585
23 428
18 612
23 652
6 964
16 408
25 544
15 293
29 527
12 943
0 901
14 829
27 539
22 563
12 723
8 902
7 589
12 248
1 616
28 709
29 569
0 536
1 354
17 355
13 402
3 312
8 770
4 896
14 507
7 470
19 627
14 975
8 792
10 245
8 869
20 721
17 377
21 569
13 331
18 385
19 261
18 509
16 216
5 887
23 274
28 531
7 820
28 263
13 651
10 615
28 467
27 247
21 350
16 334
10 601
21 705
28 538
20 988
21 903
27 590
17 435
22 261
11 944
22 971
23 250
26 732
11 244
19 791
9 692
10 852
6 630
3 763
12 825
28 402
16 439
12 244
3 504
18 819
20 936
12 544
14 971
23 707
8 505
8 849
28 482
25 820
23 204
10 334
9 653
25 741
24 393
9 241
24 793
17 259
22 941
18 619
5 879
25 678
15 218
2 526
23 530
11 368
0 940
18 515
13 791
22 573
14 687
6 370
29 250
27 906
23 681
13 943
15 602
23 345
11 555
13 396
16 564
21 305
25 680
7 612
15 351
23 552
20 268
20 346
2 716
3 284
13 302
24 260
27 264
15 364
6 581
20 865
29 937
10 609
19 289
26 909
16 944
0 251
14 877
7 303
28 380
23 629
25 459
13 329
21 880
2 667
3 375
27 442
4 475
26 410
25 289
20 698
19 263
17 744
4 229
1 524
14 287
9 594
17 218
22 802
6 665
20 422
27 784
4 512
23 494
0 785
19 987
21 625
15 348
15 345
18 210
9 713
1 718
17 442
23 370
10 688
21 770
13 231
24 382
0 306
13 594
13 895
9 752
0 485
24 508
2 645
2 606
15 453
6 436
20 626
10 583
5 360
19 345
9 509
20 391
26 759
21 263
3 479
4 975
16 859
7 643
15 642
18 232
8 761
3 801
1 809
0 546
3 548
5 893
4 299
23 421
12 825
5 660
20 619
21 531
10 452
4 273
20 545
2 530
29 975
16 808
19 624
21 416
9 351
23 441
20 337
23 924
5 520
19 562
6 727
17 686
17 738
18 462
19 623
10 206
6 448
27 597
21 404
9 358
12 963
9 299
28 339
7 362
21 373
4 678
18 219
18 510
26 762
15 1000
17 821
19 307
11 876
6 888
28 268
4 317
14 770
29 646
21 922
11 740
16 429
8 862
1 757
23 660
2 423
0 716
20 377
8 877
19 918
1 625
7 954
12 491
11 621
4 985
17 721
15 388
11 277
10 987
2 443
0 993
24 848
15 478
26 968
25 742
8 956
10 463
2 454
13 912
11 820
24 628
7 604
3 848
25 281
7 838
18 233
5 912
0 732
20 362
22 874
1 321
26 496
1 768
13 916
8 799
16 683
9 805
7 299
15 678
4 356
18 575
10 837
16 729
29 431
23 697
11 979
28 572
24 952
23 331
4 810
11 773
11 514
26 888
2 935
10 788
27 531
22 969
8 237
15 851
22 471
11 411
22 786
18 325
20 803
6 629
11 985
2 936
19 524
11 732
22 896
22 396
18 251
22 883
14 832
23 815
8 509
19 725
6 371
1 722
28 629
4 306
3 542
10 289
12 289
19 406
