1000
27 483
26 695
26 498
5 920
13 857
19 628
17 926
17 738
19 256
1 412
26 558
19 856
12 602
12 309
20 592
0 486
11 358
24 262
16 453
4 965
16 712
6 605
20 572
13 931
14 254
0 783
14 425
20 720
11 706
16 319
6 339
12 707
8 616
23 619
7 593
7 295
20 688
12 885
8 294
28 843
13 921
10 531
13 949
2 696
3 407
26 314
2 243
19 331
17 980
21 587
0 900
19 815
15 593
18 881
6 800
15 624
21 702
27 304
1 226
6 971
1 472
7 588
2 322
16 299
5 927
28 819
19 557
21 244
23 610
12 721
17 461
20 972
19 568
26 447
21 801
23 724
4 636
6 417
0 355
0 639
4 225
15 449
8 947
24 499
18 652
2 579
0 964
22 877
29 528
17 534
25 804
11 922
17 765
26 277
17 358
0 451
28 760
29 643
19 517
8 645
11 736
17 868
29 653
13 909
19 765
8 910
28 786
18 987
13 822
25 851
27 359
15 617
3 531
23 990
16 224
26 782
8 459
18 935
19 472
11 878
10 421
4 432
17 838
9 927
23 436
9 270
21 642
29 868
20 376
29 455
29 737
1 536
11 416
15 790
27 965
20 316
20 937
27 499
13 719
19 861
29 843
4 604
3 222
12 884
0 401
16 446
26 455
29 331
3 920
12 575
1 923
16 372
5 611
26 295
8 960
9 994
19 697
26 617
15 806
11 952
29 649
29 226
16 944
18 796
22 373
21 468
28 708
23 294
12 919
12 701
23 459
17 826
5 252
10 871
21 772
23 515
22 422
0 967
28 705
9 290
6 255
20 743
20 357
7 962
4 359
15 747
18 818
22 237
0 872
5 570
8 958
7 383
9 598
21 496
5 614
2 476
20 836
20 581
22 653
0 210
9 254
9 597
25 792
4 514
2 502
6 422
3 592
26 572
15 486
1 974
10 309
22 468
27 771
14 831
27 212
4 671
19 520
18 778
10 586
16 781
8 297
11 783
20 415
5 338
18 683
20 748
16 843
28 433
7 570
17 437
26 748
18 934
6 804
18 918
17 347
20 846
18 312
8 490
23 601
29 765
29 955
22 681
25 858
19 768
11 353
17 529
6 581
24 513
0 670
14 419
15 978
15 488
21 938
24 753
2 433
4 351
11 733
4 640
16 572
23 508
25 488
25 461
2 336
20 610
8 555
17 964
17 964
4 930
25 825
26 488
25 964
26 776
17 537
18 837
7 966
19 673
22 601
3 789
26 865
9 324
5 424
8 646
0 208
18 686
29 785
8 235
4 349
15 527
7 725
24 811
11 736
23 296
10 274
13 690
21 592
5 348
17 454
29 842
4 806
6 716
6 781
13 743
13 987
2 281
23 981
29 800
22 881
15 225
27 842
22 794
3 541
24 665
23 978
16 772
24 705
17 736
22 338
19 281
27 575
0 567
25 606
28 615
6 972
25 266
18 368
29 322
8 763
25 848
21 845
24 665
2 302
15 681
20 942
13 449
18 716
18 342
9 838
27 703
9 477
23 867
29 575
13 571
8 717
6 504
14 240
29 564
0 648
15 317
9 713
18 788
28 461
22 916
2 973
20 731
12 699
14 717
25 249
17 319
27 359
17 493
11 736
9 986
28 422
5 815
13 856
28 270
7 716
25 405
1 521
8 682
19 652
11 613
28 911
26 948
19 497
22 225
23 945
0 984
23 253
20 867
28 307
2 641
7 801
15 940
17 315
24 927
3 859
11 421
5 675
9 394
9 427
10 560
20 418
22 283
28 394
3 334
20 989
18 500
16 200
26 723
6 852
9 946
6 997
18 325
12 436
0 750
26 306
17 585
12 953
26 971
9 526
14 582
17 374
9 646
6 514
27 415
21 846
12 974
20 785
5 339
20 944
16 376
4 594
12 945
12 957
3 582
10 381
12 833
17 384
21 864
0 735
21 958
13 532
21 269
21 391
23 441
22 750
7 974
21 870
22 717
17 753
17 819
10 639
26 720
23 623
7 692
4 638
14 675
8 996
2 363
8 867
12 957
25 358
4 953
17 861
12 791
10 759
5 677
22 416
24 536
26 487
5 906
9 510
23 831
5 359
24 811
29 746
14 777
8 359
26 221
12 860
20 832
0 531
23 494
21 639
12 858
2 614
0 509
7 582
16 560
17 882
24 584
1 857
25 249
1 237
27 756
10 830
26 696
24 320
1 875
21 853
20 821
24 809
19 354
27 222
15 882
15 540
16 452
28 610
10 509
22 857
21 320
6 510
11 791
27 322
25 704
6 954
28 348
24 231
9 853
21 960
18 407
3 261
7 248
18 978
10 694
3 824
24 867
2 387
26 866
13 903
24 488
15 793
27 553
2 543
18 496
10 726
18 240
13 609
8 736
21 480
7 345
20 984
3 248
11 992
1 431
8 551
7 978
13 765
15 695
21 930
5 528
9 447
22 596
17 688
4 346
28 599
28 968
24 205
6 501
9 843
15 990
4 709
0 797
25 417
14 387
25 528
0 200
29 962
4 881
10 846
26 249
20 638
5 444
17 532
27 233
28 920
0 398
23 857
25 308
6 889
29 955
2 936
15 206
4 486
26 582
18 718
6 392
27 816
8 429
17 478
10 692
19 257
13 291
19 817
11 728
10 753
0 440
0 406
1 202
14 919
16 820
4 241
10 239
15 491
10 589
12 582
8 427
22 387
17 667
5 428
13 764
4 298
22 279
9 335
0 552
21 795
21 961
15 769
28 744
24 753
3 673
6 640
24 944
21 845
23 504
23 619
18 255
17 368
12 908
16 869
5 891
23 674
10 290
27 856
6 485
8 748
25 637
29 672
3 962
21 847
8 719
15 544
16 433
20 949
19 880
7 654
9 414
4 712
16 476
27 936
21 447
25 351
7 550
24 812
6 316
6 577
20 823
15 531
19 616
2 759
19 615
0 222
18 255
6 950
1 571
23 582
15 627
15 912
4 969
12 735
18 358
12 397
7 819
12 267
20 845
14 224
16 478
2 891
1 203
22 717
29 994
23 292
9 343
29 659
19 627
25 963
13 889
17 362
7 767
22 498
3 234
15 633
0 594
22 916
21 413
24 823
3 792
27 579
3 225
25 299
21 738
2 674
4 413
26 330
12 723
13 584
8 920
1 595
9 645
24 873
15 545
15 623
29 291
21 854
20 915
26 445
11 791
14 880
3 849
3 472
6 765
16 396
11 827
17 941
7 922
12 781
29 533
16 430
5 612
13 208
6 594
25 354
5 906
4 684
22 772
29 965
22 646
4 933
24 940
27 958
9 993
18 413
2 314
12 566
0 972
29 276
5 525
7 278
13 762
23 278
29 772
23 641
3 698
3 780
26 942
20 368
28 815
2 814
12 416
24 423
9 977
2 912
27 717
14 625
9 408
4 321
9 579
1 347
16 570
3 209
17 214
4 409
8 253
16 326
24 238
3 709
26 716
15 352
28 640
12 871
5 747
12 639
8 901
5 351
2 673
12 623
21 216
12 223
8 978
13 776
23 823
24 728
21 753
9 846
2 996
8 293
28 997
8 921
4 456
22 726
17 706
13 635
12 317
5 360
25 450
22 789
2 828
21 676
20 1000
3 259
18 295
29 698
14 958
14 875
13 638
27 656
7 762
9 394
28 853
4 508
26 409
21 902
16 629
3 281
1 298
26 230
20 600
22 476
13 866
20 547
25 972
13 640
0 499
7 385
17 374
15 392
25 746
17 738
25 589
26 846
26 473
25 963
4 451
7 537
23 596
26 733
7 306
12 478
20 953
25 334
16 435
7 554
9 902
29 466
2 479
4 733
19 472
23 709
22 363
4 303
12 583
0 828
2 967
12 769
15 405
7 927
4 251
17 578
9 207
19 242
21 825
10 397
14 719
2 298
1 620
25 601
20 683
4 361
5 723
4 493
5 808
25 235
29 998
2 933
19 216
5 217
29 404
14 436
6 753
5 656
23 417
16 581
14 574
24 321
24 224
15 717
29 297
23 380
16 251
29 238
8 390
29 917
27 493
10 279
14 613
14 929
5 801
28 223
11 414
24 773
9 666
12 688
14 324
26 423
12 582
22 370
18 940
1 853
12 859
22 551
6 342
23 304
9 228
15 528
25 339
11 470
20 871
2 863
16 899
17 578
29 747
0 933
16 409
19 579
8 580
3 706
7 505
5 302
21 708
4 655
8 929
20 600
11 961
2 742
16 379
10 608
14 580
10 897
21 771
8 363
4 515
20 616
23 788
7 447
28 960
28 694
13 504
15 509
7 234
27 443
26 860
2 316
14 644
11 672
16 499
8 953
19 325
7 915
9 631
20 965
14 392
26 637
25 791
10 945
18 949
17 909
15 379
10 998
9 572
10 237
18 774
17 527
24 814
22 498
9 998
17 278
10 213
4 367
10 408
24 813
5 878
14 386
15 887
25 624
29 640
12 934
3 205
21 745
1 609
7 377
18 223
14 913
19 325
12 355
10 512
15 560
18 551
11 683
16 438
