1000
26 365
4 657
10 649
21 535
3 861
9 248
16 366
11 804
13 622
20 900
0 221
24 459
22 341
3 339
9 793
8 203
16 216
17 981
1 475
21 578
9 904
0 950
15 630
28 290
17 940
2 231
9 831
13 614
7 206
10 644
27 602
27 414
0 484
6 936
15 677
27 509
18 937
28 392
2 491
14 325
3 518
8 893
4 667
12 376
26 778
15 416
11 790
12 999
9 373
11 853
7 552
3 1000
0 346
19 704
25 244
29 261
5 600
17 542
20 813
1 221
16 440
28 785
20 293
0 524
1 431
15 489
16 700
11 308
24 803
10 863
3 319
18 673
1 991
19 729
11 759
4 512
11 281
23 734
15 579
5 524
25 463
3 583
1 986
16 335
6 961
10 302
10 319
18 933
18 971
24 589
15 514
9 925
7 881
2 811
3 660
6 571
19 920
17 682
25 756
6 617
28 495
14 868
13 572
0 304
12 811
18 777
19 201
12 546
19 440
20 340
20 220
22 467
19 923
15 825
27 210
12 509
26 854
7 275
3 507
5 951
6 336
24 928
21 960
16 685
20 484
20 282
3 573
13 577
3 668
4 858
6 738
18 271
17 812
21 633
6 975
19 593
4 485
1 956
27 269
18 349
14 503
4 793
28 337
1 775
19 353
4 798
8 324
26 927
11 313
25 235
2 880
28 397
1 268
7 775
8 498
0 244
20 845
27 471
29 682
15 333
20 729
21 666
14 616
29 277
17 214
17 454
28 463
21 378
4 365
18 403
5 558
12 284
15 259
26 887
7 848
15 908
21 492
20 339
29 305
18 750
15 844
26 995
9 335
12 585
0 778
20 238
0 375
28 673
11 859
1 784
17 627
0 263
18 328
17 595
4 398
15 611
14 233
8 876
29 325
22 313
10 796
1 599
5 596
17 559
8 305
27 312
13 585
9 837
24 695
26 993
7 260
1 834
8 393
17 756
7 314
22 212
0 200
10 207
13 434
16 773
18 767
28 383
11 274
15 997
2 726
24 589
10 693
21 756
16 674
13 463
19 536
6 531
12 893
19 904
21 360
22 461
2 886
18 221
22 921
8 450
17 970
1 619
3 594
4 456
19 317
27 574
18 422
8 506
23 749
19 329
24 1000
2 861
3 330
6 451
19 809
12 689
1 633
26 980
22 931
17 497
8 214
8 684
12 841
4 575
11 293
22 527
10 289
3 320
25 415
24 920
28 722
9 580
21 585
23 531
1 363
4 452
16 604
10 689
16 513
12 638
10 203
27 960
13 459
26 563
4 308
2 900
28 566
1 311
11 525
6 242
22 640
3 614
29 771
13 846
17 478
18 862
9 372
25 698
1 382
25 478
28 446
2 979
11 965
11 333
5 612
18 430
12 954
15 945
1 624
6 621
17 843
23 296
25 387
13 234
25 827
28 654
23 539
4 840
5 914
6 642
15 401
12 911
0 388
10 627
20 536
0 530
3 408
29 856
4 796
0 847
28 280
16 602
7 947
20 751
6 481
5 782
12 626
25 416
27 213
20 418
29 677
12 248
11 718
19 469
27 254
25 609
11 627
10 661
8 625
29 265
11 758
7 637
12 981
25 379
8 831
18 550
9 297
8 507
23 434
13 454
2 833
22 797
8 392
22 898
5 849
25 244
19 243
15 772
19 859
18 230
21 760
16 335
24 697
22 459
18 768
25 731
11 597
11 902
5 705
6 446
24 800
18 297
10 381
11 221
29 939
29 320
13 864
20 258
4 561
10 658
6 537
11 420
13 834
5 492
21 327
1 890
17 546
0 228
27 724
14 649
15 536
2 397
17 385
18 481
13 516
7 739
15 869
5 935
12 940
3 697
19 525
7 793
6 694
29 905
17 398
1 215
0 788
26 596
9 586
10 389
15 642
8 885
12 323
28 927
27 755
13 868
25 712
4 799
4 669
18 935
11 622
24 280
11 858
29 273
6 495
0 630
3 517
1 891
28 720
28 376
16 988
27 471
8 612
3 495
21 626
21 852
7 799
11 212
12 682
21 581
5 477
13 451
20 622
9 692
22 350
18 800
28 449
2 409
9 615
23 770
5 639
15 636
11 202
6 251
1 769
22 357
17 480
15 378
8 855
7 296
21 356
21 238
25 807
11 202
5 816
23 295
17 857
26 749
18 772
22 645
2 872
4 315
0 932
8 571
25 859
6 883
4 782
23 951
17 488
1 386
29 639
11 602
8 576
9 714
2 419
14 207
14 829
18 767
0 828
24 390
0 806
15 807
16 973
9 372
10 772
26 840
12 277
28 263
26 507
18 464
10 288
23 404
15 354
27 716
11 355
20 764
29 294
11 775
20 687
14 397
29 247
28 826
21 482
12 631
15 320
8 399
22 478
3 906
5 996
29 690
1 657
11 902
28 927
27 779
6 203
6 903
2 681
10 344
4 519
26 803
10 516
8 482
3 779
7 505
24 534
8 631
11 796
13 429
26 232
13 623
7 328
10 868
23 429
22 388
1 584
29 619
4 777
14 419
21 233
11 457
9 906
21 920
28 240
28 935
13 270
10 933
1 446
0 499
10 942
13 659
4 430
10 852
28 265
17 726
25 706
10 618
14 729
2 772
0 541
28 612
24 718
6 810
26 636
24 647
25 959
0 300
29 876
5 299
18 272
18 318
29 956
10 749
2 342
6 920
20 254
15 568
4 784
29 460
27 696
26 298
20 418
7 396
21 302
0 295
23 519
2 583
17 699
28 764
25 529
13 974
11 616
11 400
25 691
20 345
24 927
3 613
0 387
5 714
1 234
24 636
8 386
1 787
11 432
20 428
19 229
19 865
24 492
0 894
5 885
24 763
7 240
25 200
5 938
2 381
16 244
25 413
11 493
16 738
28 652
18 678
22 283
4 743
17 648
9 669
28 698
2 218
16 250
0 751
23 409
20 341
11 981
27 284
14 773
22 455
15 523
20 242
4 244
13 320
17 390
1 923
2 705
6 837
29 698
28 876
26 668
7 486
1 939
11 607
9 929
24 920
6 847
16 851
7 947
12 932
2 398
21 212
10 315
21 293
6 533
24 663
5 907
6 237
12 928
25 271
9 252
28 859
8 381
18 742
2 944
25 765
18 956
20 523
29 857
25 463
28 202
25 725
12 523
5 523
19 956
24 443
15 978
27 485
29 284
24 525
0 253
25 751
11 203
18 478
5 987
27 630
19 822
14 669
2 742
17 450
27 572
15 967
20 760
24 772
18 457
1 930
15 499
18 506
17 324
17 413
22 983
18 932
26 696
26 754
0 649
7 969
20 686
9 645
22 709
25 206
1 456
15 827
13 284
14 362
12 845
16 820
20 313
14 883
29 466
23 670
9 730
28 760
2 515
13 811
22 829
0 900
26 894
29 467
2 775
22 385
21 548
9 502
29 265
15 646
5 859
26 320
24 507
7 344
6 237
23 769
23 936
11 762
27 419
2 933
0 776
7 704
9 257
4 631
21 420
13 333
22 568
8 882
8 703
24 341
22 683
10 586
6 402
18 854
8 780
4 710
12 505
2 589
24 913
9 534
28 587
19 669
4 236
9 298
16 801
29 875
19 390
12 755
29 544
5 207
4 503
14 395
23 297
8 795
1 684
20 351
22 660
5 563
17 391
8 963
8 653
9 866
14 473
1 440
2 591
1 970
0 285
29 994
5 291
10 379
12 928
15 464
23 882
1 526
29 293
3 687
19 222
3 764
2 497
20 666
5 306
25 310
5 561
4 856
18 758
4 612
10 672
24 945
10 615
25 438
19 390
2 240
12 644
3 862
8 498
12 440
22 647
13 552
24 597
4 212
4 921
2 352
19 314
4 444
14 287
8 415
14 430
22 584
19 693
12 483
28 513
21 614
5 845
3 748
7 680
29 835
28 765
26 462
2 664
0 573
4 560
3 488
22 854
22 888
20 708
3 532
28 914
29 883
3 526
12 940
24 888
16 268
7 883
1 466
23 350
28 912
28 486
2 893
4 385
15 298
21 497
3 497
8 601
2 689
20 523
14 863
11 502
26 857
4 498
0 980
29 553
11 331
12 219
20 875
18 685
29 366
12 508
19 961
14 936
3 945
17 207
29 476
4 269
6 713
25 726
27 290
13 923
2 762
10 360
29 526
5 346
0 721
27 774
8 280
6 529
23 481
6 309
4 388
9 789
23 920
13 673
5 343
14 453
7 239
12 983
7 368
1 835
18 280
25 270
2 980
29 768
17 379
0 641
29 426
3 684
29 542
11 628
23 996
15 966
29 778
16 223
18 741
26 346
6 265
27 892
15 811
19 923
15 419
16 315
9 273
8 341
12 499
28 850
28 388
1 964
17 390
4 507
6 679
22 967
18 678
10 564
19 917
4 769
15 590
13 835
23 230
8 403
23 528
26 709
1 937
12 952
18 376
20 406
26 267
12 683
29 498
10 728
2 987
11 236
7 200
17 636
3 254
21 682
10 789
25 785
2 838
17 962
22 788
1 434
7 937
3 524
9 333
