1000
21 734
29 285
11 704
25 488
26 933
0 853
23 879
10 994
29 463
27 508
1 276
13 256
13 514
6 547
24 940
11 633
29 891
0 520
19 928
1 796
27 997
27 549
14 487
15 778
2 645
13 825
26 445
12 812
22 697
15 713
15 461
26 640
3 854
1 830
0 370
6 733
27 258
11 732
12 517
21 379
19 622
4 302
3 429
19 722
29 471
1 334
12 223
6 640
4 977
29 622
5 542
8 670
19 244
11 300
26 562
23 842
7 512
0 515
16 688
24 419
2 381
3 724
14 214
9 952
9 823
22 340
29 526
13 473
4 575
10 673
19 482
7 694
7 870
28 869
19 818
9 804
17 425
12 999
29 967
24 919
25 362
1 256
19 553
28 345
4 278
18 980
18 615
15 771
0 598
24 771
10 376
10 343
13 841
26 656
17 794
1 321
29 575
25 534
27 299
11 944
7 205
24 431
3 942
23 779
13 451
5 832
2 574
17 683
15 748
12 788
20 277
26 721
21 620
9 685
26 958
13 442
24 446
12 312
29 940
15 540
14 872
24 804
9 954
25 997
21 859
23 223
15 648
1 881
19 735
15 779
24 848
11 560
3 894
22 882
27 689
11 404
0 605
21 304
11 529
9 612
0 640
24 965
8 760
29 624
7 923
8 484
6 994
28 666
3 271
9 748
7 856
26 541
24 511
7 760
5 770
0 981
25 784
16 454
14 942
25 217
24 824
25 396
23 990
24 232
21 275
29 492
25 533
11 807
27 506
2 734
7 919
8 779
29 741
27 884
23 861
6 864
6 732
14 746
28 609
22 804
6 618
4 933
25 403
28 796
15 999
22 255
26 954
2 551
16 249
18 958
20 876
5 769
6 284
11 502
14 588
8 272
12 999
8 516
25 276
12 722
0 487
24 426
21 519
26 657
18 203
16 204
6 286
24 849
0 453
13 382
29 431
17 250
23 531
20 871
1 354
14 988
6 402
24 372
0 384
9 233
4 687
7 975
7 887
12 739
4 725
4 510
24 748
26 610
16 625
16 634
8 807
24 462
29 424
0 201
15 686
21 333
20 524
28 466
8 943
8 420
26 448
17 622
2 810
17 648
22 882
14 856
6 297
25 751
14 433
25 766
15 556
17 242
23 837
8 489
11 999
11 890
15 969
4 829
11 372
15 947
17 987
14 319
3 971
9 558
11 633
14 586
24 363
6 771
17 902
26 939
21 967
1 946
12 987
12 361
12 312
18 625
17 778
10 869
1 455
7 262
21 818
28 671
5 974
18 684
7 269
10 269
5 604
19 542
23 918
6 932
23 275
19 261
8 573
10 591
12 797
2 544
11 311
4 637
20 636
26 325
6 974
2 590
26 632
11 269
20 220
15 296
7 667
28 333
2 512
20 850
18 355
3 334
3 325
26 558
22 922
1 877
21 685
0 412
11 649
19 312
0 483
6 203
20 929
17 360
27 673
7 582
22 228
25 677
23 720
0 878
2 420
29 793
8 858
9 442
11 335
2 669
2 929
3 303
29 671
26 390
16 464
2 893
6 951
24 608
28 489
7 422
27 631
29 684
13 396
23 700
26 318
17 354
7 1000
23 854
10 978
6 604
17 955
20 467
24 214
13 204
20 279
16 613
20 610
3 241
11 417
7 757
24 625
19 322
23 967
11 567
29 630
28 720
2 768
9 255
1 956
23 759
21 421
2 560
20 724
16 674
8 382
2 695
20 477
1 718
27 889
13 244
0 683
26 335
5 940
16 469
29 897
19 769
24 451
20 613
19 884
14 931
0 245
19 571
18 459
28 442
9 847
24 459
16 744
0 750
6 733
2 642
11 213
7 987
3 663
6 768
13 930
20 435
21 718
4 256
18 996
13 776
22 947
9 518
3 728
4 891
13 505
20 922
18 257
29 940
0 895
3 551
13 764
14 949
25 542
18 313
11 374
22 628
27 455
15 940
23 338
22 879
28 901
9 386
14 889
2 653
25 456
12 687
26 420
28 615
4 498
22 796
1 645
17 449
1 202
15 573
3 973
17 491
10 322
17 555
7 314
1 969
8 994
18 317
27 315
0 486
15 484
28 711
8 596
27 566
23 664
7 488
24 467
13 947
18 896
27 315
16 673
6 802
29 589
1 840
29 983
13 387
2 387
14 205
1 971
26 525
14 718
2 377
21 514
20 314
18 470
10 731
10 545
18 605
28 473
21 720
29 432
26 266
6 795
8 392
7 449
2 645
22 553
13 847
1 571
19 302
21 361
26 660
6 794
6 350
11 951
15 892
6 560
14 486
23 864
8 898
15 654
5 791
16 670
5 860
8 788
16 861
9 522
20 461
5 699
5 871
3 816
10 453
24 557
17 244
10 246
20 956
1 782
24 738
18 502
28 749
1 454
19 866
9 720
28 325
27 920
17 612
5 969
16 797
14 514
16 748
28 499
21 735
9 731
23 480
9 904
12 225
9 772
1 238
13 524
26 355
28 469
19 431
20 297
22 535
11 268
20 484
29 867
29 800
28 765
15 938
7 370
1 785
17 451
28 887
6 853
17 319
10 424
18 814
5 879
14 968
12 855
8 967
4 815
27 977
0 709
27 499
15 788
1 589
13 571
15 230
6 758
27 961
11 561
3 755
23 262
10 376
27 888
15 892
27 263
6 592
27 615
23 510
25 340
2 759
0 771
5 208
19 743
3 209
1 689
14 713
28 332
22 686
15 910
0 789
27 644
2 748
16 228
19 732
1 591
15 288
17 956
0 727
2 764
16 881
8 409
8 560
8 507
11 572
7 557
6 656
22 704
29 805
12 337
3 472
5 686
3 353
6 375
15 933
15 974
17 665
27 630
21 300
0 291
22 631
3 244
22 643
5 266
22 564
12 357
6 694
21 787
4 398
6 935
4 258
8 889
8 880
26 593
7 553
4 945
15 924
13 782
27 670
27 434
25 869
29 739
7 348
2 311
3 486
19 392
5 769
8 894
1 776
21 293
6 650
29 763
25 579
26 291
24 388
12 970
22 956
19 272
0 582
24 935
21 333
1 752
25 515
5 328
5 448
4 945
5 760
16 470
3 446
16 493
23 796
23 957
4 464
26 962
16 587
22 232
16 472
15 610
25 842
12 510
17 558
9 949
12 696
22 392
10 542
28 780
16 458
9 896
10 740
22 489
24 804
22 931
24 680
0 774
19 825
25 577
6 330
26 925
29 996
8 364
23 388
25 703
22 465
14 929
21 296
5 202
5 446
2 601
8 646
11 733
23 835
3 300
16 382
25 786
20 462
26 873
13 424
1 374
26 413
18 940
24 714
18 473
9 340
8 743
1 842
7 991
18 385
5 326
3 941
28 985
18 748
17 637
22 860
28 429
13 291
28 709
2 895
4 643
9 322
15 557
13 345
26 693
14 477
21 349
13 322
2 376
7 996
8 450
12 252
19 421
8 794
29 224
19 976
22 535
14 638
19 276
17 856
14 619
8 348
12 633
11 505
22 931
20 480
13 814
12 308
10 862
6 546
4 215
19 382
29 401
27 894
24 373
15 383
6 816
0 399
9 391
12 238
26 219
0 212
12 622
18 219
15 847
7 567
19 925
23 330
7 1000
24 625
4 467
16 971
27 218
3 504
17 326
10 433
14 918
9 450
2 450
11 213
26 692
10 895
18 442
11 703
14 200
13 212
12 934
18 534
24 721
6 402
14 247
14 491
4 742
24 600
3 469
10 381
11 754
9 471
11 220
28 451
20 925
5 620
4 803
16 439
8 853
4 398
28 824
9 440
28 768
29 358
26 903
4 806
16 276
18 308
19 392
8 601
0 786
5 473
26 222
16 703
28 859
4 737
8 342
5 310
3 558
12 893
9 962
1 395
8 836
26 315
16 968
12 496
6 347
6 828
6 679
19 906
20 695
8 351
21 539
1 866
2 644
5 360
25 746
8 621
20 824
15 676
29 895
2 527
29 859
25 340
26 591
15 374
21 735
28 642
28 968
28 651
14 662
18 223
15 758
8 310
0 826
25 260
28 268
24 741
17 365
3 368
26 495
10 335
26 660
5 656
12 497
19 901
9 575
17 966
14 892
5 625
14 755
13 683
6 368
6 225
21 255
18 930
25 291
18 703
16 767
25 908
11 452
27 515
16 947
28 952
14 258
7 513
24 381
5 336
21 838
8 402
15 582
25 464
2 482
17 267
26 851
29 751
23 903
18 961
8 690
22 280
9 770
7 540
13 734
22 339
1 274
9 893
20 595
2 709
16 364
3 333
5 675
21 893
7 426
15 691
28 603
0 308
21 793
4 902
28 481
4 675
0 388
1 575
26 370
3 245
0 492
4 329
11 998
6 724
13 213
23 743
6 451
10 324
24 734
28 332
28 425
20 720
14 409
8 726
19 399
11 494
14 295
28 612
7 265
20 581
13 772
22 490
8 972
7 555
12 709
6 344
27 709
2 433
4 249
1 228
12 719
4 684
8 831
29 332
10 987
6 945
23 615
24 381
23 601
8 409
