1000
26 571
21 574
8 971
1 605
28 267
13 747
29 396
29 542
1 336
15 931
0 214
25 950
24 589
25 906
19 516
9 871
25 275
14 641
15 872
12 589
28 361
12 697
15 722
20 369
15 559
8 862
5 454
4 954
9 611
12 278
10 653
27 975
15 949
27 743
22 745
0 965
8 703
22 848
5 384
6 350
22 855
20 998
22 498
14 852
14 481
20 382
21 547
17 401
14 782
10 578
25 658
21 386
10 379
13 638
5 497
10 304
6 325
28 564
1 840
3 633
7 780
26 829
17 690
8 995
22 267
28 914
25 929
22 354
8 664
21 241
27 796
24 385
26 503
22 312
28 941
29 338
17 275
7 212
7 865
4 828
1 734
0 512
5 307
26 669
11 709
24 546
9 572
15 271
28 817
22 328
15 211
16 384
9 776
28 903
11 415
9 276
28 991
20 354
25 421
26 745
21 476
26 485
26 637
13 571
27 919
23 315
13 752
0 846
9 262
0 857
16 719
9 895
13 389
9 619
10 981
27 691
9 498
0 890
28 445
14 769
26 687
23 230
29 483
7 944
22 505
3 350
11 599
5 594
8 484
23 533
6 684
24 468
14 807
22 421
15 217
4 935
7 392
15 797
14 679
2 250
16 691
7 875
6 369
0 400
21 535
13 381
24 334
28 768
6 979
4 362
16 920
7 452
18 482
19 782
12 446
14 244
13 936
13 969
3 282
18 364
27 713
8 727
26 339
13 548
21 460
17 630
16 208
1 911
12 253
8 509
14 357
18 677
20 674
6 449
9 633
25 864
0 995
5 844
12 641
3 765
5 247
0 819
12 431
16 736
12 227
17 261
12 398
28 666
7 327
19 396
0 939
1 366
11 559
4 532
19 231
8 748
28 815
25 980
4 653
23 630
10 475
17 316
2 663
6 618
2 463
12 533
19 850
9 298
12 277
22 638
16 803
1 830
6 583
1 667
17 597
27 625
8 584
25 985
23 687
11 290
23 504
27 843
24 976
23 804
6 736
15 391
6 324
25 373
8 895
23 343
7 540
11 688
23 326
27 720
26 816
21 868
25 890
13 607
11 744
4 399
6 781
13 846
13 754
8 709
23 598
6 951
3 295
8 326
21 968
16 720
16 225
16 935
14 828
9 339
9 879
10 434
3 833
14 217
17 753
8 382
2 527
16 646
11 532
22 718
15 997
3 249
23 894
19 512
15 406
18 867
7 422
13 415
2 613
22 622
2 686
3 666
5 342
23 832
5 251
24 821
20 571
6 546
24 560
17 881
20 489
1 952
9 645
11 635
13 471
22 569
29 406
26 215
12 236
11 837
13 552
14 329
21 736
18 979
26 244
10 565
22 717
20 470
2 278
19 667
16 402
15 777
22 936
8 644
15 478
11 753
9 725
26 761
13 553
9 932
20 659
0 813
0 269
6 503
17 207
5 310
3 953
1 799
14 721
3 416
14 816
2 249
22 483
28 451
4 276
16 284
5 940
29 937
23 702
14 578
24 915
2 370
21 248
28 457
27 511
24 403
14 811
15 414
8 533
2 282
9 587
29 281
1 208
12 522
26 788
24 967
21 885
6 534
0 572
10 874
28 675
19 410
28 659
20 448
2 213
22 702
6 952
15 229
25 201
11 536
9 980
14 742
1 726
14 804
24 478
21 753
12 990
1 567
11 547
0 635
26 922
14 912
9 757
8 793
17 948
29 760
0 444
7 995
29 259
24 798
10 702
12 353
25 278
16 562
21 215
15 680
14 571
27 872
20 989
29 877
9 705
28 581
21 573
22 574
14 648
9 985
20 409
3 533
24 782
24 724
4 496
18 762
24 627
2 951
5 578
2 988
6 817
11 278
11 799
18 769
13 993
5 276
13 382
25 319
23 814
28 389
2 795
0 553
8 203
24 724
2 908
23 216
28 854
23 930
29 774
19 716
14 342
6 860
1 273
7 862
22 294
14 618
14 556
29 663
6 262
6 334
12 908
17 528
9 846
5 455
11 418
7 418
4 504
22 473
18 651
28 984
17 695
5 706
9 751
17 873
12 597
0 620
21 497
25 597
3 960
7 758
21 257
6 772
12 345
24 889
3 316
24 435
28 922
24 582
26 697
23 671
4 727
19 567
17 987
28 944
21 845
1 834
28 209
12 474
4 341
12 249
11 561
24 378
29 597
10 837
3 759
16 220
11 274
26 230
28 709
27 220
25 281
15 665
11 741
10 705
17 612
2 944
1 872
3 728
12 934
6 254
28 377
16 578
6 490
11 980
13 968
5 574
17 622
19 994
10 339
16 580
24 576
12 510
4 450
24 206
25 860
25 567
27 868
8 500
13 491
11 409
27 804
2 481
1 763
0 272
14 658
17 206
4 940
15 779
21 316
16 455
17 258
15 935
18 888
27 278
22 356
13 207
16 892
6 908
20 730
16 585
24 653
16 256
9 947
2 627
0 400
15 400
23 221
7 822
26 836
1 395
23 802
24 455
13 291
2 430
17 982
8 592
29 678
12 449
24 426
13 747
23 505
19 575
13 759
9 935
8 778
14 368
21 384
23 288
15 518
2 615
18 607
24 953
7 929
28 783
4 418
6 466
19 381
23 218
12 509
6 288
28 685
25 723
18 456
16 825
15 522
24 482
12 393
6 769
21 906
3 268
20 548
21 629
19 971
0 807
15 883
23 524
23 944
8 670
15 909
21 934
16 768
23 863
6 895
5 822
22 817
4 592
1 912
25 449
19 715
24 922
23 871
24 611
17 546
16 657
22 870
12 801
29 732
3 459
1 895
4 720
3 625
13 509
21 914
27 865
26 983
9 823
7 759
24 962
0 959
19 955
22 257
7 991
17 542
2 848
8 547
1 880
26 667
21 231
2 461
22 466
17 506
19 837
11 680
6 275
27 833
12 906
27 820
3 597
19 901
3 272
4 912
24 874
22 807
28 835
5 753
12 587
1 994
6 957
26 855
1 906
18 675
14 970
24 408
3 838
21 830
15 967
12 479
11 233
0 745
5 618
4 275
25 502
0 921
21 658
10 940
10 350
6 421
15 586
0 471
4 206
2 374
12 820
28 420
29 713
7 891
29 452
19 969
13 461
16 528
25 202
12 246
28 668
26 536
29 289
25 863
24 384
17 987
18 982
7 511
19 663
14 674
14 309
29 625
9 890
15 429
3 886
13 493
27 435
8 460
26 514
20 385
2 999
8 325
11 713
13 404
2 487
27 849
6 903
0 841
14 291
21 441
9 405
11 370
18 471
6 554
6 855
14 676
19 376
18 479
25 759
9 423
27 507
25 917
6 890
20 863
25 764
4 274
21 442
16 814
26 277
8 911
11 913
1 827
29 227
29 907
8 992
3 576
22 464
18 887
24 936
6 572
29 762
12 560
29 231
15 364
0 944
7 961
3 241
27 915
16 535
20 994
12 310
27 733
21 353
16 809
16 549
15 735
3 328
28 308
4 315
5 321
26 395
3 341
21 281
2 773
0 269
14 965
27 274
20 917
24 904
4 359
20 356
0 602
3 809
15 247
23 393
10 561
19 891
24 365
18 455
10 925
14 983
10 799
2 566
8 263
13 765
9 872
2 813
7 678
28 800
19 484
22 835
8 227
0 213
23 828
16 630
13 364
29 936
10 834
27 201
2 786
24 493
21 637
28 765
2 638
15 894
9 979
8 812
26 822
2 912
25 308
24 552
6 622
15 570
26 839
26 909
28 241
24 679
22 648
17 765
7 338
18 965
20 901
23 829
25 864
11 327
15 941
12 966
19 383
23 543
12 486
28 314
23 788
25 241
6 747
10 931
10 388
15 984
8 605
27 679
24 562
0 427
4 599
26 786
20 525
3 725
3 842
25 601
3 240
11 985
0 1000
25 246
21 364
7 232
25 734
18 697
12 575
7 634
29 594
3 511
25 956
17 214
14 813
8 402
23 805
23 343
25 377
22 660
27 924
8 482
24 981
16 582
21 660
0 322
29 396
7 790
2 720
22 245
13 704
1 455
17 452
1 473
2 273
1 385
16 913
20 689
7 489
28 785
14 393
29 667
11 521
4 810
5 727
21 599
14 376
14 531
23 255
28 561
25 807
28 364
1 990
6 236
2 664
8 717
14 201
14 478
29 970
13 962
10 221
18 892
23 821
12 497
14 387
5 743
23 687
6 699
6 377
21 753
20 555
5 733
13 447
19 454
19 760
26 393
21 930
11 954
2 892
7 503
0 476
3 582
23 611
21 734
3 841
2 259
24 653
11 603
13 298
7 817
12 296
29 412
28 933
11 499
1 658
16 471
24 805
13 442
5 254
2 624
21 416
8 979
12 641
15 770
19 803
16 943
18 509
6 701
25 275
26 557
7 440
9 348
11 545
22 991
19 385
2 789
15 916
29 895
29 666
14 209
4 918
4 767
2 669
12 921
25 706
27 868
2 709
21 824
7 845
7 557
21 566
9 828
20 985
6 233
0 815
0 777
12 877
21 502
1 818
8 397
20 725
20 505
