1000
1 226
29 440
3 602
23 894
16 328
13 240
7 768
10 827
11 755
9 228
28 460
12 277
7 454
13 882
29 418
14 740
28 678
14 315
13 231
7 575
17 519
28 297
23 978
22 547
29 950
28 644
29 808
23 470
11 420
19 811
27 912
22 254
25 249
6 336
10 962
22 457
23 635
28 569
23 202
12 825
27 579
16 628
24 428
10 859
12 664
25 630
20 668
28 246
3 688
4 936
23 227
11 955
8 549
16 438
18 606
4 907
19 538
22 278
19 467
12 445
6 788
13 924
24 905
8 445
22 480
6 954
23 475
29 431
24 576
13 352
1 901
28 634
9 357
29 309
12 695
13 253
0 396
16 254
5 668
18 999
10 209
0 288
23 292
20 960
6 580
4 361
9 667
6 299
7 668
6 830
12 960
17 626
9 940
27 750
29 612
17 908
13 708
5 550
7 339
14 751
7 390
13 642
26 625
21 513
26 830
28 961
21 689
21 783
28 244
0 200
12 278
23 208
9 968
6 561
23 705
18 800
5 226
21 815
0 590
29 416
28 427
11 423
2 572
3 771
20 982
10 618
9 592
3 641
15 884
27 236
16 245
1 624
6 495
18 912
24 396
26 938
25 788
4 656
27 821
28 450
21 476
6 460
7 597
24 845
9 507
18 990
13 906
14 445
4 852
27 465
22 248
28 396
24 503
8 530
5 981
19 230
29 342
23 527
6 657
22 907
19 250
11 987
2 963
24 759
5 455
13 398
23 447
5 912
17 751
29 228
20 454
6 968
27 735
29 990
24 323
21 654
4 666
14 513
9 845
16 427
14 207
27 565
23 262
7 876
13 352
21 945
24 844
9 489
28 767
13 713
12 663
6 240
22 240
18 794
25 353
19 933
16 435
25 606
2 772
25 398
18 235
20 462
3 239
15 557
27 730
18 850
15 246
7 663
3 643
3 933
20 642
6 441
22 549
24 867
15 711
15 797
29 409
29 730
25 586
0 297
4 983
25 391
17 726
12 463
11 811
25 596
13 780
4 390
27 579
23 393
23 595
20 208
5 269
12 290
17 319
0 617
18 864
1 977
0 997
5 395
28 335
6 923
20 862
19 976
5 958
1 278
29 365
25 685
20 787
18 413
10 770
9 527
14 926
15 802
20 437
10 362
6 503
23 240
5 911
29 783
4 754
13 349
26 869
6 397
9 665
25 425
27 283
1 226
21 794
6 851
29 925
5 575
3 588
2 368
18 417
12 499
28 308
7 962
26 942
6 961
19 927
15 765
4 304
26 475
12 268
22 685
21 980
17 420
25 487
3 913
7 534
16 809
5 294
3 482
9 285
14 757
23 610
24 272
4 895
11 826
8 720
23 410
8 552
28 428
14 280
23 466
13 938
12 816
1 889
2 708
14 259
5 208
4 792
10 643
3 833
1 270
27 572
23 723
11 541
9 363
5 670
16 721
7 282
3 675
17 598
27 804
25 378
0 614
13 951
21 614
19 799
20 825
15 577
14 940
28 761
19 907
5 910
12 540
21 236
29 502
18 691
14 527
17 511
20 933
18 633
29 838
0 798
24 786
17 698
8 967
20 715
17 766
3 889
17 922
17 424
3 804
8 214
17 301
19 767
27 302
19 740
26 916
16 971
27 735
20 979
22 615
11 287
8 678
6 578
29 538
7 970
25 599
24 714
23 777
0 855
9 867
24 355
20 811
15 560
6 847
20 943
19 405
15 416
10 738
27 530
27 668
10 380
19 765
5 829
26 322
6 736
4 655
20 634
28 761
24 477
18 419
26 546
22 741
3 540
28 944
22 389
9 641
26 989
16 794
0 321
11 448
8 487
27 864
15 997
29 613
21 914
22 321
11 697
25 485
0 668
21 986
17 610
9 480
22 261
20 367
7 428
29 381
4 716
28 577
17 610
0 378
22 328
14 528
9 736
17 554
22 462
23 833
21 723
28 435
11 517
18 286
0 664
21 508
0 389
12 953
11 598
15 946
1 435
7 871
9 814
23 526
12 633
25 797
10 579
18 720
4 217
7 673
3 476
6 527
21 907
15 999
24 437
16 323
27 937
29 747
11 901
4 897
0 843
16 599
28 485
16 788
4 709
8 977
17 295
9 440
13 289
7 851
18 453
12 472
13 490
23 496
19 813
6 560
8 775
26 914
23 979
26 520
4 720
10 553
24 460
16 849
14 945
23 473
4 403
29 787
3 936
3 997
9 962
14 435
18 569
22 789
25 433
4 272
10 882
14 203
1 561
29 456
13 762
21 832
28 628
7 907
9 844
8 334
13 405
10 998
4 940
14 784
27 887
19 235
28 541
10 618
7 914
3 347
15 934
21 351
18 254
18 672
11 904
16 543
14 710
19 567
3 808
17 256
14 693
4 697
28 472
6 685
11 351
14 841
21 373
0 791
20 912
6 780
25 354
24 682
7 772
2 542
23 713
29 708
21 536
25 441
8 842
8 394
5 584
17 791
19 676
27 960
22 895
4 296
24 363
28 478
8 317
20 687
7 682
27 607
28 674
28 613
23 792
25 895
28 361
0 395
10 489
6 211
24 373
7 481
24 298
18 233
19 473
7 915
16 347
3 295
10 904
23 224
22 552
6 973
2 446
7 420
23 948
1 666
24 302
0 644
20 890
29 779
12 498
3 289
5 826
10 954
27 878
19 432
24 818
22 727
9 880
9 381
3 782
1 682
0 358
5 463
7 941
26 984
9 447
27 478
19 555
24 816
0 569
9 344
6 542
6 641
20 698
13 547
25 284
6 327
6 458
12 891
6 784
7 664
5 285
7 949
3 536
26 979
11 530
6 618
22 506
21 270
7 317
26 223
6 764
23 807
3 733
19 978
8 636
23 785
24 346
17 791
23 586
6 473
4 658
4 410
18 545
29 531
25 526
17 329
15 395
27 972
25 995
1 647
8 526
26 326
25 437
2 507
22 625
14 941
7 395
4 256
12 962
10 348
25 940
24 402
27 877
6 561
13 666
29 881
20 720
12 289
12 980
8 336
28 730
5 931
10 757
20 824
29 619
12 608
9 331
18 471
2 466
0 463
9 940
13 755
19 520
24 273
8 811
19 719
29 263
20 508
10 347
21 816
10 686
8 860
5 399
17 506
28 644
26 944
7 495
23 377
17 538
5 489
13 473
15 928
21 556
22 238
20 585
29 964
12 336
12 599
17 818
2 760
23 631
1 787
4 495
28 470
8 409
28 855
19 916
27 706
4 951
7 226
0 587
19 409
22 863
12 739
6 509
26 722
3 490
2 318
24 796
18 723
13 464
5 594
2 316
5 836
25 919
14 714
3 200
12 897
5 694
28 937
17 683
9 396
5 869
4 907
5 248
14 605
6 596
28 893
18 752
26 521
28 856
27 638
7 563
21 899
17 700
17 799
21 503
24 916
15 368
14 804
6 260
23 478
23 811
13 970
25 211
17 561
1 248
25 287
16 437
21 695
10 209
19 680
28 227
25 931
24 763
4 349
3 489
12 320
10 678
1 474
9 754
8 380
26 246
28 627
5 258
6 360
12 538
2 304
24 794
13 291
6 830
0 259
17 466
23 543
29 825
5 420
3 247
9 975
1 734
2 280
27 513
23 313
2 991
10 462
19 391
21 512
28 542
23 270
22 310
26 211
1 816
28 452
9 468
29 672
3 726
15 262
2 336
29 494
3 339
20 685
13 901
9 1000
4 732
2 949
25 358
10 400
15 603
14 721
19 318
18 465
6 978
10 817
9 607
9 372
12 916
26 557
10 475
7 788
10 362
21 438
23 986
13 631
4 489
6 882
4 679
23 267
7 716
26 527
22 847
21 313
8 895
16 735
9 280
0 319
20 410
20 752
2 646
13 346
10 213
14 932
3 476
17 774
11 953
22 243
8 568
14 280
8 325
5 737
9 343
3 997
8 367
19 833
13 951
27 536
21 269
0 729
17 285
18 636
4 881
17 714
28 688
18 457
17 558
9 554
29 653
10 222
25 267
0 383
5 943
7 960
3 772
8 227
22 748
17 849
22 532
13 666
21 698
4 443
17 541
21 541
20 242
29 571
5 975
8 969
17 296
1 786
4 314
26 555
20 516
21 944
24 736
13 724
27 403
16 781
11 601
5 308
29 767
13 924
11 982
26 708
24 588
26 228
15 540
20 481
17 307
15 909
19 407
10 960
3 782
21 798
11 269
1 426
20 579
22 708
7 429
15 653
11 245
8 426
12 327
25 490
29 303
0 203
16 727
22 315
26 449
10 905
9 288
10 665
27 575
10 852
7 953
22 947
23 867
13 274
24 213
16 209
18 422
9 358
13 945
8 962
14 907
0 790
28 591
20 245
25 553
18 862
0 406
5 616
14 624
20 636
2 441
20 205
3 998
16 736
24 398
21 762
9 260
18 447
13 483
24 865
23 237
13 659
15 569
18 306
14 312
19 423
7 650
20 736
16 970
19 691
18 367
0 627
24 421
4 612
24 642
25 460
18 841
27 527
8 536
21 524
