1000
26 943
23 209
25 601
11 995
13 271
3 713
25 530
18 837
6 881
0 742
29 574
2 253
9 349
19 475
26 298
8 957
2 758
7 675
8 998
17 999
4 644
4 780
16 695
3 823
18 507
28 727
10 440
0 945
4 641
29 695
16 950
2 925
24 898
1 476
21 597
2 411
27 628
21 623
23 545
20 786
28 263
8 213
22 661
2 345
4 580
26 673
1 390
9 746
14 314
23 803
2 777
10 259
29 711
9 578
21 336
28 933
29 335
26 861
14 681
11 719
0 764
4 312
23 791
16 373
0 451
23 411
26 872
24 721
5 679
21 981
9 475
25 598
12 662
7 203
1 947
3 813
2 614
3 764
10 216
21 392
14 383
14 373
18 741
28 726
3 464
29 907
0 642
26 357
25 542
1 382
21 641
16 530
18 924
8 332
27 721
8 749
28 207
16 566
12 777
6 425
25 593
8 872
18 513
27 972
19 424
21 683
19 978
4 940
11 755
28 372
20 273
6 889
14 862
13 382
20 785
2 381
28 423
15 347
28 627
3 326
3 600
12 883
24 358
5 329
0 410
11 839
19 605
19 575
6 321
25 657
28 209
18 310
15 301
22 279
16 914
5 494
22 219
7 829
28 496
12 289
13 949
27 312
11 995
22 540
23 234
17 211
18 695
17 979
1 463
7 645
4 445
11 461
12 468
28 329
29 907
3 292
28 451
20 509
12 799
14 393
17 438
9 583
16 737
10 801
15 718
24 311
23 845
13 885
28 983
26 374
19 999
17 627
0 689
4 206
28 947
18 244
9 673
12 936
10 659
6 203
6 472
0 553
25 926
6 340
19 416
2 247
16 317
15 740
3 345
16 871
13 906
22 498
15 795
17 966
11 862
27 476
12 914
6 486
25 840
2 615
0 833
17 261
11 635
15 619
12 474
6 443
22 809
23 703
8 783
16 950
17 850
14 571
23 934
27 948
5 314
13 530
22 443
25 810
24 344
22 584
29 888
25 280
27 709
27 362
28 825
25 398
29 531
9 472
8 734
7 881
6 658
3 498
12 564
13 950
23 771
5 505
24 615
11 514
0 643
21 734
6 668
21 695
1 312
3 597
12 397
2 407
26 998
25 629
14 749
3 445
9 444
9 970
18 277
15 620
6 572
16 852
2 652
18 315
3 434
18 674
17 463
10 229
11 980
27 760
18 937
23 275
20 354
10 502
29 702
15 628
27 353
10 926
3 251
21 561
0 554
9 857
16 626
5 322
6 475
4 717
12 831
0 358
11 643
29 742
23 387
11 896
27 568
0 821
15 736
14 539
3 453
15 570
4 281
12 833
27 665
28 743
10 630
9 646
16 653
19 465
8 898
4 356
15 622
20 207
1 656
10 381
13 456
15 748
0 771
7 481
9 954
14 274
0 647
21 944
19 986
16 1000
10 570
21 743
21 203
18 744
14 415
20 505
17 870
12 770
27 437
8 269
24 635
7 807
2 613
14 583
24 729
4 619
2 270
28 709
13 255
23 359
21 544
13 553
9 744
20 349
7 464
26 230
13 487
4 671
0 488
16 484
16 471
10 987
1 635
7 424
25 672
5 336
29 696
19 675
25 345
25 326
22 930
1 964
5 618
5 462
9 232
4 376
23 472
27 723
8 228
29 694
10 310
1 783
6 742
16 828
14 500
26 567
22 772
25 452
10 456
15 829
0 489
21 554
12 434
16 617
29 656
3 735
27 515
28 367
11 419
28 420
29 752
5 271
4 210
9 883
26 547
23 256
5 615
16 891
3 964
29 590
1 995
11 552
11 561
23 289
6 742
22 670
25 241
19 837
2 573
28 334
14 612
29 230
23 598
12 278
20 314
16 760
17 728
12 330
19 626
23 600
26 649
23 523
24 893
14 453
0 734
8 339
15 290
22 336
29 336
10 589
5 850
24 349
22 360
18 718
10 845
24 265
13 414
5 934
12 614
15 832
24 635
7 258
27 996
9 705
25 598
28 929
5 507
9 559
14 427
0 543
22 880
9 286
9 507
10 218
0 495
20 270
4 714
6 396
27 378
11 240
4 786
19 505
25 983
19 923
18 537
29 368
5 975
6 745
26 428
14 296
0 777
21 749
6 944
18 570
6 599
23 794
25 629
5 722
27 310
3 374
5 326
12 656
1 216
2 963
13 991
13 880
21 837
28 524
15 455
29 726
4 866
16 961
18 644
6 808
8 284
21 490
19 399
17 215
20 227
10 651
0 373
18 575
11 852
24 662
7 537
25 218
14 543
9 596
1 974
0 407
9 633
22 776
4 281
21 995
29 392
18 520
26 330
8 755
6 419
21 619
0 443
25 650
1 672
13 869
3 277
27 985
1 619
22 451
10 890
28 585
23 840
9 292
13 256
28 685
10 894
1 385
19 638
12 795
8 727
22 903
16 394
19 606
1 810
17 557
9 699
21 797
25 768
21 860
0 723
4 311
9 567
23 575
22 493
26 865
29 515
1 617
7 805
21 658
7 800
7 259
8 552
20 272
11 443
19 632
6 493
17 241
7 855
13 470
27 445
3 322
20 806
27 329
24 817
8 373
21 265
18 321
12 284
16 921
3 800
24 620
5 978
24 471
29 569
3 656
23 835
10 632
23 312
7 863
1 240
22 379
9 810
2 808
22 502
6 411
8 571
0 221
24 577
19 256
19 496
17 210
21 763
6 294
25 404
26 320
10 895
10 443
20 598
5 555
19 603
6 421
16 299
13 333
21 886
20 955
7 760
0 966
21 586
3 279
4 917
14 647
25 719
27 626
5 563
18 821
15 476
29 761
17 664
6 368
3 626
6 529
13 852
27 997
1 995
3 757
22 322
14 305
14 445
16 904
22 936
24 576
7 395
12 942
10 922
8 598
16 747
0 518
11 553
8 729
5 621
29 572
0 505
6 790
11 758
28 935
28 586
14 240
3 931
28 361
25 657
16 702
15 470
13 972
7 579
21 207
21 367
4 730
4 970
2 497
14 932
29 660
6 267
29 615
29 200
2 479
14 258
19 573
19 328
25 357
0 873
14 857
8 642
11 397
2 698
2 865
2 410
12 578
4 873
1 894
8 733
17 488
0 332
22 821
17 390
5 310
6 470
20 725
10 609
8 584
14 313
28 323
14 436
8 363
1 354
11 439
19 789
1 678
6 809
18 803
1 502
9 752
23 387
20 766
29 524
22 826
15 650
27 510
9 525
24 538
2 380
10 261
0 414
27 521
21 751
6 719
25 345
8 427
13 317
5 406
25 472
20 883
23 792
12 546
0 486
16 573
20 945
11 258
14 466
19 377
8 963
9 373
7 398
25 918
16 815
9 848
6 401
22 745
11 631
3 929
11 720
15 743
14 249
12 275
6 800
13 782
24 720
6 281
1 463
5 848
26 786
16 830
2 945
28 906
21 958
2 233
11 737
4 423
25 484
23 692
6 956
13 906
14 961
11 699
14 574
3 521
14 457
16 887
1 749
0 285
23 535
28 819
2 458
15 650
15 961
1 894
4 704
8 405
9 763
0 660
8 522
25 941
8 858
10 753
26 734
21 592
15 246
24 986
0 387
4 369
8 808
26 709
7 252
27 401
22 819
17 381
20 287
4 377
13 672
14 412
16 695
24 410
7 353
8 342
21 392
21 932
17 685
13 783
6 969
7 223
8 289
27 781
19 452
6 819
10 627
2 403
10 424
17 850
2 342
5 885
24 573
19 515
22 489
8 503
22 341
22 887
27 533
20 693
21 585
23 916
17 485
27 540
22 668
4 904
28 832
1 755
19 356
11 488
27 853
20 768
24 762
0 653
5 907
29 874
24 965
18 579
12 622
7 876
24 841
21 323
15 930
19 531
20 412
28 796
11 222
18 799
16 233
20 452
6 669
11 533
13 669
7 785
3 482
16 948
6 855
13 301
14 932
9 317
1 456
17 446
11 319
22 315
10 904
13 500
13 438
13 461
14 555
24 472
25 775
25 841
2 702
19 587
9 377
17 472
8 269
22 609
9 291
5 331
21 618
28 908
20 889
15 401
1 798
22 993
16 241
11 346
2 969
8 357
8 850
11 288
1 413
8 295
27 523
9 885
13 769
13 465
20 332
10 918
18 995
18 848
7 237
0 725
21 569
8 795
15 851
29 245
25 673
21 882
9 783
13 719
1 310
15 654
7 898
9 840
19 828
6 263
14 454
6 951
19 710
4 491
4 711
4 772
28 486
10 356
26 937
21 693
29 527
1 385
6 890
3 879
20 365
10 679
17 951
12 523
4 228
4 628
4 220
20 401
12 236
12 372
15 885
26 980
4 534
26 685
11 362
4 484
13 583
5 952
25 444
3 308
4 735
7 715
26 869
17 501
1 409
5 900
2 725
20 502
7 347
21 807
19 429
5 222
10 938
6 474
20 713
23 463
8 226
4 538
5 589
16 534
18 392
7 494
9 444
16 508
9 299
17 823
13 342
14 649
9 577
0 465
24 525
19 476
10 340
13 566
12 851
2 577
