1000
19 762
15 586
9 807
27 564
26 302
20 932
17 465
13 237
19 776
5 304
2 567
16 882
22 818
23 271
4 717
3 717
8 231
24 891
23 870
17 977
15 657
22 460
15 960
14 938
19 758
1 401
19 722
27 377
21 799
12 982
28 848
6 940
15 443
2 806
7 481
5 499
9 259
0 209
28 629
18 254
1 588
1 659
5 565
27 239
23 612
9 255
19 935
8 517
13 929
11 251
7 850
17 798
10 848
20 794
20 829
8 413
27 556
4 607
23 779
6 570
0 562
11 548
28 390
21 279
10 629
9 814
3 734
23 385
8 600
16 665
4 257
14 439
12 542
2 208
3 729
6 797
27 425
5 797
13 604
0 208
7 812
7 906
21 575
13 398
15 289
28 510
5 444
11 907
7 862
4 238
14 258
5 949
13 704
10 870
16 547
18 401
25 507
29 837
7 868
17 757
3 656
8 476
15 378
18 692
9 309
7 794
10 448
17 711
5 946
18 491
24 636
5 471
8 783
23 922
0 460
29 868
0 204
4 972
1 869
4 221
27 730
1 948
21 604
8 667
16 596
29 943
12 314
5 666
23 683
14 904
11 493
19 684
0 851
13 517
9 774
16 299
0 224
16 366
25 486
10 760
4 609
15 467
17 354
17 376
28 504
28 320
1 238
4 240
3 248
4 411
25 703
10 670
27 386
23 529
10 779
21 843
25 356
2 914
9 840
20 973
11 531
7 381
8 223
22 242
24 662
28 808
26 339
17 991
10 560
16 773
27 903
3 938
29 748
28 365
8 879
2 502
28 820
15 900
23 795
17 996
9 463
10 622
5 883
29 549
0 886
24 879
13 235
7 445
21 443
20 521
28 578
21 287
3 491
2 333
12 907
10 866
2 977
17 965
4 305
2 396
27 624
5 630
4 598
13 303
2 753
6 459
23 307
16 430
1 412
15 283
6 369
1 235
29 445
4 556
12 610
21 767
28 738
2 431
28 491
16 951
20 878
7 888
18 980
17 802
17 622
22 583
2 957
7 897
2 469
8 832
16 526
0 974
16 242
15 212
19 573
22 265
28 941
18 469
19 375
14 394
14 508
28 900
22 555
0 527
16 609
8 368
14 967
26 678
3 949
0 371
21 568
10 561
3 400
10 314
19 336
5 999
11 481
11 704
20 390
8 311
24 424
11 532
26 875
16 451
24 363
12 961
11 202
12 228
12 689
3 701
13 466
17 662
21 250
5 300
0 692
28 511
23 978
16 866
12 449
24 897
23 691
2 699
10 715
15 823
11 332
8 402
9 777
19 614
22 911
21 840
14 856
9 701
8 476
28 919
28 213
9 647
20 560
25 287
19 471
18 507
23 999
10 300
25 883
19 695
19 795
23 804
29 674
18 559
19 668
6 317
6 786
18 860
4 324
23 982
10 731
20 671
2 998
11 603
16 361
14 738
0 283
15 810
24 927
8 269
23 623
20 325
18 878
3 670
25 869
25 909
24 454
4 617
27 892
13 552
19 268
25 592
22 387
2 959
0 823
10 475
24 411
19 623
12 920
21 502
3 341
11 956
11 909
7 628
12 623
27 249
23 472
15 367
29 380
20 984
28 333
12 824
27 779
21 533
21 416
19 354
25 394
22 661
19 298
8 926
24 470
16 325
18 439
28 807
25 298
18 274
24 845
16 457
18 379
23 723
22 288
22 849
27 860
26 847
4 816
5 632
24 370
26 799
20 952
19 786
20 760
0 535
17 865
21 799
17 891
22 262
3 283
14 892
7 481
14 535
21 695
5 408
27 723
16 417
27 216
11 451
17 478
18 927
8 436
14 338
21 466
19 857
13 758
18 955
26 854
28 207
10 322
16 638
12 543
0 260
21 594
21 902
12 427
2 243
8 564
1 312
10 979
0 593
5 711
10 760
21 724
7 578
5 296
14 362
7 605
4 955
6 384
7 629
9 307
24 527
18 325
13 244
13 641
20 430
19 629
25 226
27 926
24 323
11 892
2 313
1 702
14 221
10 571
17 817
29 595
26 701
13 328
25 399
7 424
12 550
24 408
13 970
2 997
7 875
21 249
3 585
17 470
21 394
28 425
15 208
4 575
17 248
8 477
9 734
8 636
1 701
3 774
25 504
15 926
28 417
17 721
0 768
24 314
29 589
28 264
25 539
29 596
28 756
20 310
16 635
26 735
14 408
22 562
18 200
14 868
12 448
22 304
10 475
0 542
17 974
24 817
18 800
26 769
10 248
29 364
9 881
14 339
5 403
21 420
18 962
26 433
8 744
15 603
21 258
28 738
14 790
21 843
27 616
5 372
9 745
11 731
21 391
2 891
25 391
20 556
27 658
21 478
3 369
3 772
19 833
22 510
7 759
21 475
23 655
24 775
13 271
10 529
18 902
22 544
29 685
25 431
8 657
20 393
6 794
13 611
18 553
27 240
20 754
7 289
11 851
27 925
14 944
5 925
27 537
17 422
15 604
8 787
26 328
23 807
23 534
16 543
13 500
6 314
15 871
5 228
16 425
29 239
11 919
16 761
6 209
19 335
6 286
5 761
12 916
12 333
13 565
26 567
25 644
22 478
8 342
27 697
18 460
9 453
21 697
1 875
14 834
8 807
27 831
28 630
1 968
1 509
9 753
4 473
7 364
1 547
24 250
1 252
17 419
3 527
26 567
29 939
9 264
28 808
25 446
8 512
0 753
12 345
17 629
28 955
21 261
10 746
24 802
25 590
24 284
16 382
19 793
4 849
7 418
28 300
2 844
21 653
3 685
10 520
2 833
0 708
12 375
25 900
7 981
10 865
7 796
10 576
3 233
7 285
27 671
21 478
12 887
6 814
8 479
2 960
10 993
16 297
7 217
27 530
9 558
5 974
18 534
29 854
24 205
14 677
23 892
28 271
14 408
19 463
17 597
12 593
0 980
5 541
24 262
2 516
14 562
5 841
1 711
11 202
17 764
25 915
18 538
11 965
9 692
3 792
4 707
10 892
25 550
12 266
8 857
0 283
25 650
15 503
29 433
22 889
16 325
26 397
17 991
20 278
5 607
17 542
8 486
7 349
10 897
9 231
20 958
17 718
24 554
7 960
15 366
20 906
29 410
26 900
16 326
7 445
5 740
19 924
21 950
17 875
20 330
18 413
10 951
1 750
2 672
10 309
3 245
13 744
0 897
10 623
26 668
23 568
1 841
26 250
10 719
4 332
27 211
26 630
23 780
9 322
3 222
17 412
24 318
2 420
15 970
4 233
19 507
5 822
15 948
12 963
16 261
16 951
7 701
17 575
20 980
20 260
21 262
23 438
13 265
5 585
26 976
7 321
4 994
16 499
28 552
1 342
12 817
4 480
24 276
8 651
11 915
19 758
13 258
19 910
11 600
24 559
20 783
19 730
26 616
14 327
26 458
27 623
27 916
20 287
10 965
10 562
14 641
29 589
19 735
16 552
11 947
28 908
3 920
16 957
13 666
9 885
14 996
4 934
21 844
12 456
19 241
1 548
14 416
13 820
5 941
2 380
27 522
4 987
12 878
18 202
8 512
9 938
8 285
20 522
28 920
17 662
8 730
21 629
1 667
24 226
27 641
1 644
2 548
9 662
13 643
15 558
11 299
1 800
16 945
21 920
23 319
9 411
28 319
3 892
19 221
12 965
26 921
14 224
27 895
12 368
24 829
7 879
20 874
1 549
28 327
2 932
28 403
4 698
3 246
17 386
21 878
24 349
14 642
15 430
0 467
2 849
14 934
8 996
25 738
14 357
17 991
20 828
21 782
2 379
22 716
23 845
24 273
17 385
19 724
15 900
5 741
27 312
21 951
1 761
15 254
22 684
0 268
10 853
11 908
12 617
12 837
6 534
26 418
29 700
2 921
26 615
19 958
24 791
23 833
29 287
21 372
11 236
15 565
28 234
22 605
14 536
15 698
21 626
5 484
6 503
22 872
19 345
19 607
6 921
5 731
18 693
0 436
11 734
24 890
27 464
8 233
6 592
28 322
29 243
12 463
9 553
13 854
15 373
12 389
19 644
11 525
25 230
22 451
7 786
22 801
11 225
16 649
17 499
19 608
3 258
18 915
8 596
23 286
0 839
28 637
20 744
27 695
23 619
23 962
8 723
5 662
4 880
26 280
16 473
27 852
22 681
24 661
28 547
25 508
12 203
15 510
19 234
5 417
13 294
14 721
19 716
29 638
18 547
14 881
0 762
14 795
17 481
18 382
3 843
22 414
12 448
6 421
5 338
23 985
17 781
29 837
24 429
2 968
23 714
18 391
17 893
2 509
28 605
9 936
13 266
11 522
29 435
0 391
3 320
16 854
4 968
26 359
10 258
27 377
8 474
8 266
17 368
6 457
22 583
9 603
4 830
7 304
14 362
8 437
20 822
25 967
28 332
21 563
28 553
17 278
17 808
27 850
6 672
14 746
6 672
12 250
20 359
29 982
11 793
17 221
10 734
0 656
3 982
23 868
27 682
13 996
23 973
23 862
