1000
20 533
0 543
5 918
9 871
5 893
29 747
4 360
25 872
26 463
13 599
27 873
20 241
0 287
2 929
21 738
27 689
22 826
25 227
8 409
26 522
0 710
20 826
13 644
15 218
9 539
1 862
4 559
5 207
23 562
25 200
2 265
12 562
11 322
23 238
9 756
7 915
19 833
11 305
9 292
29 475
15 209
6 814
2 410
8 215
25 256
7 735
9 808
25 306
2 221
8 752
14 864
3 366
5 835
28 660
15 538
14 955
13 903
19 892
16 801
10 599
27 623
5 247
10 321
13 718
16 904
26 836
11 480
12 354
21 940
23 392
12 318
15 477
21 593
24 788
3 492
9 519
23 555
19 599
10 345
22 307
24 781
3 486
26 445
4 693
26 235
25 526
22 397
11 863
5 438
1 905
6 829
11 924
20 773
27 567
2 765
19 781
14 849
26 297
18 498
2 787
12 738
21 783
16 728
24 956
0 736
10 430
4 552
13 448
12 239
14 234
9 620
21 681
5 684
1 514
15 221
4 701
13 938
10 974
13 273
13 475
22 645
4 335
10 731
14 318
17 949
13 424
13 905
8 508
4 358
25 825
28 263
0 900
22 804
20 836
12 850
20 969
24 882
10 784
11 608
29 817
5 400
9 743
29 270
17 886
24 654
10 663
2 730
17 588
18 421
11 523
21 970
0 230
6 540
5 958
2 973
18 703
23 707
29 565
11 873
10 214
10 717
25 949
24 216
1 809
28 558
5 449
4 620
29 252
20 448
22 429
29 244
14 955
23 275
1 470
3 716
22 602
24 256
29 538
12 799
23 458
15 851
25 753
16 994
7 213
21 333
14 826
6 935
4 726
11 353
5 603
14 976
19 968
26 763
4 840
28 854
13 727
14 261
1 380
3 690
20 387
24 825
7 992
27 947
19 256
13 419
28 513
26 763
5 500
5 403
29 695
12 718
14 808
20 887
24 871
11 591
9 824
8 336
16 415
15 666
18 733
19 236
17 415
17 656
23 348
14 834
27 418
0 935
2 543
11 980
15 907
0 352
21 867
22 741
2 384
1 493
17 391
15 845
18 275
2 208
1 281
10 841
28 421
24 669
3 992
29 395
2 525
6 273
18 553
17 373
15 657
16 964
11 806
23 872
7 864
26 731
16 824
9 427
13 711
24 754
21 302
4 607
23 281
5 275
28 618
14 692
13 665
19 512
20 375
23 275
3 825
1 471
7 929
14 279
4 574
19 215
13 395
28 941
11 278
15 918
27 653
12 961
22 585
14 731
19 883
20 483
11 270
16 553
27 471
26 832
21 883
25 213
18 289
8 284
3 407
14 829
24 466
29 269
29 511
15 265
2 920
6 402
10 963
14 524
1 381
15 556
28 903
25 848
16 979
22 521
19 282
20 397
19 602
18 626
22 700
8 787
2 410
23 711
26 273
0 546
28 391
1 776
15 249
2 590
1 415
9 318
8 943
3 420
10 519
10 970
21 835
21 585
24 607
25 291
20 400
2 742
17 632
5 457
0 672
11 700
6 845
6 586
9 290
14 601
5 638
21 643
1 678
27 762
25 965
14 857
13 978
9 252
26 204
0 675
9 834
10 954
28 402
11 253
2 327
15 531
3 368
19 945
13 676
12 941
11 280
19 471
20 643
4 366
5 218
3 598
2 878
19 410
24 335
29 317
26 611
25 883
10 800
15 419
3 232
6 958
13 242
6 907
18 775
7 620
29 806
22 545
5 553
10 450
26 816
12 915
7 574
18 990
6 965
22 770
2 718
27 868
28 762
15 874
13 685
8 320
0 432
29 464
10 813
22 479
1 288
22 568
23 380
15 913
15 725
10 590
19 834
4 749
21 658
13 308
4 889
7 443
8 509
18 851
19 242
2 647
0 342
22 961
19 971
0 852
3 974
29 420
27 585
15 886
5 928
15 951
23 785
0 633
13 208
9 620
26 318
29 867
12 399
20 810
1 394
27 965
21 460
1 438
29 401
25 326
14 1000
0 670
15 738
5 735
12 941
3 207
3 801
4 509
27 828
13 573
22 825
9 744
27 258
12 609
14 589
7 935
16 309
4 915
16 670
20 404
14 524
25 378
5 383
15 560
19 399
28 642
8 674
20 427
15 396
4 798
25 661
22 785
4 964
3 435
12 973
19 460
13 261
2 461
24 513
20 731
21 539
8 992
26 567
22 961
12 302
23 486
13 863
17 698
11 784
19 623
21 246
22 282
13 266
8 314
29 573
4 690
23 995
2 903
8 483
29 532
6 927
8 509
24 762
14 741
2 875
3 301
17 734
0 212
9 982
8 389
19 819
21 342
19 824
5 295
23 817
14 698
3 684
20 325
5 561
4 267
29 604
27 466
20 887
28 743
29 286
3 997
18 872
4 715
4 460
26 318
5 265
22 287
21 441
0 256
10 573
3 962
11 808
13 570
28 464
0 240
29 519
23 848
5 371
16 712
26 477
16 950
14 705
11 993
22 413
20 396
21 347
16 424
25 475
28 510
14 298
2 361
18 552
1 703
29 693
29 926
15 301
14 613
27 957
11 821
14 629
18 258
25 425
13 904
2 444
18 826
9 824
20 260
16 727
10 597
15 868
28 496
24 344
29 394
22 725
1 282
25 856
28 840
1 234
10 302
6 373
6 701
22 443
18 754
27 882
9 597
13 680
3 387
25 611
28 224
21 546
16 995
21 773
6 967
10 543
13 981
17 959
9 942
14 412
25 402
10 326
1 484
19 763
18 741
1 577
3 776
0 991
4 963
20 609
10 992
19 701
12 624
9 440
13 544
21 545
4 519
19 962
18 820
15 242
7 958
16 921
9 227
7 854
21 289
11 910
1 227
3 930
21 846
18 714
2 580
17 382
29 672
6 306
16 406
4 276
15 847
23 330
14 886
7 492
5 495
12 824
10 391
29 297
22 700
7 549
13 362
9 256
6 726
29 424
9 493
27 332
14 633
14 792
21 572
5 596
7 894
8 546
4 866
12 553
22 509
2 942
23 710
18 472
2 678
29 646
28 284
25 694
29 320
27 351
7 841
22 397
0 784
29 987
26 712
8 981
17 405
14 452
13 792
7 544
1 599
26 237
13 982
17 726
1 366
4 361
2 377
7 685
8 981
12 238
7 949
1 296
10 898
3 890
15 290
0 502
6 997
16 206
28 296
6 951
15 304
3 255
0 534
26 809
7 642
0 332
4 212
23 381
12 298
18 878
26 965
4 790
3 720
14 371
28 214
20 549
7 560
19 645
22 297
14 744
13 329
29 585
17 483
26 953
4 632
14 385
10 445
9 782
19 391
21 485
27 946
22 394
28 329
25 698
11 436
21 468
25 977
18 325
26 228
9 726
24 340
8 322
11 438
5 505
6 486
23 705
5 979
18 254
28 298
4 234
13 372
22 776
15 827
13 284
28 932
18 263
28 525
13 968
25 595
12 926
0 547
1 691
4 607
15 453
4 754
0 950
26 358
19 478
6 979
10 378
15 564
5 812
25 579
16 606
11 831
5 573
23 462
2 795
14 663
9 953
15 430
9 745
23 776
13 822
28 845
11 490
8 309
29 770
3 253
12 653
23 264
21 410
26 893
2 617
20 365
2 328
8 865
28 550
3 624
11 649
29 220
10 351
17 752
9 644
24 866
0 955
27 844
17 224
19 619
10 692
21 781
13 943
1 538
24 599
28 215
9 901
14 772
2 631
17 281
27 586
22 211
26 274
17 947
4 729
2 392
20 226
18 911
13 765
13 412
13 508
7 321
9 365
26 526
21 323
26 238
9 825
9 200
16 847
8 903
2 896
1 331
29 694
17 212
14 874
1 636
20 743
22 858
16 251
13 312
4 493
15 968
5 456
28 429
23 253
7 718
17 555
12 830
29 337
17 425
17 946
8 340
21 647
7 236
24 245
24 304
25 219
5 207
9 678
29 926
24 517
28 553
29 629
23 658
28 674
21 408
3 361
2 624
16 494
18 595
18 978
20 338
0 881
15 757
18 318
4 408
27 924
27 334
29 857
10 797
8 231
3 544
9 502
18 779
21 254
19 906
19 294
13 783
9 912
26 451
7 797
21 630
22 404
1 771
17 718
22 479
2 504
4 743
24 372
5 975
14 346
19 207
9 827
0 828
21 383
14 562
13 217
8 447
7 684
24 426
11 929
26 727
12 283
26 825
14 900
7 827
6 802
24 529
5 321
6 348
22 953
1 219
13 982
29 584
22 772
10 690
3 774
19 645
16 677
28 447
13 793
28 223
16 546
1 290
4 915
8 864
19 288
20 987
25 755
9 539
7 936
15 319
6 751
2 605
12 419
7 854
15 525
26 714
17 247
12 941
23 860
23 728
18 225
1 757
18 484
23 547
13 661
5 478
23 677
13 300
4 794
5 422
3 237
21 905
28 860
25 664
8 203
25 679
13 410
23 395
28 571
4 799
16 268
24 234
11 637
29 458
19 316
15 594
14 544
4 719
19 776
19 956
14 626
4 473
20 809
