1000
20 997
19 211
24 818
4 212
29 529
1 554
7 720
10 562
13 547
25 600
6 418
24 405
11 264
8 658
14 564
26 354
4 324
29 670
14 649
7 715
5 674
24 659
11 469
14 313
24 288
21 894
0 485
5 238
25 876
12 534
6 723
10 784
6 795
2 532
9 528
23 247
21 770
10 364
27 422
25 899
25 585
17 288
4 721
27 780
12 554
22 918
0 211
11 311
16 610
22 886
9 717
21 599
27 998
2 353
18 808
12 213
16 630
16 307
11 963
23 828
2 912
7 501
18 688
10 905
12 428
29 957
19 644
14 646
11 576
25 330
7 504
15 424
1 375
24 738
29 226
13 860
15 815
21 576
16 761
2 770
3 465
20 544
24 467
29 814
25 786
16 836
20 306
4 251
17 888
6 785
13 383
22 310
13 771
14 761
18 832
25 842
13 239
29 646
17 550
13 821
5 356
1 325
17 584
17 822
17 790
12 240
15 609
10 340
27 368
6 754
24 345
16 874
4 844
9 819
4 453
22 314
19 473
1 637
16 308
21 216
29 867
24 702
9 411
27 968
11 866
17 388
4 379
24 812
16 732
17 940
1 925
16 347
19 971
5 747
24 566
29 738
24 346
26 967
7 709
12 496
12 201
15 637
4 679
16 757
19 916
26 779
6 936
21 731
6 209
11 584
22 717
20 330
2 771
22 721
9 422
17 430
1 256
24 404
1 370
12 458
18 405
24 626
7 771
10 353
5 925
8 930
4 231
7 365
9 722
10 574
19 630
20 277
22 993
5 987
15 536
20 454
21 804
24 476
10 352
3 966
7 562
22 267
25 678
1 405
27 950
24 460
25 930
10 955
28 548
1 216
9 461
2 910
8 757
23 343
12 299
8 369
9 459
16 354
24 598
18 869
17 256
16 747
25 430
3 225
25 842
16 753
25 964
16 749
14 403
16 942
8 517
2 421
25 449
27 700
2 214
26 554
5 378
12 221
14 522
19 917
22 384
19 212
21 608
4 851
10 434
16 454
4 328
11 529
29 707
0 678
26 909
5 308
23 852
7 592
26 558
20 961
9 752
24 880
29 860
0 888
29 342
26 811
23 645
13 346
15 403
5 396
22 591
24 901
9 780
17 884
3 944
23 550
22 904
1 579
17 523
28 523
6 241
10 791
2 450
25 801
17 250
15 454
7 520
11 765
4 523
3 838
22 292
3 473
15 857
6 1000
3 560
0 946
11 769
9 656
25 577
0 583
5 904
9 568
7 806
24 837
4 907
8 790
7 381
21 215
7 488
28 737
26 804
15 534
9 566
3 839
28 728
11 764
5 773
14 933
10 916
15 472
0 338
18 509
6 670
6 256
18 826
9 694
0 504
10 854
29 284
29 961
8 834
13 701
10 482
18 753
12 923
10 935
4 416
19 775
2 527
8 806
26 946
21 284
26 796
5 733
12 278
11 591
17 313
15 573
18 320
1 376
14 547
22 751
28 425
13 430
27 360
5 529
3 581
12 645
28 220
27 474
15 467
17 433
6 254
18 439
12 741
25 453
11 229
0 378
14 233
13 769
14 256
21 715
26 793
18 257
19 623
18 662
13 631
26 856
7 380
29 439
3 472
16 226
19 885
28 646
18 729
26 817
3 717
26 890
29 457
23 695
9 700
18 710
15 906
16 482
11 224
12 521
22 667
16 837
17 256
4 405
5 478
28 572
22 392
13 965
20 781
22 433
7 967
19 885
25 273
6 515
10 494
3 498
10 618
29 765
14 432
2 792
13 319
9 384
14 928
17 706
11 552
15 238
2 902
10 206
24 627
27 641
4 737
18 346
11 638
18 766
1 492
14 855
26 852
9 416
8 282
13 542
13 751
9 302
9 291
1 589
26 416
14 588
3 696
14 643
20 407
27 565
29 738
17 780
1 772
18 215
1 504
15 859
22 485
18 455
23 638
22 585
21 279
23 937
0 858
28 303
2 274
14 939
19 513
10 373
6 606
29 274
9 400
23 936
16 508
25 388
22 970
1 691
13 231
9 640
24 308
3 615
6 749
20 961
26 979
14 696
8 883
25 925
11 304
20 336
15 810
21 548
2 884
17 294
0 789
19 968
10 360
12 913
1 887
20 623
12 464
1 768
28 494
18 385
14 757
29 528
13 313
0 649
9 570
8 229
21 233
9 811
11 629
11 970
13 253
18 587
9 644
4 861
3 628
22 821
0 629
18 210
6 984
18 636
5 499
21 250
21 809
11 545
4 387
12 867
25 796
22 427
20 554
1 674
24 637
28 324
5 773
23 907
21 765
2 513
15 858
25 220
27 528
28 250
28 830
24 583
24 693
18 271
16 585
24 383
24 933
11 428
27 280
3 622
0 692
0 634
10 625
19 615
20 383
25 903
17 536
22 977
14 792
17 1000
6 984
1 832
14 840
12 303
17 374
11 974
11 205
28 884
23 910
10 475
22 484
11 922
14 915
24 317
8 420
18 414
6 556
12 328
2 437
26 969
4 664
28 336
21 975
1 831
19 526
17 934
26 952
26 549
16 930
2 383
22 850
4 601
14 240
29 389
25 291
17 510
15 510
2 714
4 797
27 221
24 707
22 408
17 859
29 204
16 329
23 660
14 530
25 984
25 971
13 356
13 620
28 686
23 929
14 252
13 900
5 346
0 681
22 739
9 250
5 788
29 657
4 896
22 656
16 867
21 796
18 222
21 371
27 432
6 626
5 337
27 659
26 635
4 917
14 336
15 245
14 392
12 868
20 391
28 261
18 625
4 627
4 244
28 291
28 474
23 998
10 232
11 445
3 285
29 853
25 715
9 898
17 540
8 424
14 893
0 515
16 706
27 900
19 891
2 319
22 629
18 811
23 888
2 269
14 475
11 980
11 308
20 495
9 555
16 204
13 916
1 339
17 609
5 905
24 602
8 876
18 887
13 706
7 602
22 512
26 444
22 228
29 936
3 627
0 694
0 224
5 533
4 336
5 875
19 526
15 542
24 772
0 256
19 420
4 893
16 578
11 348
29 766
10 204
3 494
19 501
27 823
26 992
6 720
6 358
21 477
2 762
10 650
6 828
12 514
3 323
6 433
28 502
7 346
19 881
27 655
7 687
23 835
20 657
11 872
10 201
6 982
23 947
13 700
13 807
12 442
27 415
11 828
17 264
4 829
27 700
26 502
8 659
1 381
14 281
25 820
13 802
23 397
28 422
21 364
22 659
14 452
29 911
1 423
8 752
10 333
11 917
20 391
17 936
27 204
14 432
19 252
11 766
3 463
28 730
23 860
23 318
18 815
16 250
1 553
29 619
8 589
24 365
22 584
6 665
12 648
3 358
0 934
26 464
5 903
15 363
7 461
22 419
24 877
22 326
2 840
6 618
28 966
13 879
26 816
17 776
3 292
1 981
14 874
4 678
23 693
16 280
0 794
12 980
16 578
7 583
20 938
24 961
11 585
25 359
4 718
2 771
14 585
28 759
14 733
14 206
26 917
21 994
7 774
15 422
10 743
2 479
23 712
1 771
7 574
11 912
12 356
29 745
11 976
27 721
9 731
12 946
4 429
17 864
5 357
16 725
29 812
14 669
10 352
17 612
0 241
21 224
6 755
19 507
18 571
3 651
6 506
13 357
11 312
22 203
24 547
3 390
1 661
23 995
29 998
28 296
14 428
25 507
20 844
22 339
3 416
2 571
29 356
23 246
16 350
16 482
16 226
8 396
19 305
7 213
27 290
15 858
9 979
29 375
0 445
0 290
0 548
19 577
12 938
3 589
14 750
4 802
14 242
20 977
0 841
6 306
17 691
7 361
9 253
9 839
0 860
21 776
12 533
24 339
2 760
3 351
5 705
14 861
7 706
17 326
12 299
25 348
11 573
12 415
19 810
16 993
28 414
22 213
27 435
29 632
11 791
4 998
28 504
7 430
11 208
14 448
2 987
18 879
15 945
13 460
23 772
28 383
16 867
10 434
10 504
1 956
17 454
8 271
23 672
28 213
22 430
25 860
18 657
14 729
2 770
3 271
12 798
26 991
22 885
5 409
0 843
24 251
4 842
24 921
0 965
21 689
9 328
1 324
4 457
4 911
3 503
14 663
4 821
4 741
28 579
13 239
27 695
15 985
6 985
23 726
18 908
19 894
22 303
4 810
11 638
21 432
29 643
2 1000
22 293
15 240
11 291
11 536
5 314
23 286
6 869
7 688
7 749
10 475
16 595
2 404
18 980
9 686
3 909
27 518
28 844
16 215
5 293
16 275
12 844
20 467
17 947
24 438
11 484
10 595
22 530
2 332
27 428
15 570
14 310
3 510
19 727
24 837
27 934
23 543
13 537
19 326
16 547
9 611
18 919
24 820
22 835
29 507
10 574
22 878
19 328
12 595
1 633
29 206
16 354
6 897
14 971
5 712
5 636
20 911
2 503
20 369
24 408
4 849
10 379
28 816
15 223
27 287
0 871
21 912
27 393
2 468
7 612
5 620
4 544
25 860
0 691
28 988
