1000
3 828
20 400
4 545
9 752
10 557
24 293
21 832
24 766
3 780
10 269
12 329
14 912
25 612
26 489
8 654
5 383
16 318
5 702
29 731
28 692
0 730
10 473
6 709
2 293
24 419
8 878
22 874
12 467
22 342
0 432
6 356
22 700
28 702
25 273
3 371
19 889
3 941
11 397
2 824
21 285
1 265
26 258
24 329
17 883
28 819
6 679
9 586
9 684
29 566
8 958
9 274
7 483
26 358
28 468
4 735
13 717
18 462
25 614
8 258
3 211
13 616
25 993
25 210
2 766
15 339
25 504
24 460
5 637
8 689
5 395
15 908
2 666
25 659
1 915
8 469
4 783
3 284
16 206
17 919
25 618
20 750
5 314
7 977
21 444
4 542
2 669
17 743
6 233
25 727
5 642
1 286
1 517
29 956
10 763
22 482
24 885
18 235
8 551
27 254
27 393
12 794
3 643
10 294
29 678
7 740
22 875
19 990
13 695
17 369
21 931
15 289
18 332
22 486
18 325
14 795
22 959
24 711
21 399
4 597
2 957
0 826
3 596
16 835
28 315
18 660
14 237
18 841
29 756
16 609
9 912
7 738
11 740
20 452
12 745
3 392
18 700
14 509
17 525
22 707
4 359
29 817
24 735
13 580
8 765
13 969
2 880
10 706
23 469
9 979
5 773
4 559
29 755
28 348
11 447
7 868
18 959
14 766
3 850
19 291
28 368
7 272
2 608
29 576
23 353
20 730
19 543
3 376
6 998
1 539
6 866
9 745
2 645
27 539
6 671
10 391
5 699
10 416
8 685
1 305
10 222
20 562
8 390
16 747
28 924
20 258
24 942
21 584
6 485
14 509
15 831
7 555
19 980
6 432
26 493
28 202
21 655
0 249
10 345
5 418
29 613
14 511
8 553
29 856
0 614
29 481
15 800
6 231
19 809
2 678
18 674
25 280
16 941
10 933
1 347
19 548
26 710
25 614
15 384
15 460
10 820
18 283
4 797
1 988
8 633
12 797
25 772
11 995
18 966
10 475
26 629
7 611
2 358
26 608
10 443
22 663
21 549
15 759
26 444
21 338
11 432
11 900
23 864
15 354
18 500
11 711
20 281
3 833
0 482
28 212
19 704
20 592
20 761
15 413
6 848
12 825
24 435
24 950
4 234
7 526
10 895
3 860
19 459
13 375
0 685
1 245
17 210
27 648
21 825
13 401
18 564
14 352
15 790
10 526
15 280
25 937
6 740
14 514
21 580
4 282
10 238
14 805
14 635
26 324
3 216
13 931
11 231
27 614
17 466
23 577
19 279
20 505
12 632
14 999
24 504
10 533
22 885
11 780
0 351
17 588
24 208
20 600
16 847
8 464
15 595
28 901
1 453
11 215
9 831
17 670
16 336
29 757
27 717
13 600
27 227
8 805
9 877
18 862
14 740
15 982
25 345
3 362
3 785
29 617
26 923
7 988
1 794
1 637
10 501
26 533
8 383
6 916
20 202
25 351
3 838
9 722
7 249
14 311
14 694
13 810
1 802
8 349
10 720
27 787
7 263
10 376
23 562
24 623
14 412
0 501
10 957
21 287
24 616
24 793
15 454
15 420
4 743
13 764
6 492
24 514
7 962
2 308
3 442
8 440
18 362
0 696
24 314
29 336
26 482
28 875
1 294
12 254
12 698
19 876
13 756
19 742
18 556
8 942
0 332
16 475
13 399
9 536
19 713
1 267
25 711
27 251
17 492
18 439
0 619
3 693
9 263
21 633
19 381
23 238
2 647
11 543
13 623
7 971
26 557
16 852
27 862
16 842
13 278
18 234
10 672
14 451
5 391
23 725
11 221
22 242
24 905
29 555
10 780
8 247
2 837
0 579
7 746
5 501
2 851
15 614
24 487
17 503
12 240
20 475
17 734
1 625
22 525
3 702
0 840
18 360
0 430
15 658
8 297
9 337
27 829
6 806
12 380
15 730
5 441
16 988
14 647
7 751
27 385
12 813
15 971
22 680
6 717
0 555
21 904
8 207
16 294
9 770
5 759
10 318
18 288
1 226
20 248
22 549
9 641
2 740
10 975
2 293
29 594
16 557
19 595
24 604
16 994
10 931
12 865
9 829
1 621
12 576
9 259
18 208
22 590
1 640
13 252
6 239
14 716
12 641
3 551
17 874
17 979
9 659
1 467
15 406
16 792
11 529
24 351
10 984
25 570
8 745
5 750
15 896
17 537
16 985
13 948
24 602
6 488
1 730
5 336
1 994
6 268
15 422
4 479
28 569
21 585
4 502
20 354
0 725
14 394
12 974
19 453
27 943
27 652
25 289
12 330
29 311
7 768
16 595
7 786
27 435
25 836
29 652
9 211
1 251
15 343
3 415
11 225
12 393
26 609
17 836
2 687
3 828
13 735
4 855
5 912
12 272
10 223
29 319
13 520
4 840
20 270
2 624
27 418
23 905
17 472
22 621
17 414
25 430
8 981
11 347
4 544
9 206
20 870
23 727
13 929
15 823
14 264
23 728
8 406
18 557
23 347
0 509
1 515
23 513
7 609
4 919
2 463
13 286
16 464
7 586
19 599
19 831
0 507
29 369
11 373
14 503
14 365
4 571
19 358
25 683
15 456
22 469
22 521
12 405
29 868
2 323
22 953
5 959
22 296
28 1000
6 481
28 945
23 889
20 465
5 964
16 463
29 988
22 271
4 903
27 514
26 207
4 837
20 306
19 280
20 711
19 898
2 985
26 481
15 827
12 870
9 792
22 496
19 286
10 369
22 967
3 280
4 276
3 960
26 805
11 491
25 412
13 763
13 582
2 527
24 751
28 846
23 765
26 525
1 468
8 797
25 217
3 721
21 357
11 617
2 860
0 266
25 598
22 940
20 510
24 250
7 803
22 717
5 369
15 424
12 972
15 615
19 482
6 266
21 374
7 246
7 465
29 379
3 259
4 918
29 347
11 546
9 727
25 236
4 398
22 259
16 852
0 230
8 226
25 928
18 389
24 618
6 373
2 217
23 890
21 539
4 529
23 291
22 834
29 979
26 437
6 669
6 293
8 936
7 847
11 477
8 396
18 874
17 744
15 422
21 209
4 579
23 239
24 377
21 350
18 339
29 664
6 656
23 934
15 445
12 993
8 588
20 636
25 594
4 887
4 386
18 381
25 688
1 231
26 668
24 713
27 903
14 622
15 207
24 675
22 386
13 248
21 471
17 438
18 733
2 732
17 921
8 520
12 349
25 352
22 877
4 491
27 505
18 730
26 663
12 826
13 484
18 412
2 474
0 658
4 865
21 472
6 639
19 258
19 622
3 591
8 975
12 510
15 544
6 795
28 717
15 958
1 912
6 265
17 710
18 906
2 411
9 450
28 284
1 699
22 483
29 898
27 683
12 568
12 824
15 839
19 480
18 513
3 330
9 599
6 235
8 996
19 419
20 696
16 296
19 331
4 403
22 864
6 364
13 837
28 241
11 784
15 678
2 742
29 448
1 854
17 749
13 333
26 621
18 917
23 702
19 879
16 377
21 502
8 471
15 259
26 840
4 624
8 400
2 580
6 243
3 667
6 990
25 446
10 675
13 444
26 319
22 924
3 227
18 647
13 535
2 357
4 566
28 409
12 985
26 500
3 280
7 834
25 825
17 984
10 410
3 745
9 627
6 708
8 287
8 671
12 577
4 657
0 498
22 232
9 929
0 645
13 431
22 809
3 246
16 767
23 808
16 204
16 620
25 221
27 497
26 490
24 767
27 584
19 446
11 267
13 724
3 416
9 334
29 201
12 570
12 992
18 764
9 563
26 372
21 463
14 404
24 676
4 939
22 775
29 218
10 253
8 643
1 376
25 392
7 628
10 312
24 814
7 831
0 726
13 374
27 554
28 547
1 461
25 379
17 823
15 316
6 438
14 697
12 222
8 516
1 706
18 489
17 577
28 807
21 870
28 614
26 835
5 976
15 400
28 532
21 262
9 726
1 423
13 887
19 259
6 488
2 816
22 341
27 726
10 620
18 305
10 899
27 647
6 530
25 885
18 958
13 286
14 330
18 664
25 858
9 486
9 371
24 792
21 510
15 476
9 921
26 597
17 380
29 957
18 315
26 731
9 698
4 456
25 210
1 510
19 931
17 842
23 236
24 901
15 792
22 748
2 346
0 307
20 303
7 783
26 800
25 796
27 586
17 375
0 629
28 336
7 306
6 297
8 634
26 677
21 529
2 265
5 286
22 884
16 524
3 575
4 482
26 551
16 804
28 305
29 860
1 845
3 320
0 395
18 781
17 618
5 376
29 546
10 391
0 239
24 658
2 846
10 909
28 934
7 892
25 355
17 803
12 548
22 629
12 251
7 702
5 419
20 777
6 621
21 760
23 388
29 537
9 954
24 996
5 540
14 253
21 928
26 763
13 664
26 824
25 972
12 350
16 808
25 451
16 330
21 772
19 286
1 212
28 652
29 820
8 325
7 895
7 763
0 736
20 290
2 637
26 609
29 393
11 746
