1000
17 211
20 491
12 490
11 359
7 443
12 736
14 220
4 987
26 294
5 760
12 493
24 809
25 591
7 708
1 230
16 424
20 368
11 838
23 238
29 471
3 215
20 432
18 289
5 586
14 206
25 730
27 475
9 391
28 846
29 800
7 939
12 294
14 891
24 771
21 432
25 761
29 436
26 689
19 438
19 648
9 297
28 795
4 728
0 515
3 865
22 695
13 487
20 420
24 222
28 468
22 282
11 854
13 558
11 800
9 465
20 686
8 903
6 204
14 391
5 576
14 762
14 946
29 204
29 361
29 970
9 541
13 807
9 409
18 216
13 470
6 337
3 885
11 484
8 830
15 766
17 259
26 416
20 983
3 238
14 209
1 936
24 241
8 717
3 857
4 247
29 916
13 738
20 377
1 331
5 346
6 812
28 627
24 219
27 553
26 740
21 521
10 880
12 698
5 264
28 209
24 745
14 703
24 638
16 342
3 564
27 678
24 993
8 637
29 514
10 893
7 932
12 795
9 265
5 852
21 695
22 953
24 551
20 966
10 969
14 828
27 851
18 316
28 440
21 465
7 647
15 271
16 226
10 818
0 329
24 549
10 679
24 846
19 450
14 680
10 605
11 953
8 224
19 661
9 204
13 597
5 521
10 620
10 206
14 644
4 557
13 555
25 514
20 241
24 486
1 918
11 440
1 588
18 698
28 920
23 721
6 352
26 544
29 430
29 684
16 337
11 341
20 752
3 279
24 225
19 886
17 630
20 346
26 742
7 877
16 470
3 455
2 475
14 218
26 747
15 220
18 582
15 287
25 773
13 315
10 884
5 796
15 769
5 437
16 500
12 567
4 529
5 429
3 849
8 553
5 657
6 507
14 388
2 627
29 248
29 741
10 668
27 850
16 872
26 871
29 998
24 752
0 460
25 962
17 520
9 264
1 293
25 572
2 498
18 968
10 564
23 230
20 728
21 604
3 885
13 937
15 589
4 200
13 829
24 553
4 389
19 831
7 351
10 904
27 589
7 847
7 578
18 704
13 736
21 866
13 650
15 965
27 391
24 582
20 333
3 622
22 424
25 479
27 593
22 945
19 216
21 902
2 964
15 383
18 659
25 684
14 687
1 609
25 648
28 547
13 784
1 660
26 982
22 890
4 602
27 393
9 800
22 408
26 454
23 816
7 957
7 868
6 924
2 718
24 701
1 469
3 812
23 936
10 399
10 360
2 594
12 662
26 743
0 387
0 299
27 386
16 958
25 471
23 464
21 479
13 451
21 510
21 246
3 286
5 574
13 591
4 866
29 474
3 658
29 490
4 922
29 240
1 320
0 328
6 770
22 293
26 874
16 738
0 852
29 575
4 891
29 448
16 633
2 744
10 882
10 872
4 494
8 773
1 793
19 879
3 802
29 465
19 800
22 527
10 979
10 803
15 968
11 258
9 499
5 894
18 283
13 613
22 610
9 985
20 341
11 421
0 387
23 490
18 275
5 586
18 634
13 625
10 479
29 989
28 626
14 551
5 763
22 768
23 636
28 676
10 228
12 412
22 725
9 594
8 510
14 300
20 812
23 349
10 221
23 887
6 768
23 968
5 823
19 852
19 433
3 919
3 508
19 873
14 562
11 250
24 573
26 473
11 400
26 340
26 356
8 719
12 305
1 252
25 794
18 486
3 718
20 669
15 279
27 628
28 440
1 1000
14 968
19 350
26 958
13 795
24 916
15 909
14 865
6 801
5 951
11 859
12 941
17 742
28 269
2 761
22 852
28 525
10 993
15 660
10 222
11 907
28 803
13 207
13 282
20 518
18 315
27 450
29 518
23 590
16 603
5 876
16 509
7 227
15 525
29 867
11 237
19 665
21 453
19 665
8 514
27 444
21 455
25 953
25 593
9 770
16 308
19 743
13 315
22 813
29 218
13 682
29 782
19 321
11 388
20 527
21 899
15 491
12 287
14 484
21 202
23 874
6 330
19 872
25 570
24 779
0 359
0 360
22 707
13 270
8 469
6 900
4 395
22 258
4 807
11 505
7 935
28 614
27 668
17 241
5 901
14 272
28 394
28 563
28 387
16 447
21 750
19 609
29 205
17 838
8 499
14 290
10 795
28 377
13 435
1 712
3 706
9 643
26 236
6 551
11 673
19 993
28 426
12 607
8 685
21 847
27 488
12 697
3 658
5 908
17 647
6 524
5 428
16 622
4 249
12 777
17 829
14 587
1 977
6 410
19 207
1 393
1 728
24 764
10 223
14 371
4 967
18 637
23 279
14 371
3 511
9 945
17 766
15 365
4 719
19 671
3 684
27 967
27 692
9 725
23 837
10 497
22 423
5 494
11 239
0 316
29 292
6 995
16 586
21 221
15 466
4 477
3 750
17 529
17 711
2 665
9 452
13 471
8 621
24 444
24 826
19 962
18 753
18 277
22 557
21 562
12 848
20 547
14 679
9 308
7 456
0 392
17 870
14 714
1 361
7 243
5 433
12 984
9 746
19 326
27 852
13 597
11 489
27 548
3 627
12 883
20 629
29 463
1 282
1 650
15 277
6 350
18 583
20 656
27 754
10 626
13 597
20 229
13 619
28 565
8 867
6 730
26 838
8 453
17 423
17 812
15 635
16 647
5 280
4 516
6 747
15 976
6 348
17 977
16 838
14 685
20 684
14 609
7 535
16 995
28 722
5 587
27 942
6 561
11 242
0 767
19 711
12 750
1 994
13 716
17 598
5 452
21 272
0 524
24 498
14 969
3 832
7 212
24 246
4 993
14 838
16 319
0 319
19 827
8 464
15 560
11 474
0 651
23 615
16 395
29 914
4 810
0 542
12 946
26 264
10 509
24 710
15 549
16 372
7 969
19 411
20 345
8 494
28 906
23 986
17 697
4 777
14 905
3 294
26 735
27 405
5 540
1 541
28 481
18 738
10 225
12 912
12 385
8 728
2 807
0 845
21 234
12 711
16 962
9 855
27 795
17 559
5 727
24 897
6 296
25 696
18 211
24 850
24 442
17 745
29 309
12 825
17 332
22 627
0 212
20 410
1 814
5 682
25 923
7 554
24 302
18 299
13 349
21 516
9 726
21 981
7 973
1 657
10 528
6 473
26 598
15 691
3 209
29 619
27 442
6 811
21 925
23 767
14 301
9 612
6 234
28 799
4 600
2 588
23 231
11 989
9 410
20 969
18 923
14 863
11 789
20 771
14 884
22 425
13 352
22 418
7 354
24 747
24 227
20 733
14 951
14 324
6 553
26 213
18 373
3 593
1 812
24 999
0 289
27 694
8 850
6 907
22 977
28 213
9 563
7 844
17 547
9 776
4 685
20 773
19 873
19 645
4 683
26 758
10 807
1 310
15 288
16 652
15 984
20 651
19 391
11 588
21 459
13 383
18 378
28 478
3 360
29 775
23 487
18 866
2 597
16 492
9 475
24 708
11 616
16 526
8 256
25 613
11 880
21 880
4 749
26 964
18 911
10 891
2 701
16 862
19 483
8 758
6 743
13 918
11 275
29 220
0 942
21 965
9 336
22 677
26 305
29 324
8 427
10 316
15 616
9 794
17 337
16 880
16 423
4 484
20 345
2 550
26 426
29 532
4 428
26 356
0 203
1 305
11 401
25 367
25 561
10 306
5 970
12 305
24 778
17 548
0 341
12 794
26 479
27 227
18 665
19 225
4 742
28 508
20 267
8 809
6 683
25 582
23 247
19 796
6 870
18 335
10 972
13 688
7 278
4 709
16 844
16 689
12 346
0 569
18 857
14 413
5 275
5 777
26 617
13 349
26 811
0 473
25 659
17 352
12 744
12 730
4 406
12 387
10 823
13 890
25 277
12 250
17 341
28 742
29 854
1 291
21 447
27 479
14 779
16 726
27 467
3 427
27 747
10 265
6 865
14 981
12 270
7 477
29 648
3 602
6 544
14 846
25 886
7 515
21 781
26 957
27 618
28 266
14 605
0 770
3 462
3 783
25 798
1 851
3 252
18 256
15 401
19 747
23 216
2 717
15 652
8 902
13 743
14 438
16 516
5 705
9 730
6 586
12 716
12 322
23 634
26 455
28 293
21 640
0 779
1 417
13 572
27 207
22 384
29 646
11 341
10 286
16 775
29 640
25 724
18 454
7 332
14 316
9 828
2 277
20 951
6 394
4 914
22 508
8 971
3 699
14 795
20 852
10 556
10 978
29 771
3 375
16 596
17 404
12 574
8 435
19 912
12 254
12 935
19 874
23 814
16 357
13 448
27 396
24 626
3 542
2 479
4 648
14 267
9 221
7 552
1 805
2 206
7 722
3 255
26 473
27 778
22 485
21 915
25 814
6 426
22 705
1 994
1 451
27 494
28 854
26 862
28 480
3 972
12 982
11 220
29 486
28 436
26 415
4 618
10 811
15 511
9 959
12 657
6 607
1 358
7 574
26 222
12 689
1 674
11 346
28 474
13 574
3 586
25 211
29 605
27 927
13 954
2 923
23 611
1 740
27 985
27 831
19 516
10 422
