1000
0 898
9 952
14 903
9 914
21 684
2 209
16 918
14 220
27 343
15 628
8 394
27 360
27 757
16 261
28 713
29 424
26 430
23 374
28 668
24 574
0 324
17 460
22 426
26 318
16 823
20 625
24 888
9 529
11 552
11 576
0 696
19 668
23 275
28 635
0 807
3 451
23 591
10 786
27 715
8 780
23 277
13 247
12 299
9 865
12 972
25 773
19 877
23 764
26 284
29 301
25 788
24 206
24 561
21 856
2 393
23 841
10 286
6 800
27 646
8 764
19 717
17 225
6 795
15 414
24 621
27 778
0 491
12 278
21 449
25 740
29 667
4 510
20 991
29 291
23 357
13 399
20 249
3 703
21 674
27 792
5 321
28 745
26 417
24 832
14 890
19 341
21 573
27 981
6 511
25 392
12 737
15 546
8 704
20 542
25 767
0 803
6 831
20 452
7 234
11 509
5 983
13 300
7 859
28 635
3 946
8 244
11 382
24 311
27 894
11 258
4 232
28 758
14 648
4 227
28 746
9 407
8 370
18 385
17 487
15 454
19 590
21 566
7 609
18 207
7 799
29 915
16 293
17 665
19 531
23 853
10 253
2 368
17 329
16 320
27 854
7 428
14 829
21 785
3 466
12 691
19 520
8 586
7 483
27 826
21 768
5 478
22 356
2 663
28 853
16 887
11 764
28 837
25 645
20 461
28 344
25 567
23 395
22 482
27 344
1 448
18 712
5 548
2 778
3 784
15 958
9 469
12 409
14 649
27 392
21 927
11 368
4 228
16 653
2 584
4 917
12 283
3 634
27 622
29 308
11 393
25 534
5 868
1 748
28 423
18 590
4 578
18 496
27 461
23 865
23 651
20 692
5 993
18 902
29 555
27 967
29 266
5 259
27 283
8 928
10 845
28 887
19 669
5 904
0 329
24 612
25 797
17 332
29 235
25 747
20 497
6 462
11 892
0 984
20 290
25 906
21 407
29 803
14 745
0 987
7 905
10 608
15 951
16 254
11 817
29 688
7 431
14 836
4 597
25 631
2 215
13 593
7 456
3 360
6 894
3 583
14 857
22 759
24 930
18 451
13 436
1 698
6 898
24 830
12 292
24 831
22 941
9 242
16 418
7 592
28 524
8 816
13 305
20 365
16 538
10 880
23 672
18 281
26 281
0 954
22 588
8 858
4 857
11 478
10 927
0 238
1 711
26 784
29 889
0 202
10 743
20 639
13 987
9 648
2 672
7 736
4 706
16 995
10 968
21 696
22 370
9 272
9 716
2 492
3 841
5 346
23 566
1 533
17 907
29 875
20 285
16 390
16 485
9 859
8 831
26 664
26 205
8 319
28 548
9 271
27 752
9 918
21 820
0 323
27 754
21 658
29 552
21 791
15 805
8 756
12 348
19 926
22 986
3 582
17 388
5 530
12 409
8 621
24 667
12 705
15 732
14 435
0 953
15 971
18 656
8 234
16 1000
6 444
14 444
10 697
2 579
24 942
26 295
20 316
6 593
10 330
25 908
1 909
14 917
14 856
18 360
28 530
2 377
18 699
21 526
6 959
13 979
22 447
11 427
4 669
15 609
23 498
23 744
17 273
5 301
2 256
1 872
17 949
0 247
16 882
18 816
7 362
11 349
21 256
6 588
14 501
4 837
2 633
21 639
9 229
24 542
22 822
1 902
19 334
5 615
16 336
24 730
25 456
24 671
15 996
24 739
11 811
12 298
8 487
14 340
0 649
12 685
28 607
1 463
12 677
12 925
8 511
20 775
10 880
12 328
9 807
28 649
9 514
24 367
22 283
13 983
19 987
22 827
10 581
21 659
7 435
17 396
27 804
19 434
16 892
9 212
15 366
2 321
9 662
19 670
1 807
13 496
4 758
12 203
1 860
14 625
19 440
5 605
7 541
24 574
9 575
9 590
27 997
4 297
0 356
13 765
21 234
15 275
14 535
7 435
7 989
2 555
26 833
7 702
25 730
11 971
8 576
25 421
24 553
0 239
20 893
14 476
17 536
20 207
29 455
10 468
0 710
17 860
1 247
11 791
29 637
15 465
8 262
19 829
23 631
26 599
15 691
7 462
19 965
18 812
11 956
5 517
6 555
13 822
25 877
24 301
1 588
16 705
24 232
0 607
11 926
15 280
0 712
23 288
1 817
11 720
27 747
16 884
10 380
8 705
23 641
16 558
4 924
6 691
18 440
14 800
5 964
4 240
13 851
4 695
8 557
13 312
21 741
23 852
22 824
0 588
10 810
25 482
16 810
21 243
14 213
26 720
6 512
9 518
23 737
26 883
0 790
24 334
21 320
10 909
22 219
8 599
15 838
19 566
16 932
2 538
9 713
4 950
15 206
21 883
18 866
18 540
17 375
21 261
28 324
22 792
3 937
4 263
27 897
28 559
23 668
24 925
7 502
23 650
27 809
26 453
1 392
13 646
0 339
12 625
3 272
14 759
19 768
4 563
18 321
19 415
22 315
22 473
26 368
24 645
13 214
17 933
1 959
27 760
5 604
26 388
10 328
20 767
2 239
3 338
21 976
22 271
21 917
2 287
10 584
0 619
19 860
1 802
20 490
6 940
27 333
23 421
18 434
5 422
13 488
8 700
6 399
6 918
6 886
24 230
28 666
0 849
12 942
20 567
25 578
28 990
16 587
28 858
5 702
21 434
13 951
29 956
19 654
7 537
28 475
14 431
20 323
9 260
13 788
2 701
14 833
28 735
21 214
16 249
4 683
17 959
18 660
3 646
1 255
25 543
21 694
7 937
3 533
18 961
11 934
10 510
1 536
7 692
12 836
26 488
2 235
19 268
12 882
28 323
1 452
12 536
22 505
3 974
12 844
6 383
9 703
2 893
15 645
12 326
23 420
11 280
23 732
1 800
9 819
14 440
13 220
16 537
14 962
21 227
18 600
4 574
16 919
12 394
27 487
12 403
3 691
25 799
1 842
25 798
15 553
12 331
21 930
20 904
19 846
25 617
29 699
7 263
2 605
9 837
19 605
3 209
28 791
23 886
4 530
21 371
28 485
17 470
8 245
8 259
19 478
21 834
24 635
7 225
5 689
8 539
29 628
3 936
26 664
22 402
19 805
11 412
16 866
9 975
29 438
11 742
18 710
8 939
7 582
4 285
4 857
24 454
14 942
6 832
27 281
17 696
18 949
14 312
22 625
29 814
18 911
17 951
15 238
3 794
25 916
23 979
21 521
23 477
20 716
12 981
18 263
15 202
25 811
1 768
2 760
10 481
13 733
28 940
4 748
12 936
19 455
7 874
19 397
21 593
20 435
8 855
22 672
24 368
1 243
9 918
11 315
7 300
9 500
22 549
28 441
17 509
10 293
17 487
13 531
25 201
25 923
0 867
9 327
29 440
21 814
25 510
23 341
23 952
2 259
14 615
14 285
12 566
4 944
4 451
7 397
6 773
1 725
8 759
6 220
8 626
0 625
16 901
12 611
9 565
0 968
23 246
23 955
23 897
4 452
22 773
3 337
26 477
0 284
3 756
22 816
18 627
14 758
13 975
25 331
14 468
13 923
14 808
19 358
20 229
10 240
2 617
20 807
3 997
13 457
5 571
1 314
26 713
28 949
3 263
29 400
25 518
1 946
7 772
3 874
7 973
28 872
6 716
8 244
14 951
8 800
7 426
1 282
19 378
14 214
28 200
17 599
23 560
21 970
13 808
15 871
27 341
17 595
16 867
2 543
4 362
8 538
28 439
9 504
17 418
23 564
23 360
29 826
7 883
18 961
3 520
22 774
3 395
18 746
26 818
17 650
1 482
25 999
26 843
8 427
9 992
26 436
18 477
27 599
26 461
28 270
16 789
18 825
12 738
27 944
16 913
7 728
10 778
20 604
9 404
8 608
13 714
23 209
28 206
11 729
16 337
0 622
29 958
24 560
12 983
14 280
28 865
16 865
12 230
15 798
19 219
28 793
17 598
10 611
28 360
14 245
6 745
22 872
21 990
16 466
7 995
3 350
21 821
25 381
20 857
9 219
23 395
29 240
8 621
12 386
19 704
12 942
27 604
22 904
2 888
6 439
1 684
7 530
8 577
16 703
18 242
18 594
3 686
24 878
11 381
5 847
28 655
13 919
2 730
5 887
18 664
7 396
26 322
6 477
28 462
27 664
1 786
18 866
26 946
2 944
20 639
11 490
29 392
21 836
24 665
1 324
25 678
29 690
10 606
23 442
12 687
25 923
26 603
21 320
10 769
25 750
18 873
4 771
0 406
29 635
19 937
16 619
10 553
26 963
20 247
14 498
17 211
19 371
10 352
27 566
8 418
21 560
17 269
3 526
16 826
0 367
29 479
12 203
19 204
11 331
6 749
19 609
10 474
14 446
16 988
13 748
2 312
25 504
7 435
2 503
13 726
8 649
23 736
20 830
29 747
13 218
18 854
0 537
16 968
14 588
16 787
27 734
13 601
0 612
18 683
5 825
1 509
1 817
20 218
7 519
27 302
13 554
8 962
