1000
24 485
8 384
10 732
7 622
9 688
2 580
27 227
20 601
22 433
9 204
18 263
10 774
1 815
24 245
25 884
24 253
17 830
7 772
0 971
9 705
28 332
6 740
27 446
16 466
13 334
8 904
13 681
18 518
10 223
29 297
9 959
8 803
24 271
0 569
16 554
26 929
24 685
8 590
4 529
18 883
3 307
9 333
5 246
28 713
25 359
20 498
1 496
20 879
25 530
20 332
5 202
14 472
21 849
5 293
11 339
25 553
14 409
28 704
23 654
24 646
13 939
23 772
5 838
11 288
27 321
10 739
27 242
14 224
13 651
5 959
4 818
22 715
26 856
8 665
21 798
24 953
25 494
8 860
4 224
0 450
11 226
16 800
7 973
23 860
11 333
3 581
23 392
9 487
2 375
19 463
1 913
4 782
19 397
21 897
10 749
25 944
21 528
18 786
21 560
0 393
7 750
17 328
13 955
5 397
16 841
19 978
19 751
5 298
17 245
14 617
13 837
15 796
10 987
29 707
6 691
12 224
17 876
15 286
15 933
6 556
19 678
13 281
4 822
10 235
8 876
12 233
18 676
1 941
28 854
1 709
5 464
25 774
19 232
7 449
16 636
8 895
15 911
29 323
5 412
21 600
14 373
0 322
6 793
6 920
19 694
10 970
25 468
16 431
13 278
26 892
15 308
12 552
3 853
26 964
5 386
24 886
23 212
0 709
4 910
7 375
28 650
22 890
22 609
13 952
19 953
12 884
0 393
4 563
10 444
4 287
19 834
8 823
29 765
23 301
3 967
13 977
17 699
29 621
17 207
5 946
29 793
1 411
13 941
28 260
18 345
3 249
0 716
21 703
16 390
25 500
10 794
7 229
17 425
4 687
16 900
6 508
25 602
14 202
16 597
11 382
9 809
16 941
23 543
29 368
24 973
9 636
0 774
18 777
4 470
20 613
29 942
3 572
11 421
22 589
1 784
13 414
13 486
9 269
14 429
26 592
27 677
12 260
25 534
20 778
23 638
5 422
3 259
0 723
12 386
24 812
24 463
3 566
17 474
24 368
4 955
11 826
1 428
8 638
1 779
20 495
15 336
22 450
23 220
3 415
23 765
19 830
11 315
26 618
6 301
20 233
13 363
28 664
18 280
24 486
24 385
21 900
4 297
27 997
10 911
25 538
18 731
14 582
8 377
29 890
6 877
14 207
18 536
22 656
2 319
16 732
9 810
12 236
19 741
13 212
4 783
25 279
8 811
26 427
20 564
27 828
22 507
21 989
16 959
1 534
18 821
16 836
9 790
24 709
26 776
5 289
5 710
17 471
12 254
24 960
13 533
9 910
24 603
23 250
26 244
7 727
27 810
25 784
5 295
4 696
17 705
6 583
20 791
24 203
13 568
5 971
2 539
25 913
7 309
14 848
17 267
17 497
23 462
8 603
6 470
7 400
7 857
22 560
17 902
10 210
22 961
23 727
5 371
27 381
20 498
17 325
27 744
21 993
6 810
24 995
12 943
21 220
25 765
27 400
26 329
3 371
22 443
2 643
8 472
0 554
11 602
26 973
27 625
28 287
4 798
8 999
10 601
15 732
11 518
5 957
22 202
12 997
25 519
29 678
1 677
1 249
1 217
6 214
9 428
23 983
26 650
3 897
29 761
10 713
11 352
19 404
18 954
20 933
24 874
24 833
15 213
27 932
19 631
10 312
11 831
22 319
3 807
28 780
4 701
0 488
17 347
17 465
1 248
29 381
13 626
8 919
2 396
28 755
11 775
7 222
18 426
0 903
27 534
4 421
29 387
25 869
1 438
11 661
1 766
18 457
6 841
23 253
9 498
11 221
18 837
28 771
8 208
12 836
8 730
10 200
25 321
16 543
4 500
11 524
18 843
21 775
4 670
28 977
25 242
20 425
15 689
21 477
28 409
25 578
18 771
11 241
8 698
1 557
11 692
28 984
22 668
7 380
18 424
23 586
7 368
20 284
11 532
7 828
18 609
25 403
23 514
8 302
24 471
29 516
10 480
27 882
5 725
24 494
20 548
23 675
8 377
21 555
8 603
29 588
19 839
12 858
15 662
10 989
14 364
23 671
19 673
15 528
29 968
3 447
6 730
4 988
2 890
19 451
4 778
21 691
22 580
12 206
20 699
14 531
1 709
17 971
19 564
27 875
25 844
8 416
21 807
1 259
28 603
29 381
17 737
14 960
27 663
8 351
17 992
28 515
24 999
25 359
26 428
5 218
1 236
21 588
20 555
21 210
10 535
14 647
23 529
28 445
1 518
20 343
26 252
17 307
10 334
9 930
21 713
3 466
16 529
4 474
17 943
10 288
16 517
5 877
3 715
7 680
19 582
5 692
25 773
1 580
4 980
8 653
15 401
13 942
18 562
18 286
29 985
21 566
6 661
20 648
22 361
16 618
16 322
10 319
8 581
8 348
15 430
9 637
28 986
1 547
0 659
26 897
4 610
28 276
26 878
20 414
8 384
4 939
6 643
0 447
23 607
27 521
0 289
3 599
17 377
10 664
19 472
27 648
7 237
6 390
16 525
1 458
13 850
25 232
24 688
13 906
2 831
10 904
5 791
6 943
8 251
23 578
4 200
10 657
6 521
21 589
26 694
16 732
22 390
26 508
21 268
25 549
18 735
13 311
1 384
10 840
18 938
18 645
22 239
12 275
15 416
22 353
20 422
3 949
5 825
18 315
3 443
24 955
17 972
14 701
10 928
3 214
20 494
23 542
1 294
21 775
28 729
10 437
26 461
18 910
19 954
24 619
28 647
1 789
5 631
11 641
1 775
29 527
4 309
16 632
17 778
23 333
14 506
9 359
0 810
23 341
2 293
26 959
15 864
18 965
7 858
9 880
25 636
24 530
0 553
17 236
27 214
22 222
18 291
9 887
5 304
23 877
16 761
4 890
18 987
13 234
26 990
14 345
11 890
16 877
5 311
21 690
21 268
14 998
8 604
2 735
5 346
19 278
15 892
12 619
15 774
13 351
0 361
2 482
23 875
24 546
9 991
5 591
27 487
27 430
1 284
11 620
14 203
22 941
4 222
26 240
7 988
29 250
12 473
25 527
14 939
24 359
23 238
0 588
15 713
17 992
9 463
28 986
7 244
26 320
26 331
15 459
20 981
25 843
29 526
12 370
5 585
13 755
19 678
15 689
9 592
11 678
17 375
18 872
27 801
28 874
15 868
4 978
18 297
3 467
5 566
17 977
28 647
28 485
0 622
29 672
7 344
23 260
2 721
20 895
21 840
23 605
9 420
17 897
2 868
29 497
12 947
18 435
3 242
8 916
16 746
20 531
12 770
21 671
17 765
4 349
20 910
7 621
11 588
26 248
20 786
5 385
1 506
10 954
23 451
12 687
17 826
0 448
14 880
24 490
6 389
6 637
22 587
19 665
1 603
11 897
26 378
2 970
25 370
26 613
20 361
8 709
16 934
0 296
3 946
14 357
6 727
24 910
6 721
2 612
3 727
23 363
3 823
0 649
14 929
19 669
24 596
2 966
21 929
13 366
4 471
13 434
6 839
5 559
24 795
10 849
0 223
5 278
21 958
15 509
14 471
11 818
7 572
0 667
5 603
2 531
20 625
7 657
26 250
22 843
25 201
6 794
11 672
17 496
11 702
26 700
24 240
21 524
6 596
11 350
14 243
20 694
22 687
16 435
15 446
5 688
21 985
1 639
14 308
21 392
3 371
4 419
28 942
3 586
20 343
10 929
14 622
9 508
17 411
5 752
14 874
15 301
18 498
12 496
21 875
6 222
15 696
24 336
3 301
6 540
4 465
11 860
7 583
20 826
2 895
14 728
25 834
18 740
5 308
28 949
18 223
13 715
12 906
11 964
18 375
14 245
23 343
24 868
14 200
16 282
26 272
14 519
8 648
22 782
3 490
27 523
0 854
6 926
0 653
16 356
24 313
29 659
8 841
23 937
21 259
2 412
17 637
22 868
15 477
0 542
13 440
9 414
7 876
19 764
15 521
10 808
4 450
28 512
10 983
3 722
7 796
13 943
10 276
27 860
5 459
19 239
29 941
17 298
12 463
27 406
25 617
8 447
25 831
25 212
17 442
25 318
21 727
17 437
16 863
11 957
14 334
1 787
28 997
22 983
24 570
16 569
8 857
12 531
19 724
14 331
8 695
28 389
9 373
29 509
1 841
13 642
25 527
8 216
17 964
1 478
0 763
14 995
16 962
23 561
6 822
13 608
16 938
11 483
14 778
24 812
8 350
14 779
28 885
25 930
28 420
11 669
25 930
20 307
11 718
28 485
22 405
11 785
19 856
19 505
9 746
27 214
11 502
8 809
21 817
6 410
18 596
10 772
21 966
4 212
0 971
9 761
21 480
22 671
15 841
10 430
18 206
6 275
6 419
20 782
2 578
29 460
11 330
18 529
8 845
25 418
22 683
1 345
12 964
12 592
16 468
19 264
14 575
23 917
25 586
19 687
21 503
9 303
1 880
23 863
