1000
17 592
24 376
15 357
11 722
6 799
22 611
16 589
7 276
26 581
28 494
19 651
28 880
26 547
25 862
15 311
21 476
12 986
24 644
3 576
24 649
3 247
7 995
21 765
13 762
10 718
28 815
19 205
8 258
27 989
25 321
11 407
2 906
2 290
3 824
10 462
25 432
4 312
22 688
26 353
2 539
24 807
6 230
20 468
10 499
25 860
14 247
21 209
8 368
4 852
24 590
28 247
29 644
10 805
22 445
10 480
14 541
18 310
20 929
16 977
14 823
25 316
28 942
7 697
1 743
29 321
9 934
5 893
23 983
8 460
8 578
18 371
29 921
22 963
13 592
1 220
15 883
10 745
17 496
17 979
10 265
25 298
10 877
20 890
0 370
20 316
21 223
10 384
18 607
12 601
26 432
3 863
3 749
4 390
3 203
18 669
2 610
7 537
22 744
20 602
4 822
15 841
24 996
3 441
26 316
24 907
2 744
15 885
1 384
14 814
29 237
8 407
27 357
29 495
9 263
19 917
27 907
13 245
17 226
1 294
18 567
5 208
2 706
4 940
22 981
28 976
17 217
4 981
25 300
13 317
2 545
21 453
14 338
3 665
28 803
27 245
26 921
14 619
4 589
17 940
0 404
2 399
13 461
22 866
5 662
7 678
16 558
6 353
12 740
16 470
0 672
13 909
6 264
13 756
27 767
19 221
29 812
4 407
19 442
14 933
13 603
6 525
13 873
21 866
25 591
4 239
26 698
20 482
6 413
1 276
2 700
16 274
5 924
20 477
4 420
12 336
11 329
25 750
15 563
3 485
19 639
25 296
16 288
27 448
28 915
21 372
9 307
11 455
26 516
12 314
11 358
27 680
0 777
2 595
1 964
25 648
9 792
5 263
18 437
22 689
6 373
4 379
24 700
17 612
12 923
16 776
25 861
25 266
9 734
7 559
5 746
15 660
4 222
1 531
17 672
10 551
9 971
10 376
28 686
9 511
15 476
26 261
17 895
16 739
11 257
29 414
17 843
9 366
15 449
10 392
26 670
18 539
3 362
8 682
7 998
0 801
16 724
13 994
6 883
29 435
27 902
28 999
15 464
11 752
22 633
28 587
27 201
26 729
26 601
21 603
15 544
2 637
18 264
0 626
8 895
4 339
15 393
0 649
2 960
16 915
14 755
11 896
23 277
7 892
16 946
15 982
7 951
25 561
27 556
11 640
4 664
15 615
5 512
5 546
7 626
21 618
15 487
13 434
24 667
16 534
23 597
5 856
15 509
19 282
2 300
26 919
7 414
2 371
20 368
9 761
3 412
26 876
15 889
15 598
15 499
14 875
21 544
23 751
29 725
27 585
11 925
19 268
3 463
3 826
27 413
3 432
14 742
21 244
4 921
24 568
26 865
9 678
5 757
20 485
20 574
5 586
18 440
27 937
7 879
13 547
26 431
4 658
25 291
6 487
11 870
2 425
2 404
2 861
27 544
23 549
16 893
23 318
16 955
6 1000
12 282
26 844
9 296
28 632
4 265
10 713
1 380
27 315
25 378
1 513
0 928
26 670
0 771
4 291
1 808
12 525
3 386
12 317
1 912
8 986
2 824
19 725
29 451
12 898
16 947
20 833
9 767
9 404
5 270
22 843
20 215
17 490
28 352
13 828
7 475
3 473
6 816
4 880
16 376
4 291
27 943
7 602
22 292
20 745
22 574
7 793
19 875
11 979
19 896
9 550
10 708
9 494
17 577
26 688
12 673
27 636
24 388
5 335
17 626
1 866
13 208
6 773
8 912
22 459
26 626
2 963
4 989
28 395
6 617
29 831
19 832
12 339
9 231
6 543
22 751
0 706
26 435
17 414
1 269
15 390
18 394
0 497
24 965
6 695
2 469
28 940
24 208
9 981
1 706
18 262
1 589
18 303
4 363
13 547
11 791
7 877
1 423
7 853
0 646
2 757
25 868
5 996
12 770
23 629
27 765
1 661
6 778
5 885
17 922
13 269
12 307
4 453
27 545
0 873
24 495
21 808
25 653
25 324
1 574
28 258
5 699
8 984
4 815
27 708
13 353
3 344
23 945
4 491
3 887
27 652
27 241
17 545
13 342
6 832
25 765
10 947
8 550
19 298
28 1000
28 310
0 529
5 294
27 601
23 215
9 303
27 333
23 569
20 599
10 604
11 621
2 825
15 267
14 420
15 496
28 305
12 720
23 996
1 396
15 969
11 312
0 758
22 916
7 766
16 809
1 888
14 592
1 291
23 720
6 666
0 740
2 672
9 518
27 889
24 253
13 910
16 291
8 257
10 687
14 885
24 997
26 896
26 511
0 220
23 415
28 817
7 265
1 629
24 539
6 951
20 535
24 762
23 440
21 371
1 929
3 840
1 767
13 839
19 231
23 949
27 255
21 249
23 965
17 428
20 927
24 378
29 340
13 681
29 328
13 619
25 298
0 417
29 841
3 610
29 291
16 842
15 487
0 555
10 227
15 843
2 810
29 833
23 840
0 381
24 931
26 424
0 235
27 765
20 413
24 474
0 549
7 549
25 309
8 434
0 312
15 888
3 581
22 212
12 788
12 359
13 977
16 552
17 619
8 994
0 303
22 367
25 670
4 683
24 212
20 220
13 491
6 421
14 388
3 428
8 278
2 917
22 575
23 412
9 922
0 802
2 880
4 320
13 854
6 625
26 552
2 905
14 278
0 817
3 453
4 524
20 405
5 345
12 846
14 557
22 642
14 792
28 721
13 730
13 580
3 366
16 321
4 316
13 979
21 853
5 607
22 499
9 373
8 695
4 590
16 940
1 963
27 731
3 896
14 732
16 356
6 820
17 730
9 384
17 494
9 826
28 229
14 826
22 704
6 909
4 394
19 961
16 366
11 773
8 855
0 654
10 778
16 807
24 899
28 881
10 823
0 220
1 512
10 258
7 926
21 690
11 512
28 865
9 736
28 939
17 438
0 703
9 788
28 403
26 592
23 625
11 473
7 291
25 316
24 981
3 289
21 781
23 989
11 341
11 534
22 387
23 829
5 812
26 226
5 773
28 308
24 604
6 549
25 875
7 849
9 461
25 300
19 798
4 982
22 947
1 692
14 659
26 431
19 304
13 532
19 409
20 863
17 872
14 372
4 577
27 308
11 385
28 833
20 205
19 804
16 247
29 284
7 417
6 564
14 904
27 516
6 889
9 824
15 858
4 666
1 795
11 421
7 566
20 567
0 330
3 567
11 746
16 247
22 766
22 904
25 856
9 377
13 289
9 535
28 653
26 712
27 791
26 426
2 923
4 887
20 571
13 589
0 258
14 304
22 679
26 762
12 885
7 680
20 732
27 905
21 369
1 243
20 812
14 335
22 983
28 331
25 761
28 869
27 836
18 436
10 641
8 760
26 217
7 340
8 711
16 657
3 287
13 542
2 856
24 977
9 538
21 617
5 718
0 452
9 273
22 725
12 396
7 220
27 788
19 630
26 419
13 896
29 715
3 630
25 753
2 439
11 896
4 465
13 411
24 671
13 370
18 475
15 590
22 428
4 705
12 838
17 470
16 889
8 851
21 690
16 780
27 205
12 831
17 259
14 572
12 646
27 596
7 301
7 667
26 800
18 234
24 512
3 891
15 434
23 477
23 907
0 671
2 700
4 606
4 804
6 755
16 721
3 575
11 682
26 335
16 974
2 817
22 273
17 681
5 239
26 998
28 457
1 247
28 844
8 849
2 635
14 456
16 996
2 622
3 922
15 598
29 713
1 632
2 210
2 994
0 257
7 312
26 944
6 404
16 880
9 450
20 883
20 559
23 667
16 275
1 675
0 649
9 401
1 663
2 525
17 209
22 813
3 260
9 501
3 896
15 383
28 240
29 978
9 473
17 853
10 217
6 993
3 691
11 262
24 798
14 691
18 218
29 548
27 475
3 546
4 465
22 716
0 450
0 521
10 736
6 762
23 698
15 494
17 313
9 877
18 643
6 805
26 695
3 590
3 982
12 929
22 794
9 244
29 747
23 289
22 626
0 307
3 672
14 264
22 741
26 997
12 272
12 421
20 998
12 832
20 584
23 589
21 443
26 868
1 466
21 221
2 547
20 551
20 908
15 310
29 799
17 676
15 753
21 990
10 333
25 272
3 648
22 257
27 738
27 912
25 714
6 716
26 583
4 630
24 817
22 655
13 339
6 961
1 445
5 384
2 587
4 854
28 910
25 715
11 923
5 719
2 500
2 245
27 929
16 1000
2 241
5 323
20 354
1 676
26 808
11 975
26 620
15 528
14 613
5 912
4 767
7 422
27 689
19 204
9 460
20 343
15 721
23 612
7 349
19 950
18 869
28 593
15 378
23 770
21 690
11 503
18 695
23 780
14 459
7 593
22 616
11 420
0 687
0 947
4 416
10 673
10 272
28 211
29 479
7 965
6 821
29 658
4 326
4 789
7 363
18 931
4 581
20 305
18 275
3 449
2 818
22 214
24 513
29 891
16 467
4 436
6 848
25 645
10 337
