1000
29 845
5 910
23 722
18 795
23 645
4 696
21 447
19 784
17 223
10 927
15 394
2 767
4 505
26 681
22 525
25 734
18 442
24 785
3 626
13 823
5 506
7 853
18 884
29 314
25 978
10 920
3 275
21 415
6 211
11 559
8 707
11 435
28 354
12 786
19 585
9 346
6 392
11 935
13 755
2 716
12 488
15 584
6 976
23 836
9 535
21 367
27 445
26 618
22 706
10 402
26 674
18 653
0 651
19 264
2 524
8 265
7 845
8 520
8 599
16 468
16 437
3 802
23 646
9 763
5 294
11 446
6 398
4 236
20 713
22 795
10 869
14 906
25 237
8 474
16 721
23 539
8 491
18 345
14 656
27 804
24 612
27 561
29 896
18 791
28 945
29 1000
23 598
23 292
19 526
15 640
13 364
11 835
23 820
7 596
17 373
6 818
1 214
11 412
8 922
20 511
7 725
5 844
0 898
1 779
28 271
29 624
26 466
17 876
4 892
6 606
13 498
23 470
8 326
23 355
14 738
28 389
7 714
29 706
22 454
10 524
29 473
28 672
16 225
2 442
22 472
8 647
18 944
4 722
7 379
16 810
9 211
18 756
13 400
25 211
11 279
29 895
14 495
26 670
29 503
19 843
2 309
15 971
17 962
11 926
13 627
22 866
10 454
29 419
18 615
28 335
24 928
5 917
11 611
21 668
7 285
19 516
16 519
2 838
19 267
28 248
20 968
25 498
22 885
16 706
21 903
22 215
10 504
10 992
27 805
24 921
14 477
8 847
19 706
6 373
14 896
28 856
5 380
3 819
15 436
3 471
13 955
6 957
8 243
25 845
2 549
24 300
12 920
12 427
4 282
7 877
14 624
19 830
10 484
4 604
7 342
18 739
3 667
13 964
13 790
23 599
0 687
24 685
24 946
7 451
9 229
13 907
13 918
12 851
8 336
3 941
2 229
13 493
4 321
12 583
7 516
20 993
5 521
20 426
4 940
1 364
2 209
16 647
2 234
19 872
27 508
8 301
8 867
0 938
1 306
20 325
23 598
1 353
23 231
9 460
26 689
28 717
28 341
15 361
28 637
16 833
24 521
8 789
28 271
20 356
8 434
20 276
20 854
13 507
15 341
22 994
26 201
29 472
27 657
14 506
7 402
2 425
20 406
22 477
12 879
13 400
18 260
19 931
16 463
8 435
9 491
20 702
21 524
27 235
12 392
25 717
23 448
20 833
24 261
20 516
27 860
2 334
11 217
27 915
23 789
11 324
5 562
8 391
22 569
0 802
1 443
19 533
11 932
15 784
3 865
26 249
8 874
0 234
25 516
12 730
17 439
6 439
28 375
26 385
6 693
8 484
10 973
19 300
13 251
18 410
10 856
5 580
3 483
20 400
4 460
11 976
14 330
18 982
9 397
22 586
12 317
15 583
7 220
8 531
21 650
17 384
7 316
13 611
14 294
6 454
9 804
20 347
25 967
13 858
15 562
24 529
13 832
21 736
24 612
24 213
0 586
18 420
28 544
20 583
28 968
14 913
11 780
17 797
25 983
14 862
29 421
10 979
17 692
25 530
19 713
6 918
25 571
12 877
18 840
29 684
11 238
16 604
23 392
7 471
17 901
1 453
8 375
26 259
19 984
23 801
22 202
21 898
27 418
20 289
17 639
12 445
1 624
11 913
24 442
5 580
22 835
29 608
19 672
28 633
8 877
8 665
2 942
10 488
10 407
26 737
12 240
13 213
12 832
8 863
18 322
27 974
13 621
23 220
8 232
10 817
27 447
0 962
0 697
29 943
1 593
3 661
21 773
19 494
29 518
29 940
3 792
11 442
28 822
12 226
10 988
16 310
15 927
7 389
23 364
1 410
7 775
17 983
11 851
3 827
11 648
15 867
24 641
22 346
0 957
25 450
4 284
21 666
14 290
20 862
19 870
24 872
13 703
17 251
18 992
29 476
18 730
7 965
23 549
10 871
6 975
14 697
15 675
13 314
25 865
10 794
20 411
14 286
9 703
6 601
3 222
9 326
17 262
8 562
1 795
25 691
11 494
25 804
22 500
20 455
20 267
28 803
6 333
29 846
28 665
2 335
26 770
19 643
19 423
19 462
3 871
23 477
9 397
19 275
24 983
25 375
0 269
25 351
13 599
13 781
10 732
26 459
18 987
5 217
6 838
9 348
12 474
22 962
8 745
17 948
10 762
12 702
9 702
5 948
19 441
5 635
23 353
21 588
7 776
24 895
24 440
16 459
27 605
15 438
4 586
25 405
19 208
13 507
27 855
16 537
2 489
5 782
13 789
13 631
13 989
19 270
11 331
16 579
11 904
28 808
8 681
12 813
1 217
10 1000
0 269
0 248
11 747
27 278
28 625
12 388
27 503
1 231
25 679
19 232
2 512
14 475
3 216
20 868
5 955
29 578
0 936
5 539
9 394
10 912
13 790
16 875
28 677
13 470
0 524
16 535
10 460
13 688
3 507
5 767
24 932
3 248
5 290
29 373
21 957
18 398
15 613
5 509
13 962
4 435
8 334
24 329
16 285
2 759
7 323
17 774
19 593
14 672
13 629
14 849
27 822
9 217
4 476
19 882
14 304
25 335
8 597
25 953
15 611
24 626
9 217
17 766
27 247
3 520
20 624
26 883
6 958
24 812
20 678
6 214
7 394
2 361
28 696
21 959
15 918
10 488
23 221
9 586
20 608
16 638
4 210
8 876
21 611
28 811
28 339
20 461
22 338
5 701
28 227
12 601
12 572
18 840
3 600
9 298
9 200
28 651
8 273
28 736
22 509
13 591
27 927
16 883
14 353
0 259
16 537
25 329
24 754
22 367
21 359
22 911
11 545
13 534
9 773
29 258
9 815
0 872
11 662
3 950
11 545
13 806
15 488
24 879
6 333
15 662
5 433
18 811
2 527
16 480
0 705
15 540
16 969
5 780
2 715
15 817
15 747
18 295
14 961
18 473
28 546
25 541
6 366
0 392
23 860
17 314
21 999
3 977
10 485
22 649
27 750
13 322
5 889
1 380
24 519
8 329
16 418
15 749
3 687
13 296
11 946
11 432
24 741
1 567
10 475
17 496
9 641
10 670
26 784
21 321
7 626
20 445
19 398
29 590
5 923
29 771
24 864
9 857
26 656
10 251
28 224
14 262
19 864
24 618
3 468
19 483
0 836
3 688
7 477
9 536
28 293
29 654
22 612
3 785
9 591
25 878
7 937
8 575
7 442
21 721
19 837
1 680
25 791
1 642
27 882
28 219
14 624
6 212
16 265
7 922
19 754
20 280
15 287
1 232
14 304
24 511
6 908
22 331
8 700
22 983
20 495
26 407
3 479
7 953
8 934
16 367
11 458
2 572
2 329
8 820
14 769
19 996
17 261
13 353
8 306
3 457
19 625
10 431
17 831
17 732
14 285
8 557
0 624
10 203
14 888
10 294
15 801
6 441
6 587
2 523
5 221
15 767
3 941
22 635
5 257
9 688
14 999
4 326
17 906
14 827
25 583
3 729
17 850
21 714
0 422
14 980
11 649
12 524
19 857
7 825
26 612
12 305
28 898
18 658
10 703
24 419
4 602
1 356
23 546
19 496
29 995
18 238
18 432
20 871
28 619
13 747
12 533
5 425
1 958
2 906
16 270
17 929
28 598
11 418
2 557
25 894
3 838
20 922
15 807
18 439
29 523
2 217
28 260
7 970
9 546
26 321
25 751
17 305
13 941
2 502
2 815
13 243
18 958
10 574
29 731
14 284
15 712
25 443
15 380
21 964
26 559
19 905
5 820
18 618
19 587
1 817
6 284
19 867
5 775
5 738
20 315
11 429
1 812
8 490
26 264
10 766
19 663
17 880
21 607
3 385
24 244
15 443
0 536
11 715
24 467
5 485
9 434
17 838
0 518
15 866
11 919
7 720
22 372
14 773
0 732
9 909
3 231
26 309
7 755
4 732
3 563
22 767
20 760
19 228
7 868
16 475
1 300
17 295
20 698
2 574
1 791
12 411
19 784
20 206
8 723
23 340
21 890
18 345
28 294
24 638
3 553
4 666
14 959
9 816
19 788
1 497
27 768
9 313
7 917
14 479
26 927
27 991
21 712
11 951
19 556
23 351
3 204
19 696
24 371
19 250
16 742
3 391
19 389
2 756
2 407
18 371
19 841
4 909
10 537
18 706
3 421
26 283
27 934
1 416
9 428
26 571
7 955
20 394
3 969
26 815
26 682
11 390
26 689
6 774
11 810
9 985
29 502
26 299
3 263
3 486
0 279
19 250
23 602
18 538
19 600
25 553
22 718
3 522
12 437
12 418
7 880
8 881
11 322
1 790
5 399
23 866
4 397
5 700
5 244
27 882
17 246
29 655
15 691
19 519
24 470
4 780
18 773
10 666
7 606
4 274
8 631
5 981
28 699
18 514
6 553
12 960
19 567
15 724
6 666
3 316
4 383
15 730
0 952
6 259
9 981
20 679
28 785
6 749
18 676
8 721
