1000
16 686
26 262
24 931
4 373
26 526
2 389
6 213
11 823
26 955
7 431
19 405
17 920
17 788
5 802
27 998
8 955
27 715
21 788
16 670
26 581
1 289
21 938
9 918
22 516
8 930
27 723
13 888
17 455
21 472
26 767
22 390
22 420
17 436
29 368
10 504
4 652
16 646
0 402
21 591
5 835
26 797
4 409
17 293
27 580
9 780
4 554
3 296
22 537
10 325
21 203
27 745
11 554
19 273
20 807
12 432
7 577
5 739
16 404
17 929
11 399
16 913
18 608
21 896
6 918
24 296
10 893
2 347
9 789
20 605
0 229
14 327
13 209
24 575
27 904
10 244
8 957
5 637
4 647
20 312
24 791
16 201
11 984
22 481
11 927
1 882
3 310
21 785
1 681
12 787
18 408
21 281
24 664
25 637
13 975
9 632
12 904
10 379
22 362
27 639
23 969
16 875
24 413
18 243
16 982
14 411
6 479
28 798
12 666
7 561
25 445
27 659
1 259
12 435
14 768
14 419
26 808
22 614
22 206
12 243
13 819
16 382
5 764
21 589
9 596
26 455
15 318
22 453
1 715
26 209
23 530
12 530
20 581
0 932
4 448
25 473
8 767
22 422
12 892
0 304
2 986
18 609
22 826
29 386
4 494
13 932
28 578
16 632
18 765
15 809
14 752
23 773
14 442
4 753
15 822
25 429
1 261
4 504
8 833
17 244
22 520
0 818
12 319
8 716
22 528
7 495
11 454
20 376
28 608
16 627
29 687
15 414
23 528
3 701
8 519
12 416
29 884
17 553
7 411
17 302
26 996
24 757
22 255
23 645
26 554
6 736
11 851
18 567
24 549
11 800
28 869
9 667
13 913
9 954
4 622
13 560
21 345
0 221
11 477
1 294
23 793
14 535
0 624
29 339
29 435
18 786
13 419
6 493
17 470
12 603
18 881
4 514
25 726
17 639
19 470
23 296
20 265
14 849
27 957
21 947
16 976
28 852
24 476
1 542
1 493
28 384
0 420
14 296
2 518
6 290
22 308
20 454
22 559
14 690
10 853
0 769
0 954
24 777
12 630
0 528
8 982
10 426
20 400
10 432
22 996
25 606
15 443
12 588
29 940
20 928
25 319
25 892
17 297
21 332
10 219
2 847
21 596
14 421
10 303
21 929
9 689
11 604
25 775
11 212
10 249
23 833
14 220
22 699
22 406
15 820
4 578
18 229
14 868
11 717
4 323
9 535
6 936
18 684
22 530
28 398
10 322
21 689
7 599
8 613
11 979
18 686
18 328
0 420
19 492
13 508
15 626
18 974
27 573
12 861
19 589
10 612
23 397
17 969
25 498
16 878
13 286
6 935
20 566
3 860
11 774
20 240
15 344
28 203
1 775
14 537
5 220
6 689
2 318
10 405
9 721
12 814
11 370
8 633
9 904
5 453
7 283
7 511
16 479
8 785
1 808
13 765
1 680
22 434
3 319
22 731
11 959
6 468
11 814
20 982
1 608
7 341
28 421
24 437
4 422
26 805
5 458
26 631
29 707
10 348
25 573
24 404
27 773
8 274
25 298
4 747
24 900
4 433
23 741
14 492
23 782
13 948
3 770
11 901
28 996
17 280
24 214
26 995
8 766
8 925
4 598
23 620
28 696
15 256
20 603
25 417
19 946
23 835
6 420
6 561
22 855
25 266
5 739
24 905
16 437
0 789
15 328
24 253
22 279
25 337
15 380
22 932
19 594
18 911
17 780
3 251
9 205
15 747
4 938
29 777
9 999
6 293
28 260
17 642
24 601
3 809
12 702
8 287
28 546
17 311
19 881
6 697
13 594
22 797
16 992
14 874
12 588
1 551
11 960
3 877
26 855
13 824
1 541
29 255
28 847
5 950
26 854
26 887
22 496
14 550
0 650
2 747
20 329
10 702
17 549
7 921
5 539
19 912
19 290
10 908
19 215
5 306
7 351
28 419
12 529
12 362
22 893
21 666
6 360
25 998
16 330
20 1000
24 369
24 691
6 735
7 215
17 593
21 690
15 628
14 599
27 692
11 903
12 527
20 497
28 505
3 406
2 417
13 254
4 857
3 732
1 247
12 478
18 303
19 480
5 425
23 925
2 201
17 799
19 284
18 927
10 775
19 313
17 956
9 245
5 933
24 674
25 236
21 730
22 729
14 342
24 327
14 753
20 582
2 670
10 827
2 323
10 620
11 475
7 865
11 746
28 879
15 390
9 948
20 775
10 295
17 843
19 577
1 890
3 804
12 262
28 588
12 551
12 256
12 901
14 958
27 707
14 498
29 742
21 380
18 960
18 362
23 577
20 657
25 803
3 683
24 755
3 285
13 936
25 720
26 379
10 743
10 557
3 328
20 652
3 254
18 715
25 908
1 456
6 295
5 405
22 286
28 944
1 972
14 713
29 731
3 262
2 429
0 569
0 301
11 635
18 982
28 531
0 279
27 670
22 430
13 291
4 627
19 732
0 758
12 476
19 536
11 753
23 504
29 229
7 737
10 664
3 986
4 491
2 615
24 269
25 631
0 734
6 425
26 443
13 284
6 445
24 532
4 869
13 741
28 285
26 614
20 479
0 624
11 288
17 798
4 893
20 342
23 829
25 427
22 835
16 241
20 412
15 336
21 515
13 766
25 579
4 474
17 215
23 434
15 562
19 736
27 636
16 744
28 771
14 908
18 533
22 912
2 955
29 380
26 485
19 875
11 570
7 651
21 923
29 940
29 252
22 526
17 502
25 606
21 326
9 240
23 389
25 325
24 655
11 213
7 462
17 871
24 537
6 697
20 443
13 599
8 666
22 583
29 922
21 534
19 594
8 419
9 382
29 849
5 541
11 983
29 597
20 425
12 889
14 932
25 487
22 447
21 466
5 318
7 797
22 496
9 642
2 621
0 546
21 301
25 454
7 921
11 606
23 722
7 871
3 837
21 899
13 358
28 410
10 752
14 442
25 910
26 210
10 955
18 544
18 814
8 214
16 369
3 218
8 306
3 596
4 331
0 889
9 468
24 383
14 330
9 686
15 706
17 906
19 941
15 867
24 667
13 382
27 785
2 782
24 993
4 616
18 491
3 875
21 381
7 727
14 554
12 989
26 759
6 292
18 668
1 394
22 935
12 950
23 966
17 398
2 685
8 897
2 281
23 860
7 461
27 672
2 994
4 371
8 227
17 587
9 538
16 232
25 886
11 409
3 202
7 808
3 363
2 354
12 202
28 905
29 690
4 889
25 475
23 764
11 458
9 485
13 532
24 914
7 566
27 935
16 879
9 701
9 842
13 376
1 752
13 982
21 788
1 218
14 423
11 667
13 701
24 924
26 413
0 581
24 768
8 932
19 880
18 544
18 479
8 379
18 787
8 843
19 506
26 487
10 354
29 361
3 897
15 905
7 288
1 703
18 708
18 669
6 329
2 228
12 873
14 379
16 833
26 249
10 224
22 683
18 507
8 981
19 812
11 975
1 310
0 353
8 552
11 829
24 584
28 458
29 882
14 907
23 962
7 563
10 606
14 344
5 951
17 578
13 527
19 390
20 687
23 470
22 982
19 980
9 542
4 801
9 472
15 248
16 953
22 448
23 473
18 294
22 988
11 965
16 450
0 238
4 430
13 914
22 819
2 590
14 319
24 286
11 863
11 813
5 995
18 412
8 371
2 917
28 322
15 219
20 666
9 364
11 234
11 725
8 593
7 822
16 520
29 349
5 305
27 251
13 719
22 404
29 404
3 754
18 314
6 292
8 949
13 209
27 245
13 752
22 810
15 309
18 510
13 603
28 432
26 764
13 383
17 997
27 544
6 303
26 753
21 343
16 201
20 401
0 898
8 267
16 540
29 409
28 593
7 519
20 251
29 235
19 414
27 947
0 847
11 989
24 718
4 322
25 384
14 204
13 384
22 817
2 453
4 976
22 295
28 857
25 475
28 963
3 980
2 293
16 588
25 644
8 799
13 639
15 224
11 735
6 384
18 412
28 906
7 870
29 473
10 378
13 556
8 893
24 471
11 596
29 762
14 264
27 200
19 669
1 886
9 500
18 405
10 386
5 843
18 245
5 304
0 533
15 304
11 209
11 690
20 525
19 613
9 286
4 264
6 391
28 566
20 896
0 570
9 577
15 322
17 893
22 973
0 479
13 688
25 873
18 371
6 401
6 541
9 265
29 568
26 561
13 591
11 465
23 335
19 648
6 291
10 342
14 855
2 347
23 742
25 514
12 414
19 338
3 213
26 638
22 954
29 311
10 405
29 697
7 978
8 742
15 714
25 605
6 339
6 776
7 203
29 521
0 993
29 904
14 381
18 249
12 733
26 642
28 788
19 259
5 932
0 925
4 242
17 812
19 476
2 688
4 372
1 819
22 945
5 802
3 667
29 692
14 358
14 644
2 846
6 854
11 915
10 227
5 216
11 766
14 963
28 879
25 990
22 527
12 325
8 910
10 234
17 862
21 445
22 537
4 609
28 773
21 641
2 608
24 378
