1000
9 422
19 251
19 594
25 363
5 615
25 370
19 527
8 776
14 563
11 664
24 996
22 599
4 701
10 606
8 738
27 947
27 448
20 527
8 243
20 542
16 499
12 526
16 777
26 542
1 548
20 480
25 495
2 217
3 700
16 338
12 576
1 838
2 834
8 356
12 332
21 207
0 889
3 619
4 849
24 614
9 666
17 728
2 627
28 304
29 822
15 440
16 859
17 632
3 472
24 711
15 845
7 339
16 585
28 325
0 598
11 596
20 257
16 468
5 925
7 882
0 652
29 811
16 313
1 437
23 564
23 632
15 870
5 894
1 365
0 340
12 249
0 230
14 867
10 610
28 525
0 226
0 243
1 521
23 584
10 873
27 778
14 345
4 209
5 833
4 392
26 899
9 803
8 592
16 554
0 308
21 385
11 423
25 364
11 629
4 429
7 307
26 402
18 917
25 525
14 404
29 840
22 503
7 763
26 964
20 751
13 750
12 612
18 499
9 594
2 779
12 769
0 735
12 772
18 227
15 559
1 416
5 954
8 672
22 242
15 999
5 369
3 203
16 694
24 436
13 226
1 610
16 580
18 463
19 911
28 529
2 638
2 560
0 799
21 857
5 848
11 657
2 714
14 969
4 759
20 346
20 865
11 345
19 219
6 379
4 286
29 540
17 690
10 316
25 360
18 850
21 893
29 311
20 899
5 764
10 503
13 652
20 583
9 832
29 682
15 801
6 736
11 537
17 832
12 294
24 231
21 258
26 835
28 800
11 293
11 881
27 286
19 972
18 616
15 914
14 827
3 350
13 848
9 629
18 684
21 343
17 401
8 434
25 891
25 464
3 374
7 453
21 620
23 623
17 282
29 992
10 568
0 999
13 542
17 795
28 744
17 249
7 647
7 325
20 219
12 850
5 406
23 874
7 469
15 620
29 977
10 818
2 973
5 933
8 964
27 877
24 669
14 757
0 444
19 322
22 610
18 373
23 395
11 857
25 576
12 849
7 566
29 496
21 658
18 506
10 492
0 861
22 464
0 868
12 312
6 378
12 549
16 383
8 956
29 864
22 402
0 513
13 201
23 542
22 980
24 868
0 660
3 782
2 591
29 524
3 482
8 344
22 622
26 243
25 200
13 215
26 887
9 794
14 874
27 479
3 753
2 708
15 713
1 857
6 444
27 353
6 578
28 887
24 409
13 412
21 967
0 405
13 350
18 463
15 583
3 606
8 404
14 427
11 654
6 614
2 379
24 519
24 579
29 680
27 387
15 541
3 323
4 670
26 463
2 841
29 303
1 610
25 317
19 534
16 259
3 456
4 808
17 763
27 632
28 680
25 868
9 878
8 223
25 216
4 542
21 640
4 483
5 450
19 521
23 625
13 860
10 450
19 926
1 318
1 218
25 990
0 280
28 387
19 671
7 408
9 356
21 240
19 703
21 532
10 1000
10 706
8 285
25 744
25 912
1 580
29 700
16 701
21 528
6 497
6 763
22 910
29 392
22 234
6 672
23 422
10 767
13 844
7 837
11 403
28 908
8 890
23 244
9 695
11 575
24 778
6 947
13 578
9 349
27 904
16 848
25 973
12 376
18 543
11 617
25 676
7 529
5 970
24 778
22 946
18 274
24 494
17 394
11 867
19 462
6 206
3 202
23 228
21 866
21 612
11 972
11 801
28 770
22 827
29 597
14 618
3 986
5 223
7 605
16 619
11 819
16 767
25 702
2 875
21 921
7 924
0 590
11 544
20 303
21 316
1 840
19 616
10 740
18 637
16 917
28 223
11 336
25 708
3 250
25 251
29 452
9 735
14 924
20 851
10 473
10 516
29 422
23 236
26 843
19 611
21 537
13 536
26 371
1 617
25 826
27 329
23 942
26 483
3 758
3 268
23 705
17 239
4 964
27 913
5 246
28 474
18 402
23 754
20 629
25 478
8 448
19 294
14 338
0 346
26 582
15 254
23 246
28 787
19 770
11 235
14 660
27 462
11 992
13 451
29 725
17 556
5 474
22 910
9 893
5 814
2 682
11 472
19 569
2 936
1 754
23 819
7 754
3 891
19 551
25 403
4 817
21 683
4 509
17 440
1 350
18 546
19 245
19 368
10 930
2 798
4 851
13 790
0 692
16 304
7 515
14 672
2 521
0 507
25 335
13 714
11 606
1 714
17 350
21 476
0 294
1 730
29 240
6 556
16 730
7 468
22 432
27 434
3 446
13 279
17 829
9 605
6 304
8 900
18 236
27 554
26 295
29 508
2 497
10 448
10 669
17 446
14 352
28 950
14 782
6 707
22 402
11 402
24 344
26 688
22 839
13 449
29 565
11 834
2 403
26 906
27 322
1 964
12 918
9 819
26 965
14 804
9 666
5 673
24 876
5 975
6 601
22 468
26 253
15 276
17 425
15 918
14 638
11 398
22 348
1 429
2 913
23 658
7 876
18 293
6 350
26 246
8 901
3 714
16 864
6 999
2 668
17 578
29 426
28 928
0 472
3 966
27 496
6 976
16 591
22 364
27 545
15 312
19 220
19 847
27 429
24 527
23 927
0 631
8 358
24 744
22 307
10 437
6 525
17 789
14 868
17 317
12 461
12 928
18 645
25 587
10 245
24 393
12 753
25 542
3 422
15 319
29 308
18 311
5 493
20 524
27 268
4 564
29 574
28 920
23 401
11 582
0 946
6 414
4 531
13 398
27 961
14 684
14 219
29 782
10 895
13 870
9 862
8 442
18 960
13 989
21 650
10 444
16 769
26 687
11 993
18 317
7 371
10 943
20 519
17 287
18 888
19 467
3 568
4 560
2 392
13 343
25 495
13 653
17 845
0 628
27 670
14 517
13 758
19 293
22 340
5 600
17 668
16 456
19 954
23 564
9 635
13 381
20 813
29 343
17 607
21 893
24 333
13 838
11 962
17 480
21 536
14 641
12 589
2 295
18 981
13 567
25 596
12 640
1 350
11 590
3 342
24 740
4 859
22 391
18 414
13 677
16 338
26 305
1 487
7 403
26 465
15 447
20 896
27 326
12 756
25 212
0 669
28 258
5 846
26 287
8 953
29 800
14 991
28 571
26 521
7 606
3 447
16 889
18 489
4 852
1 882
3 740
28 729
29 966
16 847
1 321
14 702
2 238
29 608
22 932
28 770
1 587
28 765
1 873
9 201
25 857
18 469
25 929
6 797
2 950
19 281
0 495
15 813
2 580
17 899
18 332
24 946
14 760
21 886
18 510
7 978
21 287
22 793
18 464
13 454
0 607
21 353
28 767
5 997
4 863
25 638
9 780
16 900
15 822
19 542
16 440
4 375
3 432
3 741
2 907
6 703
24 527
6 291
29 321
9 628
12 737
13 447
8 348
27 618
19 558
25 889
24 888
10 918
20 750
27 229
27 599
3 722
24 784
23 563
7 741
9 943
20 988
20 260
1 713
3 775
17 245
14 878
4 832
24 412
7 986
13 230
14 571
17 472
15 778
14 253
17 669
25 206
9 260
6 751
27 296
5 552
5 792
7 613
15 911
29 325
16 541
5 625
9 495
21 972
4 517
23 447
28 328
14 729
16 836
24 300
11 884
16 947
2 922
1 208
9 579
23 627
27 885
15 353
9 830
20 651
4 982
1 331
23 538
4 701
16 407
27 532
27 629
29 713
13 993
24 940
3 293
2 497
26 545
16 466
24 471
27 343
2 273
18 369
18 721
1 803
28 575
29 514
13 699
26 299
27 968
17 366
29 847
26 670
20 442
29 637
3 535
19 610
27 627
15 807
11 230
28 974
7 952
8 905
3 604
10 271
4 942
5 516
22 359
22 400
20 492
3 574
26 592
3 596
8 913
18 530
4 256
29 787
0 827
22 377
24 962
16 717
28 786
29 444
1 235
6 580
11 713
1 709
2 979
29 847
2 714
0 644
24 794
12 560
8 827
17 818
15 243
15 806
0 731
10 905
3 865
2 274
0 727
15 730
19 817
13 712
0 870
5 380
2 732
12 556
2 591
11 578
14 623
1 554
12 892
11 433
11 461
2 564
2 770
15 964
28 382
5 550
25 851
20 632
16 890
9 926
16 771
8 234
6 520
22 317
18 912
14 315
5 527
4 200
3 329
3 279
19 707
2 639
17 462
17 592
12 629
18 744
23 290
20 228
1 625
3 739
17 632
22 961
9 917
6 668
3 814
1 821
24 392
16 928
23 878
11 686
18 873
3 639
22 505
14 813
22 332
13 678
12 514
18 873
5 648
16 252
25 203
7 982
21 700
9 261
23 836
7 789
4 983
14 743
16 618
1 614
15 869
0 956
14 985
29 461
1 547
9 555
28 905
23 924
8 459
21 590
21 604
10 366
2 820
8 659
20 435
15 808
15 451
5 524
3 437
0 521
9 207
22 703
16 787
0 798
22 781
6 987
21 541
11 596
7 491
0 723
28 712
16 792
24 416
19 966
9 234
25 262
20 577
1 819
20 759
17 297
5 708
16 474
24 884
25 577
24 716
16 689
1 436
