1000
26 306
20 414
15 435
12 645
7 280
10 463
14 605
28 346
18 764
24 524
17 396
16 540
20 716
12 522
22 663
22 823
21 293
8 281
5 640
7 338
1 382
28 717
16 995
19 255
29 546
1 847
20 788
4 484
10 951
14 586
1 563
21 1000
17 450
6 730
10 265
8 952
7 879
10 947
23 233
15 890
2 414
29 677
15 519
21 864
12 426
20 577
24 364
11 420
21 219
11 477
8 328
24 713
22 449
19 446
8 841
9 548
29 662
11 680
8 948
28 978
14 801
3 346
3 645
25 696
12 437
24 882
17 724
11 449
20 213
18 815
7 567
10 514
29 457
26 745
3 919
6 870
15 800
5 537
1 309
18 447
17 486
19 292
22 280
8 986
29 627
19 272
20 921
26 595
27 340
3 648
27 655
12 529
2 984
17 620
23 572
3 613
21 282
28 417
23 289
18 756
15 360
28 765
26 588
24 208
15 416
6 753
16 936
1 760
16 976
23 401
1 617
20 584
15 234
2 631
19 632
23 507
4 521
18 651
3 865
8 664
26 649
1 267
9 251
25 1000
1 387
2 856
12 922
3 438
17 792
27 895
3 435
6 374
13 401
9 572
8 719
7 257
5 981
18 804
12 623
0 504
10 455
7 459
13 411
27 225
24 503
5 654
7 911
2 999
4 581
8 952
0 857
21 778
12 886
29 295
6 747
21 979
17 376
15 610
24 734
18 859
15 706
23 572
20 376
28 923
13 541
14 247
21 993
21 247
11 636
11 278
29 694
15 624
5 325
16 480
14 487
19 474
20 869
14 367
16 991
6 291
2 755
1 812
23 461
21 673
13 363
13 584
26 777
9 925
25 219
25 222
16 365
26 325
22 720
23 229
7 879
17 401
23 824
21 825
9 624
25 365
16 672
19 455
1 856
24 621
10 328
18 974
24 525
8 721
1 597
23 568
4 788
20 823
23 837
20 586
7 776
22 750
21 869
26 380
24 755
3 980
20 237
14 513
13 426
19 656
0 380
9 414
25 275
15 323
5 265
27 1000
17 402
21 970
24 311
13 738
28 321
1 751
3 777
12 435
21 810
22 538
8 781
14 504
10 980
14 630
24 850
4 447
8 290
20 953
29 313
23 714
13 300
14 594
23 716
20 898
21 708
9 681
22 562
23 950
14 289
27 374
1 220
20 209
7 975
13 901
20 662
0 688
24 937
21 300
20 996
16 416
1 788
23 686
5 217
20 587
27 849
12 823
11 768
8 576
12 698
21 337
17 600
20 738
20 575
8 232
13 963
19 577
4 669
1 616
2 440
8 235
6 924
7 694
4 260
28 474
16 499
29 878
13 934
5 293
4 246
10 457
28 750
13 287
9 628
19 439
18 606
15 651
23 229
13 310
16 817
25 285
8 223
16 937
7 697
15 505
6 645
25 253
24 589
9 873
8 290
8 972
18 469
5 385
23 855
26 647
13 270
18 861
14 720
1 939
12 345
15 444
11 329
5 445
26 633
19 378
23 552
2 736
29 208
28 704
26 601
4 348
11 743
2 973
9 671
23 532
22 734
29 483
27 929
24 391
21 627
10 815
19 996
0 422
29 295
21 583
26 982
0 612
29 823
21 769
23 419
22 636
22 576
11 844
12 293
27 600
13 633
10 561
19 955
12 862
8 249
2 617
12 577
26 999
12 315
21 204
23 897
13 585
23 553
10 847
2 989
3 981
0 974
19 628
9 412
1 384
15 621
23 308
21 353
8 847
19 655
25 835
5 267
12 267
10 944
8 403
17 838
3 995
21 993
23 737
0 764
14 992
5 379
12 399
2 477
0 510
11 445
6 709
8 221
17 480
25 661
0 601
28 446
7 606
11 797
27 394
4 223
29 405
22 410
3 998
12 400
9 711
18 439
13 902
16 729
20 812
2 674
4 318
12 244
8 732
19 329
23 303
8 908
15 891
16 920
12 614
18 271
23 641
14 348
2 378
4 506
23 833
1 709
27 877
13 411
13 456
15 272
8 575
12 499
21 678
17 851
2 656
1 798
12 451
17 431
22 340
0 504
9 241
24 683
23 872
25 402
2 771
10 897
19 907
13 349
22 463
10 652
12 969
18 442
16 225
0 885
9 772
17 286
0 527
19 483
10 987
11 274
15 763
25 836
28 344
17 216
20 357
14 642
11 912
21 495
21 284
8 210
8 786
3 847
12 524
24 880
24 578
19 748
23 472
17 245
16 311
9 356
12 268
12 530
10 502
28 509
25 952
19 234
4 830
6 346
18 558
5 338
11 429
19 821
4 459
8 430
14 527
12 843
15 758
11 522
21 425
20 322
4 395
8 959
4 795
14 526
8 623
27 342
17 540
13 579
3 900
7 333
8 476
5 971
12 502
3 395
5 996
15 744
6 599
21 378
8 967
19 476
27 467
25 781
15 682
10 391
9 302
15 846
18 783
24 950
20 860
22 292
26 495
6 273
7 785
6 999
17 398
1 863
1 959
21 826
27 890
28 538
12 361
9 351
1 486
19 487
18 457
25 843
3 891
4 990
8 603
1 930
14 448
5 708
15 942
9 369
12 491
10 366
20 539
17 695
20 552
28 564
29 874
24 895
2 894
8 286
21 797
14 241
22 577
27 235
16 684
5 782
17 322
22 753
28 723
19 451
27 921
11 894
0 421
14 682
4 367
2 422
27 730
18 622
9 506
27 974
14 800
9 817
5 354
8 548
14 281
1 857
3 611
10 836
23 425
26 642
16 275
5 752
4 243
3 681
25 257
15 623
11 646
12 916
14 210
22 773
0 480
24 937
27 645
29 436
2 498
21 462
21 284
26 533
20 829
0 991
22 263
3 592
9 250
15 549
4 614
13 848
12 686
26 453
5 466
12 463
17 255
13 283
10 624
24 236
13 977
21 899
10 923
20 894
26 615
10 861
25 223
6 767
29 723
12 816
9 216
17 491
12 674
5 585
2 730
14 788
25 847
11 527
29 531
7 377
14 693
26 300
23 977
1 788
14 460
3 721
2 632
0 432
28 844
28 671
14 505
14 616
19 466
28 884
4 737
28 260
21 358
21 666
17 254
9 343
26 667
6 539
0 269
6 280
29 376
18 672
29 953
27 689
14 546
26 469
0 347
8 277
16 200
13 994
6 702
29 369
15 420
26 373
24 209
28 939
25 820
21 913
16 223
8 336
6 206
5 585
12 367
10 744
18 867
22 281
19 968
24 881
22 969
13 830
29 262
6 853
21 831
6 338
8 918
25 507
24 960
24 418
20 406
20 798
7 373
15 638
27 542
14 870
29 992
27 410
16 628
10 965
8 479
2 246
3 277
12 414
14 374
11 556
26 774
29 717
19 997
6 922
9 305
17 328
16 732
14 407
23 597
2 354
15 285
10 697
22 785
28 990
26 535
29 382
13 513
0 860
18 251
15 548
2 763
2 345
29 754
9 569
13 862
15 374
14 911
0 552
6 318
26 208
4 719
27 669
0 381
22 870
14 921
5 498
6 559
15 483
13 750
12 592
1 800
13 813
10 429
7 512
9 964
23 803
28 985
23 753
28 211
28 797
0 963
19 286
18 385
24 523
27 316
26 578
10 356
6 749
11 658
24 214
27 682
11 537
28 403
11 790
22 627
6 815
4 676
16 369
14 756
27 691
18 598
11 319
17 717
9 670
15 273
0 981
22 496
14 235
5 498
29 254
7 367
18 826
7 983
6 504
3 537
1 515
4 255
4 935
25 945
6 759
21 696
29 873
3 387
4 865
25 493
17 563
16 965
28 907
22 475
11 677
19 210
19 639
11 290
2 445
27 659
11 664
7 831
23 989
18 570
5 311
2 944
2 433
15 244
24 318
27 952
3 995
20 280
0 859
7 744
5 263
28 318
0 324
6 334
19 465
13 693
4 302
5 784
8 366
27 338
8 717
19 355
16 276
10 985
21 414
4 964
16 410
1 834
22 354
1 928
13 934
16 949
2 320
5 217
8 984
12 800
20 493
23 278
4 319
25 321
0 628
24 987
18 467
10 627
13 329
13 630
28 750
14 727
0 477
9 427
27 570
4 725
26 255
12 270
18 996
26 526
22 236
27 495
16 515
0 825
13 960
14 950
9 674
6 498
5 222
22 900
23 600
23 834
10 245
9 202
1 267
19 858
14 844
23 759
14 471
6 538
14 290
29 751
27 390
11 962
10 622
18 621
13 816
5 331
0 402
8 239
3 341
18 753
27 212
20 766
16 372
25 396
20 493
5 288
6 341
14 331
9 711
1 907
21 945
26 528
25 678
14 519
7 543
20 510
29 498
0 629
14 877
3 237
24 969
13 483
13 831
17 608
5 969
24 502
12 481
11 814
1 814
9 764
4 226
4 273
13 961
3 582
25 307
17 379
22 504
0 534
12 982
16 900
26 606
27 379
5 690
5 660
17 993
14 487
9 508
17 544
9 783
1 601
25 680
13 249
4 505
27 887
22 969
5 798
25 994
8 981
4 591
18 657
18 702
1 639
