1000
2 994
27 803
29 934
17 812
26 252
0 522
21 430
22 708
27 881
26 774
17 564
26 281
15 330
20 645
22 676
5 398
2 463
24 418
27 831
24 545
15 313
20 896
10 730
2 675
25 802
6 529
20 637
5 948
21 674
16 821
7 689
3 598
4 584
3 821
23 573
7 802
7 299
18 393
2 824
24 538
18 874
23 238
1 376
19 761
15 909
23 523
4 776
20 794
3 925
14 772
29 576
2 607
24 995
7 771
3 914
5 823
29 492
10 707
7 210
24 541
23 554
21 440
15 810
28 539
12 308
23 306
6 272
17 540
29 225
10 252
24 823
21 344
5 457
17 925
15 383
6 796
22 872
6 555
11 735
8 374
25 220
6 493
1 792
14 612
17 867
25 643
0 792
19 595
18 256
29 315
20 629
25 957
20 800
8 292
29 530
0 328
0 269
6 629
23 263
16 822
16 935
3 834
28 982
29 602
7 394
12 217
19 456
24 684
28 919
6 770
10 475
11 742
28 449
26 508
1 349
17 484
23 991
14 994
14 932
17 574
1 527
9 240
0 416
13 752
16 250
21 878
19 511
25 924
16 496
25 952
13 506
10 726
10 432
17 787
15 550
23 794
29 839
13 458
12 710
4 739
2 677
18 419
3 906
12 414
21 982
29 203
15 460
14 653
1 489
9 664
6 407
9 214
17 293
27 927
25 616
1 396
1 275
24 847
27 939
5 973
17 806
9 875
25 271
0 371
3 291
10 561
23 698
6 943
5 420
6 895
19 833
4 679
26 871
16 317
8 896
15 468
1 925
19 223
14 388
2 320
8 632
10 736
17 348
25 809
4 463
5 437
28 242
28 375
2 351
6 993
8 610
17 762
3 923
21 375
12 781
3 311
12 937
28 485
21 638
26 279
14 511
23 569
17 251
19 856
11 706
16 212
22 314
14 899
19 273
23 981
20 738
26 331
2 636
16 257
5 612
5 460
11 431
0 995
29 442
27 562
29 698
16 351
14 755
2 289
28 873
27 728
11 371
23 248
22 301
5 282
29 948
24 733
3 998
14 264
26 878
3 762
2 644
16 603
22 343
21 223
7 454
8 948
2 956
10 275
23 217
28 741
6 265
20 878
2 778
9 904
9 650
11 295
6 914
27 966
16 222
11 484
15 697
23 659
4 308
18 301
16 925
2 994
0 949
19 708
25 830
6 349
19 685
23 543
22 464
21 495
6 665
14 423
11 965
7 275
13 728
26 222
1 489
14 759
10 730
15 732
3 558
21 325
27 348
5 514
16 733
26 582
16 913
5 648
8 369
26 686
25 477
13 403
4 595
1 741
26 362
8 641
17 736
2 393
1 969
0 817
25 740
12 238
17 423
8 390
18 385
3 555
1 602
10 799
26 947
18 520
25 393
15 452
16 692
6 569
16 555
25 213
20 421
29 673
25 334
7 729
8 851
16 272
11 381
19 331
20 315
21 734
7 500
22 516
10 804
1 557
18 705
7 240
10 316
23 824
8 367
21 742
2 202
10 404
4 770
19 615
6 200
7 431
22 722
3 987
11 384
5 217
29 861
14 430
2 979
26 1000
19 924
5 321
22 893
25 539
21 201
2 724
13 889
7 348
19 251
5 546
27 229
21 741
18 510
21 546
1 543
14 333
9 765
18 773
29 681
11 835
16 415
0 281
29 559
5 662
25 732
16 241
24 605
25 673
10 853
12 853
2 852
7 462
4 970
25 956
22 967
25 256
29 919
17 775
11 886
20 416
16 632
22 959
15 931
1 830
18 892
3 367
25 911
29 508
14 961
14 212
10 401
24 597
25 269
11 513
24 273
20 542
3 381
23 724
14 635
17 716
27 247
1 757
21 354
28 863
18 284
12 456
20 615
24 564
6 845
1 683
14 429
16 513
25 714
19 667
22 258
16 476
22 660
6 977
27 235
15 602
9 681
14 707
17 590
13 719
22 708
27 228
1 264
17 384
28 775
16 334
3 840
19 820
12 868
29 208
22 359
29 976
20 900
7 522
8 908
24 523
10 257
27 342
6 893
23 351
6 300
12 496
20 519
9 242
21 206
20 385
8 895
6 339
13 323
4 266
1 847
7 446
10 356
3 606
18 723
22 501
29 925
9 651
12 234
19 243
16 263
20 325
17 502
18 318
26 314
16 200
8 911
6 904
8 356
4 812
4 411
0 397
10 737
2 328
10 497
3 202
16 681
8 711
1 629
3 812
7 574
22 990
15 603
14 315
3 607
1 663
2 924
13 987
7 893
24 589
17 438
8 824
5 863
17 826
9 387
17 543
24 406
24 568
28 277
5 424
10 277
10 310
15 243
10 495
2 638
13 631
16 719
5 495
14 640
4 656
2 374
8 804
23 382
13 567
12 858
29 580
18 368
5 341
1 281
29 839
6 999
11 580
17 338
13 659
21 984
2 691
8 551
28 724
11 707
8 927
20 530
8 233
1 664
5 602
29 591
10 536
16 609
5 510
16 475
21 370
26 650
18 496
24 551
13 671
18 852
29 218
3 618
16 739
5 571
26 371
14 294
17 590
15 980
0 718
1 513
4 744
1 513
14 578
18 698
17 978
5 845
26 954
27 784
0 295
14 888
17 596
6 347
13 810
15 548
10 881
25 628
8 286
21 442
19 290
10 207
29 322
25 464
15 737
29 235
3 559
12 536
27 749
29 387
15 845
21 915
0 264
16 347
2 200
17 401
9 509
26 931
0 433
2 424
2 912
20 471
29 755
0 919
26 620
6 759
14 637
28 644
25 951
25 536
14 531
27 399
15 909
24 485
20 499
18 626
9 628
25 683
17 923
19 495
27 968
5 460
5 577
26 810
5 946
4 884
19 799
20 820
15 374
23 726
11 913
14 951
27 311
15 547
29 844
18 498
25 705
20 265
1 918
21 384
27 207
4 591
28 826
4 453
16 928
16 949
17 448
29 714
17 388
13 344
26 780
20 242
23 522
25 667
14 310
8 962
12 984
22 868
8 725
6 247
21 431
0 586
4 513
18 442
1 621
19 838
11 638
13 220
29 221
3 531
23 249
25 748
22 756
15 390
27 666
6 753
8 571
8 622
19 518
14 223
25 308
8 773
27 697
12 272
7 482
3 750
4 759
25 507
24 367
25 524
21 942
4 809
20 337
3 790
13 227
11 522
13 323
27 231
8 895
15 227
4 755
14 292
14 272
2 711
18 659
4 974
23 540
22 314
5 280
26 445
26 851
6 555
7 766
0 880
29 620
14 201
24 821
16 666
1 240
14 281
5 913
22 546
5 577
14 811
23 905
12 459
9 474
23 577
20 643
13 982
2 397
28 618
1 224
18 244
11 943
8 648
13 736
3 710
26 321
10 668
7 359
11 777
7 774
4 385
28 813
11 593
18 863
15 257
14 686
11 713
26 463
14 261
20 405
1 564
13 877
17 944
27 231
17 690
2 363
3 618
5 635
14 524
4 247
24 463
12 334
15 828
8 721
26 853
15 320
13 449
13 608
24 731
26 876
2 531
0 239
16 816
22 878
26 642
12 304
24 829
22 444
27 253
29 873
11 472
24 265
4 319
10 919
16 381
10 269
14 243
28 690
23 216
20 354
22 557
22 473
20 660
13 439
29 207
26 605
13 442
16 986
19 809
18 262
21 732
5 942
25 997
13 637
2 387
4 488
22 986
1 744
7 364
26 955
15 250
29 526
16 876
17 385
26 403
11 621
3 212
12 301
19 206
24 213
15 999
4 972
7 691
17 207
12 982
23 528
20 752
13 884
17 803
8 860
11 844
18 942
17 630
13 213
25 640
24 443
16 775
6 279
2 364
17 395
24 574
4 788
23 482
2 890
9 502
13 968
14 621
1 905
0 578
9 903
2 254
9 939
2 561
12 548
5 555
16 463
18 980
22 249
17 452
14 383
26 210
1 714
7 885
10 316
27 208
0 591
21 242
2 751
27 431
25 549
20 332
27 864
22 728
1 807
19 961
8 419
9 646
6 948
7 343
15 981
1 709
17 549
10 632
0 667
28 812
28 960
27 368
19 455
15 387
20 759
22 402
8 912
14 387
2 465
4 493
7 332
10 945
27 607
15 679
25 489
8 614
18 417
12 447
29 950
18 659
3 795
10 990
2 934
9 702
8 392
28 278
15 309
28 333
1 949
27 784
22 334
20 499
14 698
18 610
26 978
16 321
7 279
11 340
16 493
29 480
4 488
29 635
4 520
25 322
0 414
28 221
19 273
11 413
13 871
20 451
1 779
3 971
25 923
3 684
27 855
8 704
6 926
10 315
8 290
19 550
10 416
26 868
27 278
13 205
27 439
15 268
26 209
18 578
14 885
11 794
6 661
24 754
0 745
28 990
16 343
11 881
11 985
25 264
12 322
5 534
8 568
19 368
5 373
14 913
26 385
16 533
7 919
22 916
18 371
29 221
12 438
10 882
18 338
21 682
8 299
21 834
14 282
1 524
9 317
18 348
28 998
8 859
27 707
16 770
3 557
