1000
11 226
28 928
17 363
5 840
4 409
21 771
17 294
20 397
7 526
26 612
21 363
5 905
24 882
0 308
4 288
14 993
13 844
16 935
26 610
9 534
11 832
17 547
5 779
0 347
29 887
14 342
26 442
23 744
11 776
19 499
18 591
2 368
8 837
0 358
18 900
3 518
23 205
25 844
21 456
22 285
28 982
11 506
4 354
13 870
18 665
11 752
20 520
10 272
12 993
17 319
0 260
19 707
12 469
9 876
16 979
25 890
15 593
20 484
24 868
14 490
2 815
26 217
29 273
15 981
4 856
22 928
24 373
7 882
9 203
26 475
11 836
16 796
10 384
20 827
16 810
11 222
8 844
28 789
11 905
26 975
18 394
29 700
23 300
13 233
11 294
13 431
7 271
16 976
21 454
29 209
24 697
10 958
17 601
6 509
29 648
21 932
4 443
2 890
1 589
27 361
10 804
6 407
2 778
3 911
11 664
2 885
23 247
5 928
24 910
6 498
29 371
24 425
9 325
1 313
24 754
19 319
1 618
21 237
14 425
2 665
29 900
0 866
23 262
1 281
16 979
29 230
27 460
2 371
8 772
27 500
6 421
3 304
5 526
24 985
28 885
26 487
11 542
1 257
27 346
5 448
13 297
4 485
8 241
22 538
29 446
18 383
25 579
7 976
28 282
14 377
20 868
11 567
18 888
2 794
15 900
4 813
12 271
25 642
29 931
27 453
8 783
24 307
23 752
17 302
0 651
23 900
19 337
7 850
27 886
24 996
20 690
12 764
19 888
29 254
20 212
17 204
5 257
16 764
11 446
28 675
20 700
1 889
1 918
6 871
5 802
0 610
25 840
23 392
20 907
15 569
5 769
10 874
0 801
28 689
22 793
5 392
12 980
19 373
19 698
14 387
25 746
29 465
22 871
29 931
21 228
17 843
12 616
18 786
12 522
9 890
11 741
1 238
24 282
14 227
8 577
22 942
15 962
18 612
14 573
10 298
3 762
24 971
6 239
6 429
19 521
26 428
24 528
27 866
2 498
3 262
8 379
20 763
24 691
2 794
11 349
9 818
2 460
12 305
3 992
8 778
28 643
16 332
1 522
2 290
22 904
3 514
15 441
0 212
21 392
27 625
4 878
28 424
8 395
1 725
20 293
17 675
22 655
18 770
16 559
27 756
21 740
9 312
9 998
19 743
22 686
26 389
10 291
15 641
4 975
6 333
23 755
26 670
28 983
6 456
5 646
20 368
17 793
13 662
1 877
13 998
20 214
0 274
17 512
24 746
0 907
1 634
16 251
11 802
11 799
9 366
2 647
9 384
17 211
17 671
22 902
19 357
27 545
6 657
25 757
15 874
23 204
26 595
15 775
0 827
1 365
18 905
6 643
14 953
4 659
20 587
0 862
17 997
28 784
28 721
14 656
19 236
16 548
23 376
3 432
8 936
20 789
0 489
0 605
9 504
6 962
12 934
10 259
21 853
26 300
13 810
7 646
5 786
12 301
20 504
2 210
1 404
19 889
12 874
18 229
0 236
13 493
4 310
6 477
16 487
29 215
14 240
6 358
17 325
1 231
5 305
2 792
11 548
24 870
0 846
23 700
26 636
8 810
12 865
10 940
13 564
6 445
4 498
6 781
0 767
19 241
19 936
9 678
13 693
15 764
22 428
28 463
23 746
3 312
14 690
7 936
25 606
9 663
12 995
24 934
5 598
2 783
14 537
4 265
22 433
19 276
20 391
26 334
24 721
13 463
12 767
23 907
7 276
24 824
29 249
3 723
13 841
17 595
16 828
23 210
14 307
4 882
17 419
11 764
0 874
18 305
3 209
0 245
25 908
5 669
24 284
14 831
15 877
11 598
3 887
11 755
29 848
21 821
8 702
3 935
19 257
18 726
9 842
11 256
8 742
14 677
6 899
11 318
1 615
2 542
7 362
28 668
29 304
17 402
3 211
28 563
9 720
6 746
8 931
10 648
0 748
8 769
15 461
13 443
29 320
24 289
25 422
6 234
26 729
16 713
20 961
27 301
24 584
9 510
26 937
10 222
28 933
4 288
7 627
18 786
17 662
12 221
6 813
12 227
7 413
8 399
23 949
10 609
1 813
29 660
2 261
12 445
1 367
5 590
15 225
11 442
24 815
20 907
29 993
3 240
5 460
11 494
13 472
4 653
1 762
10 490
24 383
19 863
24 343
17 319
9 882
25 325
0 387
15 337
28 279
8 670
15 458
27 978
5 863
28 907
1 799
28 364
18 840
4 326
3 739
8 848
2 248
4 891
9 863
8 802
17 762
20 842
5 320
4 745
24 862
9 373
23 372
4 549
19 794
23 701
21 374
15 951
13 588
20 440
3 978
26 604
25 898
28 302
23 217
24 915
23 705
23 523
7 546
21 945
12 782
8 393
10 955
17 814
6 988
2 609
20 657
13 976
20 270
18 682
17 799
10 594
20 380
4 259
0 740
25 609
25 993
0 284
14 315
9 935
25 604
15 527
7 807
13 706
0 385
27 457
1 842
9 413
2 862
25 244
25 454
27 209
22 410
13 943
23 695
7 727
23 791
10 985
25 393
17 579
2 231
29 332
19 675
14 924
27 971
10 313
11 963
28 333
1 616
11 318
18 653
1 555
23 319
2 374
29 416
4 707
15 618
0 924
19 542
28 461
18 371
27 351
4 704
8 893
7 205
3 366
18 432
0 447
0 520
20 840
6 559
28 582
27 639
19 802
4 822
8 391
28 527
1 307
11 256
24 574
16 906
14 271
0 782
14 959
2 655
14 916
19 246
23 665
16 330
13 854
27 498
28 270
12 934
16 531
26 960
11 223
6 925
15 248
5 345
9 499
19 610
23 691
22 463
13 336
1 769
15 354
29 818
25 390
4 722
5 430
27 270
12 975
19 780
5 878
20 602
19 503
18 607
17 278
23 966
27 893
12 355
3 927
0 478
4 450
0 637
22 215
21 770
23 560
16 373
24 594
21 575
0 786
7 709
5 885
6 736
15 461
23 949
9 571
14 752
17 918
21 525
4 615
14 299
5 928
15 769
1 935
26 636
27 524
22 874
17 705
14 979
8 351
26 252
24 917
6 578
12 290
27 746
19 831
10 766
3 604
6 573
7 322
12 931
23 686
10 933
15 426
13 329
20 994
6 483
10 299
2 368
15 898
7 372
3 501
17 619
22 723
27 323
22 834
4 204
1 770
19 225
4 361
6 600
12 935
26 319
13 359
21 725
2 409
22 923
28 654
23 897
17 336
1 761
1 302
8 620
8 314
0 451
12 720
14 813
24 630
19 366
5 459
3 374
20 531
6 399
9 659
10 501
17 682
27 940
23 394
10 925
10 432
29 360
4 604
8 959
1 405
12 294
2 560
23 277
6 631
19 328
28 614
7 577
6 487
22 258
26 741
16 562
17 737
15 235
16 367
10 259
15 978
12 606
29 700
18 648
0 391
20 304
9 844
20 372
18 626
25 760
22 737
8 633
20 523
12 289
10 560
25 402
21 612
0 814
22 543
29 701
22 453
19 968
11 606
14 283
17 237
24 531
25 861
25 224
8 503
0 781
27 341
21 256
25 664
2 359
10 759
23 807
21 893
6 740
11 646
4 649
23 639
11 750
8 332
3 265
2 311
24 758
6 810
9 924
21 476
16 436
3 450
13 749
5 617
0 845
6 316
10 628
28 420
22 968
12 650
25 723
24 404
4 870
28 448
26 422
25 779
0 650
1 772
1 865
24 366
26 647
15 603
22 792
9 512
15 819
20 759
21 354
16 444
28 384
20 758
17 866
3 521
17 233
6 809
9 826
5 884
23 251
18 922
29 429
0 620
6 420
28 624
29 777
8 263
14 300
24 795
8 836
6 764
14 401
27 972
11 771
27 676
12 708
24 887
14 895
3 949
13 866
8 882
3 836
14 588
22 959
8 814
25 463
13 787
23 886
3 592
26 521
26 372
11 802
26 949
16 909
7 405
29 268
18 857
25 739
29 503
10 579
8 667
29 770
16 825
9 258
21 960
5 311
7 849
6 376
4 980
12 743
22 928
20 353
19 262
27 203
27 273
12 446
12 926
8 647
25 802
12 734
2 798
18 949
12 572
13 237
10 881
16 484
26 412
13 575
25 465
0 723
12 475
12 521
0 766
1 514
2 798
4 580
20 446
28 723
29 924
16 934
10 302
9 375
25 844
25 221
27 645
5 961
20 553
6 440
5 998
24 600
11 899
29 590
15 557
9 659
14 731
19 702
1 894
19 328
17 541
20 417
17 900
29 665
25 430
17 515
11 919
27 872
16 762
2 886
22 892
27 728
29 411
15 516
27 368
17 996
8 920
13 791
24 994
28 632
10 562
18 441
4 824
17 647
29 268
26 426
20 827
28 676
16 486
28 431
4 526
7 555
10 649
23 796
16 610
3 650
1 857
1 292
13 939
3 889
17 718
0 295
24 528
18 349
10 357
9 453
1 251
0 979
5 855
14 954
28 954
1 533
