1000
15 420
18 614
20 593
17 539
8 263
15 869
4 656
29 718
9 223
5 825
11 926
29 992
15 860
10 296
22 508
13 358
0 800
29 616
28 839
17 204
8 660
17 659
29 622
20 483
17 320
24 342
27 428
6 691
23 248
4 322
14 846
16 969
5 437
26 427
24 359
24 898
18 544
19 364
9 268
1 741
16 909
21 475
0 960
10 866
28 856
4 535
25 299
25 775
10 633
7 473
23 364
29 690
16 985
21 803
9 817
3 236
1 271
10 774
25 917
19 458
25 523
13 802
24 871
28 318
1 269
20 701
29 293
22 979
5 244
16 711
11 600
27 751
27 490
3 347
15 907
7 501
20 249
20 568
15 915
23 488
0 969
25 752
24 544
11 960
14 747
24 850
29 457
1 955
15 807
17 535
9 602
0 590
2 935
23 529
23 328
4 732
18 855
18 368
27 556
13 808
24 759
17 588
25 967
20 505
2 277
20 480
27 790
5 480
24 870
10 934
1 700
21 464
1 335
8 263
28 300
21 425
24 766
11 459
19 365
13 258
14 630
25 411
4 606
17 259
20 345
0 323
8 668
22 553
25 872
18 873
14 648
11 368
13 982
13 987
8 619
2 494
1 994
24 900
9 625
12 217
14 670
14 452
18 889
3 934
24 319
17 286
12 338
1 202
8 985
2 516
10 752
10 754
12 212
11 272
17 628
14 994
9 353
12 396
13 569
11 378
10 569
12 740
22 693
0 637
18 371
0 660
9 296
8 886
4 692
22 419
28 736
20 437
23 598
9 834
7 668
13 892
27 426
20 644
12 787
23 266
0 863
5 354
6 716
25 618
26 600
24 697
0 362
22 447
11 752
12 996
20 617
0 489
11 841
24 519
7 288
3 753
26 487
7 676
19 401
17 631
4 558
25 825
18 941
13 950
7 229
28 793
22 301
8 602
6 760
2 280
27 719
6 219
11 564
5 225
1 449
23 476
17 871
16 515
16 499
0 369
23 897
10 848
10 648
23 328
18 754
21 987
7 841
11 502
22 274
11 889
9 803
11 363
2 956
0 404
21 226
18 344
1 997
25 440
13 913
28 614
9 434
24 923
23 308
13 330
24 836
23 280
14 586
27 553
6 827
5 356
12 875
3 693
27 962
9 406
1 536
2 416
1 912
5 546
29 711
27 909
3 610
28 953
28 621
6 734
9 395
27 267
0 272
25 442
0 325
17 368
20 426
17 322
5 496
5 993
26 554
13 500
19 758
23 267
16 594
25 490
29 220
11 402
0 822
13 634
15 613
15 688
1 874
10 929
17 998
11 270
0 835
24 595
25 798
2 563
14 948
8 267
7 706
3 970
29 832
3 251
11 500
9 227
14 641
19 850
24 601
14 221
24 786
23 330
8 427
5 850
9 965
7 326
17 721
0 987
15 653
23 355
11 341
9 220
8 479
15 998
2 879
4 926
21 420
25 539
5 769
8 790
4 691
22 290
23 730
3 565
0 455
18 652
13 713
13 805
28 348
2 932
10 216
17 888
22 809
27 703
16 401
6 622
27 845
21 412
24 539
29 856
11 244
28 984
9 428
13 247
19 286
27 273
24 605
12 842
23 819
28 632
13 770
15 376
22 358
15 684
5 501
12 390
28 230
12 459
18 651
19 303
3 565
24 797
10 861
11 449
21 427
23 982
13 545
0 690
0 320
16 368
15 946
13 833
21 854
5 344
15 826
19 702
12 981
15 830
7 674
8 706
20 205
5 536
15 564
6 790
19 387
18 708
7 578
4 572
25 431
20 507
21 676
20 273
9 947
27 443
24 406
21 485
20 916
9 904
0 816
2 274
15 582
22 864
15 907
20 342
18 965
29 575
2 792
16 885
8 922
14 593
12 738
17 895
28 801
23 771
15 252
9 710
9 231
18 739
21 568
28 939
8 474
22 296
25 318
23 907
12 650
1 837
8 598
23 788
1 357
5 381
27 737
7 912
2 664
14 468
19 968
18 577
26 855
28 412
7 253
28 922
17 952
4 703
28 730
11 384
2 877
23 881
23 867
5 224
6 758
2 667
18 990
25 299
13 768
24 402
28 697
3 439
18 747
18 462
17 591
22 823
22 743
7 561
24 744
2 929
26 443
1 317
25 830
11 827
15 400
26 905
18 773
28 793
26 911
15 555
28 650
5 570
27 966
16 850
10 353
8 570
9 394
16 855
22 590
12 375
21 405
13 877
15 713
1 438
12 882
19 321
16 863
0 344
11 517
6 212
1 424
10 495
16 405
24 678
13 853
20 421
29 478
11 986
11 406
21 990
4 632
27 535
2 577
28 940
20 842
23 681
18 339
29 640
14 952
2 381
22 581
28 717
25 835
13 262
21 367
17 715
27 586
17 573
3 626
18 276
6 627
29 874
4 790
10 480
29 581
9 924
13 523
8 971
21 231
7 995
10 958
15 914
1 210
16 734
12 929
12 730
8 793
1 545
4 647
6 456
29 676
13 391
12 598
26 806
27 560
0 895
1 745
9 352
23 533
2 342
27 628
13 304
20 241
12 981
25 351
6 490
27 214
13 383
28 280
28 959
27 982
9 667
4 214
2 234
7 911
15 952
28 486
1 889
15 206
19 914
7 614
10 898
19 522
17 389
20 592
26 514
17 408
5 479
13 623
27 265
0 782
4 410
2 850
2 761
8 262
8 252
10 774
24 216
17 655
25 755
14 214
26 957
23 410
1 739
11 775
2 858
17 584
11 218
22 802
1 852
28 226
4 991
7 243
29 827
27 287
22 313
22 702
7 357
28 800
24 659
19 400
20 724
18 348
23 819
21 874
16 748
9 563
20 723
9 589
11 301
15 711
24 400
26 872
25 731
12 674
19 270
6 270
6 268
3 771
8 695
21 436
14 807
21 728
26 632
10 401
19 607
6 558
5 482
26 924
25 241
2 350
16 271
3 308
0 495
2 378
9 460
3 985
13 313
29 528
26 702
14 200
0 850
0 370
15 221
20 588
25 289
11 339
28 853
14 882
15 694
23 786
10 783
10 752
10 929
1 414
10 398
21 613
28 614
16 412
27 640
24 937
4 449
7 351
21 629
23 298
9 468
6 662
27 708
26 755
9 644
10 547
0 296
10 569
25 807
24 805
21 800
4 519
25 665
17 696
25 670
22 687
17 435
1 229
8 574
21 603
7 342
10 367
27 511
1 457
6 945
9 917
7 914
18 263
27 634
7 322
10 538
22 660
15 973
25 826
26 230
9 381
10 618
15 811
15 345
10 444
4 765
21 858
27 267
11 506
3 667
13 581
29 506
17 504
16 545
2 597
11 808
9 469
15 974
19 225
25 572
11 743
5 583
16 885
6 594
19 968
15 866
25 559
14 326
4 347
14 326
1 306
10 671
25 648
21 770
22 279
18 445
20 330
17 739
8 535
26 1000
23 249
20 641
27 852
7 300
18 259
8 439
18 561
28 221
18 312
8 571
10 751
9 574
8 303
11 943
7 879
29 205
9 356
28 779
10 729
17 345
19 608
19 771
20 590
27 452
24 529
15 273
25 209
1 280
11 471
22 276
4 537
10 750
10 717
11 274
21 701
7 538
17 826
17 719
15 864
2 390
14 624
10 227
10 399
18 216
4 440
8 864
21 385
2 705
29 642
26 447
22 219
10 364
10 850
11 743
28 357
22 377
5 306
29 406
10 537
26 985
23 340
14 923
22 372
0 526
11 745
27 560
5 786
22 544
11 556
15 578
18 336
16 392
28 381
20 301
0 720
26 534
12 820
20 571
16 260
1 776
1 794
29 569
26 231
19 718
29 951
22 873
27 564
22 668
18 622
6 994
3 999
16 461
19 880
3 483
14 814
21 243
11 981
16 743
5 558
2 424
24 846
17 253
3 448
15 220
16 283
19 513
0 256
25 598
1 924
10 710
5 479
22 780
26 459
0 746
7 321
20 1000
0 827
7 312
10 254
1 702
10 491
24 904
13 638
24 493
4 365
20 985
27 513
0 637
3 361
15 470
24 341
17 550
23 681
6 839
25 575
17 455
27 713
1 574
3 455
16 592
6 409
18 890
12 951
1 277
17 700
7 547
9 854
3 432
5 688
25 770
7 251
24 265
3 681
22 793
27 923
17 420
0 934
6 392
11 924
0 972
22 680
27 945
3 414
28 527
8 572
7 510
12 302
10 549
8 488
1 854
26 589
7 359
23 800
21 885
12 211
12 486
24 288
17 587
23 211
11 878
25 462
6 726
6 999
2 822
5 595
28 937
20 686
17 238
9 797
17 222
10 638
25 964
29 733
18 322
16 487
29 357
6 938
2 667
10 652
8 593
18 973
3 766
24 672
4 940
14 372
3 858
12 736
3 791
28 572
14 773
29 339
3 441
11 847
26 782
17 487
0 503
26 531
17 790
18 513
27 900
3 607
23 383
2 869
10 275
27 391
11 433
9 265
18 321
26 235
1 449
2 356
3 374
2 869
4 611
28 270
26 875
20 353
11 256
8 854
0 210
