1000
28 874
20 426
3 375
29 846
15 400
5 531
7 350
25 396
15 226
8 918
5 526
0 506
13 845
0 214
17 484
24 661
3 492
16 472
24 961
0 998
8 201
16 595
14 383
9 911
3 538
17 741
27 544
14 467
11 402
26 734
21 898
1 522
0 363
10 279
3 528
22 316
3 331
16 841
12 714
26 413
29 809
7 692
18 227
2 375
20 586
2 505
12 810
15 573
27 899
24 873
25 447
15 219
27 349
29 582
5 712
8 869
16 314
6 914
1 569
7 728
18 362
5 431
10 299
3 470
1 737
12 613
8 645
10 480
22 489
27 533
27 764
21 782
1 820
16 623
23 393
21 749
3 871
9 503
28 431
0 785
10 573
6 410
28 754
17 851
2 656
16 813
2 353
5 597
29 903
4 336
2 749
10 291
23 796
23 793
12 681
2 304
24 363
14 494
23 911
21 330
28 801
21 857
29 678
23 339
1 723
29 950
14 397
0 858
13 694
2 450
29 549
3 306
12 720
9 793
7 977
17 979
13 668
29 523
6 863
29 557
3 668
10 765
16 919
14 746
6 668
4 768
14 915
22 599
23 599
0 936
8 546
18 487
18 692
26 970
17 649
4 965
4 431
13 484
3 367
27 290
3 927
5 929
13 952
8 929
19 947
28 719
15 559
2 223
10 574
16 404
7 906
10 249
6 369
13 884
23 275
26 255
2 663
26 646
23 913
29 509
29 557
1 895
7 602
3 311
16 778
1 853
8 737
25 531
8 830
6 997
7 823
13 906
26 927
11 286
23 405
29 412
23 494
14 918
15 441
15 516
2 847
20 716
4 900
5 614
8 729
23 599
4 456
28 300
8 807
28 921
5 647
29 569
16 543
19 403
10 505
13 684
8 318
0 595
20 933
16 294
21 296
24 917
23 221
16 816
8 315
3 672
28 484
6 364
3 531
19 328
21 471
8 956
20 893
22 884
26 705
1 713
27 577
28 720
5 987
9 626
10 656
28 956
5 521
1 957
8 503
9 823
23 441
23 368
21 630
29 913
20 934
19 729
14 332
24 729
6 697
11 912
2 586
6 321
19 576
11 822
25 386
16 762
22 722
1 910
20 413
22 941
18 367
17 426
29 214
6 658
17 401
15 852
18 542
0 581
22 711
3 511
5 765
29 410
1 598
21 506
27 677
12 298
7 431
24 981
7 530
0 588
13 561
22 412
26 396
18 638
13 585
13 809
9 380
9 572
0 946
5 417
8 565
16 961
27 829
26 876
25 328
15 453
29 261
26 701
7 570
5 312
0 509
10 801
18 431
10 655
5 941
4 201
4 723
29 203
12 896
0 926
0 321
15 839
26 484
21 589
6 322
14 747
22 994
25 350
27 201
10 415
28 927
21 292
2 414
27 748
2 895
8 739
19 673
18 506
13 486
22 390
11 591
27 311
27 931
3 866
11 535
3 207
8 333
4 509
12 286
1 533
20 790
17 746
13 399
12 207
13 810
26 379
26 449
24 651
29 262
2 909
12 637
3 684
24 354
9 535
19 865
26 768
4 981
8 230
0 648
28 545
16 853
20 260
0 919
11 917
0 762
0 292
0 545
12 697
9 459
18 385
4 961
18 760
29 497
26 945
25 282
6 751
19 270
1 580
6 912
8 926
8 591
25 805
23 949
10 961
18 700
19 342
1 722
23 688
17 823
16 352
28 400
26 584
28 651
19 597
28 611
0 910
23 985
24 400
15 633
18 345
28 959
25 786
0 845
29 576
5 552
26 293
16 650
27 648
26 270
18 597
12 817
25 547
15 449
9 987
17 466
10 816
15 394
4 342
13 351
27 781
29 239
1 545
15 741
14 789
0 770
0 999
22 514
29 988
14 318
2 819
15 476
11 930
17 813
3 270
5 277
9 837
1 343
11 954
21 903
15 225
16 928
27 963
11 957
18 903
11 248
0 916
1 580
19 794
8 551
16 718
15 531
24 235
19 252
11 557
0 783
28 647
0 240
10 560
16 567
14 655
6 994
28 536
28 746
8 388
21 858
27 761
7 798
19 327
14 542
1 469
22 334
14 739
6 953
22 670
19 491
18 743
8 206
12 568
24 962
25 617
28 817
21 679
20 442
24 450
15 238
1 882
0 942
25 630
4 735
19 251
26 754
10 596
0 326
20 845
29 581
28 241
12 496
26 412
15 996
19 423
28 960
17 792
24 569
2 931
13 592
15 954
25 622
20 902
20 319
4 438
19 571
7 303
2 437
2 618
3 485
7 883
29 986
12 723
15 878
8 262
22 756
4 347
20 863
2 352
22 614
5 464
3 771
18 379
13 428
24 978
10 447
26 651
6 476
18 723
22 684
1 248
21 516
4 888
10 645
29 751
7 719
0 731
3 941
3 731
1 260
11 597
29 350
6 630
20 763
10 844
3 827
13 555
9 466
25 902
0 244
6 616
20 860
11 854
6 649
11 896
11 427
8 487
28 241
1 708
0 991
13 519
2 351
18 368
13 525
18 332
16 242
4 372
14 679
27 630
3 490
28 275
11 240
10 874
18 540
1 750
12 890
26 969
4 884
9 411
7 845
15 245
17 420
17 504
27 663
10 748
2 709
9 725
18 290
13 916
8 858
16 525
1 941
11 796
8 275
21 447
9 405
29 229
10 368
1 808
20 299
9 717
21 697
18 669
6 455
13 382
4 701
6 552
1 996
28 310
11 945
2 354
8 477
14 972
15 794
7 762
27 913
16 356
3 221
6 698
14 528
0 833
27 655
2 685
24 475
18 232
26 559
19 566
25 793
14 270
12 665
26 378
8 411
13 566
20 745
22 439
1 256
10 304
3 881
19 649
21 271
25 655
11 865
1 872
6 381
13 891
24 640
15 869
4 358
5 560
10 238
2 607
23 458
7 634
20 683
20 502
10 666
8 415
7 200
23 665
23 433
26 539
24 364
3 779
7 986
18 874
14 250
27 930
16 387
10 565
26 711
6 484
22 220
20 844
18 502
27 769
22 285
1 931
23 528
26 977
28 487
5 513
28 463
19 683
18 251
18 557
1 563
14 634
11 280
5 357
26 583
3 920
26 805
26 693
5 618
13 645
13 641
27 613
8 899
2 844
13 369
3 559
5 585
8 227
6 887
18 970
13 434
11 841
27 795
21 986
1 742
0 375
11 905
1 675
21 368
19 333
3 598
16 589
24 212
27 232
28 565
10 463
3 727
8 648
25 433
25 525
21 321
26 884
2 665
17 257
5 865
26 386
14 443
22 563
29 491
4 811
25 422
6 547
27 459
14 636
13 501
27 387
10 312
28 764
21 697
13 442
10 844
18 524
28 504
12 744
27 598
14 613
19 874
3 783
5 973
1 230
12 405
20 435
6 217
2 319
11 723
21 611
26 443
29 496
0 834
5 319
5 475
4 563
1 993
4 732
15 391
14 743
17 942
18 765
14 942
29 895
26 224
23 648
21 290
25 957
23 805
19 857
16 686
4 202
19 786
21 835
23 971
17 275
22 741
18 632
15 903
16 325
24 469
8 664
22 745
18 813
3 741
8 729
22 994
1 229
6 509
29 670
18 454
4 260
5 383
0 210
24 501
3 250
11 503
6 783
29 785
4 204
19 681
0 710
8 713
16 648
15 369
27 573
9 583
0 967
28 935
25 468
27 765
22 432
13 470
17 436
26 869
18 533
0 775
6 398
3 925
20 845
7 306
27 916
28 680
25 741
5 398
22 312
5 587
15 811
3 990
13 935
17 629
1 372
22 901
10 407
26 702
21 400
11 822
28 394
16 710
26 697
15 666
27 491
25 743
1 371
3 247
2 552
5 438
22 717
20 945
14 283
24 268
3 562
4 757
11 267
24 406
29 846
4 527
22 268
13 927
8 345
9 839
5 856
2 309
1 391
12 949
9 283
25 381
8 484
5 331
28 415
16 229
16 445
24 832
13 951
16 679
15 360
15 336
22 376
16 379
1 716
9 423
14 630
19 510
22 324
2 440
18 524
21 572
1 579
27 927
13 795
15 486
1 677
26 991
1 518
9 816
24 702
6 498
12 794
28 345
6 496
21 617
7 640
18 805
6 294
20 395
23 713
11 619
14 866
25 345
3 252
18 217
20 443
28 821
8 411
21 807
11 900
6 858
22 226
21 308
0 889
2 230
14 904
29 541
11 734
9 787
5 674
0 503
25 585
0 470
21 367
20 983
2 341
16 240
12 522
5 329
5 394
8 273
28 259
2 625
26 997
20 468
15 932
19 225
21 295
28 713
8 453
11 217
16 322
10 254
27 454
11 749
11 428
3 645
25 554
3 987
1 976
25 571
19 857
29 224
20 284
24 595
22 932
5 557
15 336
29 800
21 209
17 823
15 351
0 791
24 837
3 695
4 209
24 662
6 421
18 694
3 796
11 787
9 728
13 463
19 645
13 990
8 956
28 544
24 841
17 530
20 885
21 481
14 636
7 256
2 869
2 413
21 575
6 214
29 769
23 930
15 575
4 718
12 362
