1000
28 831
23 298
12 247
20 680
15 460
8 611
29 668
24 780
19 829
10 321
14 345
21 380
24 848
3 597
20 480
10 954
28 337
3 273
14 288
21 281
3 885
7 456
27 633
13 603
25 518
25 563
8 374
23 704
6 773
5 956
10 282
27 531
19 486
16 901
7 800
27 927
21 957
29 431
29 984
6 384
11 936
17 351
6 359
19 653
27 740
21 405
24 309
7 351
2 1000
21 834
2 415
23 861
16 791
9 368
0 752
14 891
10 438
7 346
1 370
29 880
16 797
21 520
2 387
3 639
11 235
21 336
3 493
11 838
15 739
20 769
17 493
13 623
8 580
4 565
16 360
3 407
20 759
26 706
10 415
10 441
14 585
26 910
4 719
10 563
0 572
6 669
21 599
27 891
13 691
26 568
2 608
9 259
15 503
28 710
5 419
6 410
9 990
8 789
23 821
14 623
19 681
8 305
28 664
29 245
22 582
29 888
28 975
7 226
3 816
29 648
13 431
22 880
17 373
8 830
0 902
17 588
21 487
12 608
0 542
0 503
27 841
20 248
14 259
1 692
21 808
21 830
20 531
23 767
16 728
19 688
6 741
3 778
0 291
24 316
21 200
20 602
22 252
3 226
15 407
14 689
12 786
8 261
13 382
9 484
5 649
20 380
9 785
24 490
8 618
15 527
25 297
8 843
8 275
1 653
7 474
4 528
2 479
24 280
6 480
14 288
25 414
25 456
10 666
23 672
20 557
6 455
16 538
15 680
28 303
28 618
2 938
3 806
7 508
8 370
2 316
13 857
29 424
8 348
15 299
27 857
2 665
3 678
12 628
28 424
28 591
22 527
12 450
22 590
20 450
17 439
9 971
3 223
0 249
16 645
27 541
28 241
3 837
24 261
29 940
12 897
20 939
2 694
19 873
14 309
1 352
20 460
28 560
0 547
14 839
9 629
25 517
3 421
21 874
25 990
29 558
4 370
26 585
25 318
22 779
23 644
26 747
13 441
8 332
2 794
5 670
16 689
13 618
11 534
28 265
17 380
1 447
14 893
19 872
0 355
16 385
29 934
0 261
3 299
23 899
14 998
27 386
17 622
28 704
6 504
15 918
5 845
12 739
27 416
1 711
28 490
20 402
9 820
22 297
29 553
18 268
6 486
2 487
27 713
24 507
21 447
1 330
24 766
1 409
14 741
5 884
1 646
14 356
14 340
1 347
16 612
27 970
21 688
22 413
29 804
18 382
24 574
23 931
28 921
4 738
24 367
12 288
11 941
24 509
19 798
12 613
20 746
27 601
27 697
10 699
3 452
8 893
7 900
1 429
7 867
7 351
2 464
2 580
5 321
0 674
19 613
26 384
27 742
5 710
20 540
2 296
5 984
16 547
16 803
4 287
7 819
12 331
2 940
3 217
9 370
4 239
5 987
21 304
3 726
14 483
27 656
4 386
16 494
16 222
8 709
9 312
6 499
27 527
8 847
24 208
15 262
27 370
6 258
27 644
4 893
17 658
14 994
29 634
10 640
2 638
19 409
14 798
0 849
6 841
24 644
18 479
5 803
23 358
14 720
20 257
29 711
13 983
17 655
6 830
13 449
4 480
6 946
18 265
23 819
20 942
6 359
15 521
6 421
14 451
17 649
16 864
14 259
12 270
25 990
0 407
21 204
20 523
5 269
8 995
27 578
19 411
16 809
6 523
28 385
18 643
8 734
3 857
22 687
3 893
2 909
28 646
2 280
16 911
6 420
8 751
8 539
20 478
15 841
19 998
26 448
29 227
16 381
10 684
9 796
23 723
22 328
10 608
10 211
14 608
0 740
13 997
20 399
26 269
24 726
4 966
6 870
27 923
28 703
21 360
26 527
15 296
29 293
13 382
23 607
11 304
28 730
25 973
11 352
13 316
25 606
24 848
5 640
13 585
14 330
27 918
5 991
11 831
15 633
10 937
21 640
19 784
0 854
19 437
7 223
16 214
27 614
24 640
9 743
22 838
2 811
22 572
4 730
29 751
27 345
29 397
29 496
2 353
0 852
21 417
3 667
5 586
6 438
21 904
11 607
21 895
15 886
6 432
21 258
9 922
29 255
28 691
0 588
27 942
20 783
23 911
12 429
2 777
17 670
2 646
2 422
21 908
6 750
22 714
5 946
27 977
13 397
11 437
28 263
17 444
11 259
20 535
24 867
27 298
6 882
10 627
23 234
13 504
28 955
24 431
9 745
28 620
26 309
11 494
28 829
27 201
12 971
5 688
14 316
18 731
7 666
19 375
16 767
21 681
7 368
19 720
26 629
18 980
18 303
11 507
25 225
5 291
21 457
1 418
7 723
17 496
28 882
8 707
8 422
24 467
25 260
22 457
0 340
20 418
25 939
8 665
6 362
9 697
8 471
11 862
21 325
15 779
12 425
10 396
14 419
29 568
6 809
7 271
21 857
25 518
26 425
12 411
12 765
8 479
3 402
25 742
2 590
0 552
13 979
16 924
18 415
19 960
4 940
2 848
26 972
29 544
13 753
5 459
3 317
24 625
12 375
4 635
16 376
4 461
21 948
3 918
22 944
25 531
2 791
19 737
9 962
0 780
11 708
26 491
6 218
22 551
25 712
0 437
23 741
1 688
29 305
2 228
29 896
8 433
14 785
27 443
17 248
2 705
25 360
12 311
16 582
10 546
22 787
17 588
7 614
27 945
15 200
23 557
20 744
22 262
13 822
16 838
18 503
1 223
13 414
20 819
11 322
21 552
20 527
22 571
19 634
11 618
22 210
5 921
26 297
1 808
20 546
8 458
15 309
2 808
10 623
20 549
16 530
3 768
19 966
18 227
14 859
19 915
4 253
20 526
2 559
8 971
27 856
13 930
20 944
18 412
4 669
2 730
23 246
22 427
9 499
24 667
27 986
27 890
4 757
24 833
21 648
0 783
10 862
29 818
13 841
13 618
6 302
4 509
23 974
26 836
2 593
10 418
14 358
7 640
23 633
3 404
16 817
9 239
3 534
7 891
18 521
16 583
12 471
28 899
10 981
25 230
12 498
4 473
16 951
20 788
28 482
16 761
17 724
29 404
26 827
1 802
1 801
13 619
15 546
18 667
14 486
20 760
16 465
16 480
20 439
14 239
24 696
23 466
29 737
19 929
3 950
22 411
15 609
22 684
17 784
17 289
24 624
0 902
20 682
0 559
5 209
9 669
27 904
13 466
19 931
8 765
22 926
22 902
18 307
8 493
12 242
4 541
24 495
7 958
23 399
25 984
24 694
19 324
2 415
15 297
13 456
26 907
19 934
27 904
25 410
21 944
23 815
2 786
24 361
25 334
1 226
12 764
15 963
1 565
16 928
26 509
10 646
1 930
22 824
10 285
10 686
6 810
7 531
1 248
8 446
18 464
21 544
21 392
20 897
5 385
9 974
15 259
1 235
21 993
3 403
27 996
24 485
9 632
18 856
19 261
19 276
28 481
7 580
0 697
17 292
8 207
9 475
7 230
27 274
19 619
19 681
11 275
4 891
9 941
18 606
14 929
29 396
12 899
26 739
6 953
23 772
14 339
11 398
9 326
15 899
1 735
9 805
18 214
23 793
1 630
7 959
23 303
18 527
26 991
28 389
12 979
14 873
2 379
16 374
23 831
6 899
6 943
26 573
28 645
20 785
8 371
28 295
27 364
20 571
29 662
6 430
15 210
29 865
3 995
22 244
13 744
4 202
27 819
6 238
12 433
2 791
5 615
15 833
28 839
26 753
17 784
0 445
10 944
10 495
28 226
25 606
23 380
29 736
24 888
24 755
7 963
4 781
11 203
6 542
7 883
18 700
2 244
16 360
14 755
3 901
7 574
20 618
0 995
16 259
24 347
16 573
20 778
28 309
13 359
23 754
3 652
25 814
25 451
8 869
11 373
14 428
2 281
18 454
13 832
13 820
7 784
1 472
11 979
7 363
15 421
9 428
20 790
22 218
4 282
21 525
4 444
8 606
11 696
12 584
18 712
14 222
14 991
23 751
10 984
28 432
17 285
3 334
1 662
21 268
21 917
9 933
5 236
23 301
15 416
24 907
14 504
19 490
19 942
23 754
17 348
24 896
12 845
11 874
7 998
12 536
16 931
22 205
1 500
1 787
13 448
19 564
6 940
19 972
25 480
6 407
3 507
8 220
6 268
10 371
18 644
7 712
19 223
0 451
17 329
28 791
26 621
12 511
7 260
28 399
2 725
22 949
8 319
26 458
17 466
11 324
15 976
20 488
21 731
21 700
23 864
4 691
22 438
7 878
9 888
22 840
26 388
13 740
26 1000
10 914
5 893
29 984
23 960
1 390
5 498
9 532
5 773
13 765
18 408
1 870
1 983
10 843
17 681
0 690
20 975
12 399
27 777
27 624
22 708
10 977
20 358
17 987
21 451
11 557
5 971
24 892
18 540
21 262
6 405
29 690
21 256
24 340
26 291
27 539
27 540
12 560
19 697
8 552
5 515
29 925
18 307
1 713
