1000
1 505
4 497
5 831
6 625
1 909
18 883
1 357
18 270
7 509
17 746
20 801
0 990
7 730
11 497
5 546
29 691
13 948
26 246
24 637
24 921
19 701
17 532
6 666
27 244
24 920
19 313
12 537
8 258
24 943
22 855
24 984
15 285
1 768
12 206
27 817
10 880
9 562
1 947
20 607
15 216
14 520
15 375
14 434
9 847
24 850
16 826
10 670
6 819
9 994
6 974
1 290
16 581
19 628
19 744
24 576
27 974
20 380
24 853
23 382
2 429
11 393
16 413
21 202
21 929
1 445
21 845
7 803
7 292
10 516
24 447
27 818
5 676
28 526
5 534
20 359
8 302
6 489
19 345
26 992
3 367
0 609
29 220
9 639
27 430
15 358
2 980
23 405
18 999
22 492
4 425
10 940
27 807
22 636
23 890
8 492
10 747
11 250
20 270
11 478
2 763
25 888
3 490
24 253
17 969
29 306
14 426
19 622
10 897
1 679
5 841
19 453
17 992
22 434
1 963
10 421
3 598
6 298
16 436
24 485
1 762
18 207
17 787
9 282
7 307
25 687
25 231
22 624
9 835
6 333
7 850
26 676
16 859
25 705
17 440
0 516
25 690
0 679
24 280
28 744
28 847
0 669
11 241
11 406
4 485
14 902
11 971
9 519
20 906
9 370
24 209
20 865
15 388
24 621
13 749
9 573
15 915
6 444
4 284
14 959
5 977
11 466
2 462
4 257
10 381
13 600
23 749
19 386
3 663
24 455
21 783
5 829
27 792
20 687
16 417
20 332
8 253
11 721
25 822
7 907
1 259
14 784
10 517
8 901
14 600
8 868
21 564
5 830
6 504
1 741
18 829
9 619
3 589
12 427
16 313
24 629
8 970
18 579
1 578
6 356
16 299
17 206
23 204
10 235
17 954
4 885
8 867
8 449
1 496
16 747
2 847
19 639
25 533
2 972
15 638
1 500
20 644
26 224
2 991
29 792
18 274
0 680
25 790
19 955
17 317
0 909
19 494
26 615
13 541
4 487
13 701
21 233
6 473
18 233
29 443
19 963
24 782
7 864
5 603
1 213
27 222
12 247
11 989
3 766
12 347
25 241
12 239
29 556
26 456
12 283
25 397
3 989
17 589
19 743
18 664
17 604
1 309
12 870
29 852
20 735
11 405
28 658
15 434
15 842
22 429
1 242
4 819
1 964
14 809
18 628
2 320
28 754
2 403
21 549
22 989
19 355
17 524
24 587
3 335
0 245
19 601
7 944
29 933
6 619
21 855
27 663
26 986
19 615
1 866
10 628
7 231
0 341
15 513
17 857
1 849
13 812
28 805
27 745
22 516
1 601
27 305
23 744
14 579
24 273
25 818
8 399
22 318
20 628
26 363
24 541
6 487
9 433
22 334
4 224
21 366
0 446
4 459
23 1000
18 813
5 778
5 264
10 791
26 984
18 720
7 866
8 932
6 422
23 214
1 815
19 367
11 893
21 984
26 814
14 338
6 870
26 710
11 671
13 297
3 274
24 259
29 854
1 674
27 219
10 764
8 413
20 796
18 222
10 392
9 422
17 720
24 315
3 527
11 856
4 212
9 261
26 512
24 574
7 862
6 905
15 748
11 351
12 485
11 216
16 548
10 496
29 490
10 458
4 999
2 314
21 567
20 422
17 574
16 360
29 458
20 228
15 391
18 369
16 999
12 548
9 874
22 637
16 840
9 637
8 879
18 576
9 827
2 823
5 849
21 625
10 326
17 837
4 845
10 210
1 382
10 375
26 753
13 843
2 364
19 727
0 280
27 287
25 393
7 324
20 987
12 527
24 539
1 340
25 575
6 928
21 999
17 572
26 947
25 494
11 510
15 873
12 744
15 916
11 256
18 675
5 209
24 598
4 411
7 445
13 997
25 870
6 615
19 900
28 930
20 1000
25 442
15 362
16 295
7 394
26 407
9 397
23 636
21 956
9 243
13 385
28 375
11 452
13 504
29 815
11 459
9 338
10 220
8 304
15 553
22 466
10 624
20 526
21 299
15 816
8 623
22 605
6 259
26 238
3 271
26 834
14 420
2 584
23 463
13 976
21 519
0 352
0 599
19 354
3 947
13 464
2 319
15 406
29 736
3 929
3 691
22 416
17 631
28 981
21 761
2 217
18 505
6 397
10 970
15 640
4 267
29 287
20 588
17 524
11 377
26 775
19 543
28 919
7 228
8 363
14 967
26 696
16 213
13 747
16 417
11 423
8 643
0 667
1 641
28 928
29 222
28 605
6 673
25 404
16 744
23 350
4 529
26 882
23 344
0 822
29 763
11 224
28 804
2 836
3 931
11 764
11 362
15 901
10 670
9 258
21 766
24 506
9 411
13 595
22 258
27 495
4 284
11 934
19 408
27 596
12 743
10 291
16 804
2 253
20 410
2 328
25 987
18 911
7 225
3 409
9 906
0 693
23 228
25 636
12 854
16 632
22 514
9 297
17 201
9 932
18 257
15 227
25 280
16 217
24 561
18 327
10 747
20 759
19 335
24 868
22 869
24 409
17 940
3 978
6 901
15 714
3 409
15 932
7 273
7 620
22 697
10 755
12 655
12 557
1 203
24 846
21 561
15 924
5 458
28 247
1 558
26 472
21 455
28 868
10 768
16 999
4 665
22 811
11 816
25 292
15 247
13 906
28 999
24 241
4 882
15 214
25 411
24 769
11 239
18 799
15 983
0 793
23 592
8 819
11 336
8 256
10 544
3 374
26 612
5 709
25 248
13 432
15 777
13 407
20 397
1 992
1 328
26 770
25 357
8 619
13 585
24 556
25 509
5 328
10 279
23 459
18 270
15 384
6 873
25 570
14 328
6 924
4 626
23 528
17 265
3 849
29 948
27 973
1 399
22 440
29 911
17 234
12 606
14 345
17 377
26 281
26 594
13 531
25 306
27 408
28 444
9 493
19 451
16 662
29 644
0 510
20 675
2 716
10 598
5 378
0 984
15 982
26 394
29 581
6 968
29 204
8 775
2 633
15 593
21 933
15 309
20 380
11 553
2 566
20 828
29 329
18 977
13 813
17 770
6 824
15 588
23 281
1 538
20 349
4 244
2 644
29 264
27 425
29 872
28 493
17 569
2 408
18 936
1 784
20 780
19 591
2 297
0 252
4 457
21 701
17 872
11 900
29 283
17 935
0 557
0 396
17 997
7 645
29 961
20 867
26 914
6 442
4 995
9 481
0 859
15 716
25 251
5 925
19 978
12 251
16 256
20 534
1 644
7 297
0 579
29 844
1 277
8 226
20 599
20 370
6 352
6 885
2 252
26 222
16 434
22 506
23 370
17 258
10 360
18 613
29 915
3 563
6 961
20 410
26 204
22 241
22 291
27 611
24 760
3 562
19 978
7 276
15 420
29 239
11 894
17 866
18 684
3 326
20 295
7 720
2 286
10 608
26 457
8 927
15 227
6 468
23 972
20 517
22 357
2 667
21 525
27 555
20 596
6 791
8 949
21 389
12 434
29 209
22 794
18 854
6 644
11 232
5 510
12 679
21 368
20 809
9 225
27 618
5 530
6 971
16 510
28 698
11 964
8 703
11 391
23 755
1 937
21 846
12 764
1 584
7 443
1 304
3 916
6 506
21 471
2 784
29 305
6 812
16 246
12 379
20 421
25 979
3 730
23 335
2 446
17 793
2 299
27 518
10 538
15 997
21 658
24 816
27 311
24 201
21 611
5 820
13 627
24 341
10 507
16 275
22 774
10 407
8 414
16 878
0 448
27 666
6 218
0 745
1 683
6 447
7 904
16 427
12 364
7 982
10 534
20 240
13 252
14 247
25 638
23 946
24 781
21 911
9 563
0 452
13 527
20 493
18 602
18 252
5 828
13 380
11 452
4 899
19 215
0 786
6 680
28 230
1 220
14 807
14 252
3 790
17 806
20 725
1 401
3 508
0 843
13 514
17 839
23 310
3 705
23 224
21 524
10 824
24 361
1 407
20 544
21 430
15 205
4 932
21 993
4 660
6 590
14 563
24 445
3 626
10 712
16 466
7 510
10 825
15 986
10 265
28 715
25 534
17 762
8 869
24 244
13 861
15 306
15 521
28 264
9 334
16 365
8 960
17 883
23 297
9 370
22 357
26 368
10 738
26 245
23 892
19 435
5 485
8 875
27 633
28 447
16 997
28 419
24 259
16 601
12 844
13 314
22 505
0 751
10 466
4 651
11 458
12 359
15 487
0 364
10 411
21 422
29 499
17 612
0 827
10 743
4 400
26 492
24 638
1 976
23 607
13 482
17 978
28 633
7 745
25 936
24 732
15 634
27 645
25 650
3 757
15 700
26 993
26 672
15 946
28 407
18 214
3 852
22 233
2 870
14 484
12 601
15 799
1 434
4 897
24 320
5 254
24 767
25 583
21 456
2 905
5 478
14 539
29 683
25 359
8 217
1 668
28 974
4 879
0 460
4 668
23 307
9 203
23 670
6 418
10 326
22 848
9 488
10 630
