1000
26 905
17 238
27 891
21 343
25 785
28 550
10 771
11 947
18 1000
2 716
26 770
20 244
5 260
9 868
5 782
8 669
8 456
23 585
13 200
26 309
9 862
18 529
4 540
5 292
20 418
15 254
8 826
22 819
18 253
10 645
4 354
27 970
4 642
25 406
25 830
15 598
13 848
25 951
23 634
13 535
17 921
29 774
5 740
23 678
15 487
9 632
2 289
28 261
14 994
9 932
18 886
18 294
20 253
21 551
7 779
6 674
2 454
20 543
10 652
20 654
10 978
19 300
5 988
17 503
18 465
23 762
25 748
1 982
14 585
29 243
27 359
11 259
18 748
21 640
10 909
8 588
25 307
6 695
1 868
24 813
3 339
1 795
26 980
12 372
5 732
24 735
19 781
23 659
13 549
2 595
6 979
12 620
29 402
29 445
9 217
9 691
16 252
11 533
7 551
12 552
19 496
1 834
6 592
7 661
10 355
7 967
8 867
25 938
12 528
10 869
19 853
29 440
17 815
24 998
11 835
17 333
15 822
0 275
10 962
25 448
21 876
13 372
6 907
28 316
4 987
21 454
21 715
10 710
22 288
26 540
11 532
10 848
1 939
0 810
17 918
8 955
21 309
19 758
2 272
13 416
9 276
8 928
25 670
16 239
15 382
24 923
2 300
10 236
8 680
13 739
24 935
23 245
23 607
20 965
15 805
21 316
27 799
9 860
18 576
2 986
12 926
2 724
23 389
28 375
9 865
18 919
27 656
17 896
23 380
0 922
27 546
21 934
8 532
4 958
14 871
29 395
15 949
22 601
0 271
5 369
17 533
6 623
18 215
22 644
11 480
11 649
1 788
3 927
9 927
29 294
8 313
23 382
26 305
5 944
19 371
1 886
28 379
11 951
14 443
1 600
29 601
26 648
6 413
13 794
22 395
26 516
8 948
9 491
17 984
7 323
22 501
0 462
20 329
24 920
19 953
4 458
21 714
29 835
8 451
4 239
21 705
3 485
4 942
1 622
5 581
25 733
24 815
23 552
13 215
8 909
29 462
18 368
5 721
10 947
24 545
28 727
29 623
16 777
8 334
11 219
17 929
12 924
17 218
24 557
7 637
15 627
25 369
2 459
28 234
19 507
15 359
5 925
1 225
29 822
14 888
9 785
7 695
4 387
3 610
19 567
28 517
23 224
2 418
24 248
19 364
1 663
27 707
12 693
28 743
3 872
29 722
8 540
1 716
5 959
29 866
22 546
29 717
17 594
6 714
16 276
24 862
19 419
23 439
2 791
19 530
4 568
23 595
11 298
20 543
19 958
17 542
1 379
6 851
28 913
5 478
20 609
3 953
5 756
24 545
15 882
10 516
7 624
18 329
22 256
27 836
20 884
9 290
28 552
14 507
12 688
22 238
6 459
7 248
28 662
24 568
27 503
20 491
9 689
13 882
22 467
18 768
6 637
4 394
15 848
16 956
18 426
16 522
26 613
9 487
18 354
21 238
21 439
28 542
4 584
20 1000
12 392
25 795
19 406
1 533
11 782
26 325
16 502
10 552
5 616
6 391
26 485
18 494
23 871
3 284
5 533
22 534
23 255
16 516
9 539
0 927
9 571
7 927
3 324
4 360
4 404
6 868
6 534
28 525
12 261
9 677
20 678
23 603
2 496
24 786
10 397
10 321
21 750
11 661
11 291
22 452
20 788
3 851
27 747
5 679
23 315
24 842
4 518
25 680
26 988
18 622
9 357
20 346
0 550
13 603
15 387
12 322
27 641
15 520
20 537
25 401
22 714
26 637
6 338
12 739
19 990
3 239
25 472
8 662
24 516
23 619
29 280
23 495
1 762
7 419
3 535
10 493
5 254
3 864
4 865
20 841
23 409
20 904
10 766
16 208
6 950
16 347
21 669
12 574
29 460
22 803
19 713
4 941
19 567
0 757
7 423
9 628
8 393
7 818
25 832
28 536
27 915
10 724
9 476
16 495
2 642
6 872
18 253
25 460
0 828
26 529
1 940
21 770
13 301
25 275
15 245
15 705
2 302
14 389
16 881
9 890
4 712
26 746
15 810
6 738
12 751
8 780
15 931
0 250
24 531
15 489
7 278
11 694
3 771
16 984
15 927
20 758
17 233
28 383
3 293
28 903
24 379
4 400
2 437
23 875
8 598
6 485
10 814
11 792
8 538
1 553
18 772
9 249
20 283
22 454
25 316
19 846
1 485
0 305
2 261
0 410
28 471
22 379
29 786
8 796
23 911
2 826
9 387
6 536
18 786
4 592
6 955
8 921
5 243
23 469
15 759
9 370
26 520
6 998
28 747
10 723
27 531
21 339
8 702
15 274
11 309
16 804
27 771
24 606
26 484
18 656
24 695
0 835
11 727
0 940
8 440
4 817
6 559
8 277
19 475
1 477
12 471
24 223
4 506
2 590
19 443
19 909
17 938
8 424
14 918
6 783
9 919
8 587
28 365
27 803
14 209
5 394
19 886
18 470
3 745
17 559
26 557
5 688
12 798
27 672
17 301
14 878
7 398
26 973
29 877
29 548
29 549
17 274
4 782
13 696
5 937
15 252
25 925
24 767
28 693
29 928
29 471
29 525
10 612
21 479
26 560
2 580
27 958
8 336
24 752
21 448
27 524
6 364
29 874
9 375
23 231
4 834
9 426
12 895
19 746
1 338
13 544
15 331
14 967
6 545
22 797
1 941
20 700
4 376
25 335
11 364
2 949
1 211
8 714
6 239
11 252
0 788
19 300
22 353
18 376
8 543
21 274
1 968
24 404
19 469
1 495
17 954
3 795
18 701
12 407
28 360
26 779
0 348
1 984
18 464
12 926
18 827
15 859
29 846
8 484
10 821
10 414
14 801
25 234
2 372
3 280
16 507
23 276
17 918
7 340
28 579
26 857
15 808
11 641
13 235
21 264
17 455
7 692
0 948
5 806
9 791
20 540
16 355
27 573
4 464
18 858
8 659
20 427
16 242
5 914
9 727
23 961
26 640
2 271
3 440
10 867
16 442
13 425
6 609
22 507
0 842
15 731
7 994
13 415
24 900
17 614
19 579
20 947
23 386
8 754
0 976
6 948
24 989
28 893
8 308
14 515
1 673
5 603
19 853
14 277
10 658
26 941
12 415
26 483
13 998
10 850
11 870
4 346
6 764
13 229
14 879
10 420
4 702
25 635
26 778
0 299
10 468
22 748
25 363
8 567
18 694
25 873
26 818
3 986
28 211
18 505
11 788
12 309
26 526
1 408
2 641
7 952
26 913
12 255
18 320
25 251
14 833
0 619
15 971
10 798
0 366
23 558
22 817
24 375
26 783
24 640
18 384
24 782
0 668
27 516
3 357
28 417
19 746
4 764
29 763
0 599
19 608
25 499
6 588
7 428
4 686
18 241
13 208
12 239
15 584
0 279
14 581
11 709
5 872
3 900
28 380
16 986
20 898
6 655
29 782
6 475
12 908
0 269
8 331
10 326
2 881
24 992
0 471
18 461
4 553
25 764
24 565
16 879
25 966
24 607
20 445
20 534
2 309
19 249
7 503
11 369
4 902
16 480
2 499
24 774
0 763
17 578
25 611
5 764
11 875
6 318
10 606
9 477
10 212
28 687
16 659
12 786
5 278
12 495
27 517
23 568
2 325
20 717
23 403
9 320
21 257
4 623
11 239
18 925
12 409
1 684
5 469
29 826
9 446
27 780
11 864
10 891
8 230
28 772
8 536
10 858
26 322
21 999
4 751
10 234
2 554
5 410
2 945
5 786
13 595
19 752
25 676
24 687
20 953
6 934
10 377
22 650
7 486
8 548
13 974
26 959
26 440
0 201
25 517
6 921
4 781
1 644
24 474
25 364
8 733
7 621
26 977
22 900
3 897
16 294
8 462
4 638
15 390
29 523
5 386
11 759
22 251
6 669
14 559
20 741
26 849
17 777
16 515
8 376
20 422
27 527
17 565
13 322
23 670
2 474
18 965
23 896
11 395
7 625
24 976
4 552
5 375
22 920
11 567
5 905
24 664
19 770
4 768
28 893
23 791
20 433
26 918
9 981
13 366
2 752
4 374
11 431
20 944
25 205
24 263
24 373
27 858
14 684
11 964
5 929
13 502
24 444
1 921
11 877
13 519
23 252
7 335
6 265
24 707
10 753
25 990
5 346
20 344
26 935
3 987
5 630
23 514
11 499
22 871
5 349
11 594
0 717
29 245
23 739
20 521
4 319
12 684
0 217
21 766
14 721
10 989
13 321
8 505
10 831
29 909
25 673
17 592
22 873
7 501
11 799
26 602
20 587
11 807
11 801
20 670
22 833
0 461
22 410
5 669
7 901
3 269
24 719
18 881
2 745
13 699
11 370
7 342
18 703
23 835
17 950
10 571
25 269
16 508
8 583
8 872
27 415
15 401
19 334
2 327
28 284
20 247
17 558
26 937
18 976
24 282
2 389
16 429
27 672
23 637
7 317
15 488
18 695
22 412
21 739
29 365
25 324
