1000
3 741
9 951
6 802
25 213
2 633
6 700
18 216
21 220
27 303
2 274
7 853
21 893
2 965
16 919
2 747
25 769
6 863
27 882
7 510
29 893
11 274
10 667
20 686
8 737
11 829
5 429
11 697
25 360
26 255
5 893
18 754
27 970
22 433
23 544
22 921
9 775
20 563
8 500
13 272
10 458
8 221
3 660
10 902
17 571
16 317
11 370
21 355
2 323
13 442
21 348
11 741
18 266
9 608
16 456
27 901
29 567
29 953
8 640
19 383
28 999
20 902
28 629
6 966
13 907
21 262
8 736
16 212
13 861
27 985
20 440
14 915
27 293
8 913
11 248
14 815
20 882
29 610
4 770
8 903
0 310
24 809
28 448
14 960
17 978
21 341
26 252
17 322
4 541
26 954
15 585
18 782
21 340
23 273
6 269
26 843
23 514
11 739
26 754
18 829
16 485
14 896
9 457
18 243
28 709
10 729
25 966
2 279
16 447
27 561
6 285
20 216
1 935
11 262
24 265
12 983
3 912
27 232
16 939
17 666
2 606
14 827
0 230
28 351
26 510
7 376
10 652
28 445
9 625
17 634
12 925
19 231
4 681
10 827
25 903
7 251
23 719
18 959
14 754
12 967
18 455
21 412
4 870
0 466
10 638
27 541
28 669
0 779
5 633
22 267
27 726
4 448
21 871
11 645
23 683
17 645
28 439
29 673
10 664
21 556
26 946
1 373
26 238
14 671
4 448
27 660
1 724
8 359
6 756
7 249
5 286
28 352
7 330
29 364
25 674
28 357
25 363
21 318
4 261
19 927
11 848
7 215
24 634
8 834
8 358
24 358
13 352
29 467
18 528
13 553
29 562
26 981
29 345
2 526
25 915
7 947
9 689
18 349
9 296
20 309
9 772
24 848
17 287
4 304
7 286
6 577
22 694
12 319
8 774
10 600
8 462
27 443
18 997
10 526
26 764
21 883
29 215
19 961
28 952
5 306
29 561
13 945
6 309
1 927
7 498
9 846
17 703
12 606
5 775
27 877
4 330
19 511
12 840
29 673
2 649
7 217
15 670
29 826
7 868
3 352
25 213
3 625
6 926
7 993
6 266
18 956
15 400
14 326
16 377
19 332
9 549
16 845
23 324
20 749
21 534
5 430
2 432
11 932
27 275
10 596
8 223
15 267
23 991
13 896
11 343
8 418
22 895
0 818
27 873
2 745
12 565
18 514
27 853
0 477
5 762
14 478
19 318
8 827
2 335
18 723
22 585
21 746
2 452
9 395
8 843
10 543
18 364
18 717
26 245
2 630
20 273
9 385
15 880
1 204
26 210
10 642
2 216
7 974
16 498
21 546
16 240
14 771
10 342
2 611
18 718
13 608
5 520
7 801
1 614
21 357
13 527
25 619
27 409
8 688
11 471
27 414
11 664
18 817
29 749
20 985
10 345
14 683
23 264
16 948
0 230
25 479
8 785
7 757
4 400
6 373
6 406
20 628
27 857
20 796
16 922
17 643
14 863
21 637
7 756
18 648
6 684
2 270
21 443
4 840
22 694
4 302
3 618
14 303
29 892
24 786
12 411
19 620
7 550
27 709
25 272
4 706
1 764
8 798
7 608
22 554
2 822
19 288
3 200
23 305
29 581
25 545
26 618
27 561
28 824
8 930
5 743
26 748
5 905
3 477
10 947
7 321
6 596
15 392
28 428
3 890
29 993
18 872
1 249
6 551
23 913
18 202
0 947
15 719
3 548
25 269
29 454
1 919
1 495
21 249
1 618
19 926
20 704
9 201
9 490
14 506
27 965
3 706
27 322
10 550
22 316
22 543
1 723
13 995
9 978
0 861
14 830
9 538
6 854
6 273
2 776
19 239
29 690
18 806
11 732
7 740
0 361
20 442
27 949
20 209
3 231
1 540
17 589
28 432
24 364
21 603
22 386
21 625
23 517
5 540
1 991
3 517
16 249
28 747
21 926
25 621
24 835
8 432
24 555
2 898
4 415
16 315
1 310
18 823
28 934
21 444
20 601
26 386
23 955
5 607
2 811
7 959
26 888
12 995
10 965
25 365
19 774
4 459
8 250
26 885
13 313
29 667
22 208
27 449
17 488
7 948
3 307
2 979
13 597
1 331
15 876
22 438
22 664
12 445
28 266
20 699
17 258
25 351
24 927
7 265
2 486
16 650
0 751
2 527
6 224
3 434
1 213
7 327
26 291
20 962
4 624
27 598
20 575
7 826
6 462
17 600
4 343
8 954
20 266
4 846
22 371
7 857
15 363
4 774
24 476
25 788
4 872
16 449
6 217
13 268
0 652
14 560
26 254
7 926
3 422
12 842
5 782
5 584
7 880
16 784
25 785
9 320
28 285
9 357
11 818
23 474
18 724
1 656
21 698
10 653
15 386
18 733
25 585
4 639
8 591
21 428
20 573
0 217
11 265
21 665
6 403
21 458
8 396
7 430
1 406
6 550
3 818
28 849
20 216
12 509
19 355
23 747
2 881
0 848
16 992
1 324
7 321
6 885
21 820
25 253
11 763
4 609
2 673
23 500
0 686
19 961
17 495
12 979
29 340
8 708
27 251
0 729
12 793
10 440
2 544
12 213
6 565
23 603
16 650
1 343
13 516
12 530
12 731
24 364
0 829
21 265
12 897
12 864
26 279
11 566
21 419
8 335
27 504
2 423
4 910
10 707
20 464
26 883
17 325
11 694
22 505
12 263
25 975
18 277
19 470
2 632
5 430
10 831
0 325
8 618
27 479
1 974
17 469
14 733
19 454
17 903
18 851
26 782
28 317
12 236
7 784
13 787
12 451
2 203
12 514
27 643
4 604
28 667
15 436
13 480
21 205
29 269
16 975
26 798
21 240
13 412
25 882
11 515
24 575
29 848
7 707
27 264
26 690
4 722
10 816
12 766
2 937
2 937
22 515
25 382
11 919
25 797
27 843
27 395
26 258
2 434
21 574
8 694
8 968
7 925
7 797
12 535
20 746
1 737
19 275
2 401
22 816
5 858
16 638
16 587
2 761
6 769
2 468
21 924
24 874
18 589
12 604
6 889
17 409
4 416
16 216
15 896
20 438
8 873
19 339
13 519
7 443
2 858
5 264
14 554
22 737
9 991
6 278
21 394
1 874
10 203
11 822
29 660
14 993
19 734
16 687
6 577
23 356
17 792
28 243
22 659
9 520
23 741
25 911
19 697
19 956
5 535
18 588
2 495
3 830
5 477
2 756
13 508
19 527
5 549
0 895
28 447
24 872
22 494
19 618
27 622
6 398
4 958
4 462
25 288
11 448
8 641
26 657
6 316
13 796
22 270
23 460
21 287
7 542
21 291
22 809
13 996
10 424
1 639
12 847
2 809
28 349
22 450
24 434
3 794
21 930
0 980
24 667
17 942
5 822
8 254
23 464
29 754
11 859
29 748
8 843
12 797
14 992
10 728
19 364
2 401
7 921
16 493
3 389
16 441
2 302
5 379
4 557
4 387
4 768
20 402
16 986
22 367
5 352
11 607
5 595
23 311
5 418
16 356
0 971
21 282
21 210
20 473
12 369
3 615
0 627
17 404
5 430
17 636
24 246
22 469
15 454
1 484
1 862
2 549
18 847
21 320
14 682
0 852
12 722
24 629
4 652
11 296
17 497
27 539
26 271
21 228
15 377
6 725
16 396
16 644
1 318
15 671
19 938
19 423
28 817
24 592
13 636
15 272
22 351
11 954
3 633
9 205
22 372
1 224
0 871
24 786
22 637
2 434
28 662
14 496
21 996
15 363
2 206
11 870
20 300
17 621
12 221
19 620
7 930
26 928
0 712
25 764
5 461
13 257
9 723
1 282
0 646
2 775
19 536
17 413
9 216
10 813
20 563
5 542
9 796
16 947
13 600
23 263
5 551
12 260
29 200
28 686
21 880
15 333
2 310
23 789
25 327
18 856
29 587
14 555
19 344
7 871
12 666
24 717
14 639
16 728
27 231
8 557
21 766
24 574
4 545
14 847
13 853
12 882
26 375
29 361
14 670
9 738
20 311
26 220
17 924
20 231
8 802
24 856
17 681
2 344
16 386
4 255
6 374
20 332
23 313
16 597
14 233
27 933
4 933
28 303
12 285
3 275
15 608
0 214
1 674
28 464
25 457
8 252
5 901
15 706
27 633
20 772
11 742
25 597
14 421
1 264
14 781
15 707
22 854
25 666
28 945
19 255
3 892
18 781
19 663
8 878
8 510
22 672
12 366
7 974
20 440
23 955
0 404
17 358
19 208
24 711
23 960
15 577
18 792
17 250
20 365
15 902
9 534
4 931
20 838
24 470
27 420
15 880
14 753
29 861
2 219
3 459
15 648
11 938
21 361
27 638
19 549
2 848
23 526
13 993
19 620
2 386
9 347
0 892
17 431
6 377
7 941
9 590
0 691
22 305
4 748
12 812
29 517
16 498
0 443
19 875
17 390
16 583
23 550
2 435
28 394
7 300
14 942
28 911
14 955
