1000
0 879
9 370
19 963
12 281
19 887
24 373
25 466
3 994
17 972
19 430
12 457
17 816
2 803
6 538
24 701
26 381
2 285
22 892
22 518
0 724
2 432
22 945
14 776
25 793
7 328
15 843
1 774
2 206
1 772
1 800
12 483
9 305
17 970
18 888
8 205
5 421
13 358
25 857
19 923
12 557
3 742
28 418
9 907
14 505
23 988
23 226
12 980
7 323
10 225
14 743
3 849
25 327
25 486
13 826
1 530
4 946
10 590
23 845
6 766
13 859
22 669
14 742
1 313
24 569
28 506
28 958
6 931
7 221
11 830
8 782
18 624
8 574
12 464
4 206
3 276
5 218
24 440
19 367
7 742
12 558
12 510
7 368
18 740
2 959
0 470
27 539
8 251
19 629
20 956
16 806
4 931
1 940
4 427
19 638
13 641
26 867
5 668
16 429
4 970
12 619
0 387
19 276
26 774
28 544
15 994
23 854
0 694
4 991
3 228
0 595
24 635
13 732
13 873
26 474
24 722
13 214
16 505
0 505
16 287
18 599
0 637
25 298
14 258
2 995
18 691
27 592
13 220
28 929
20 413
25 593
1 415
2 390
18 209
2 621
19 811
2 703
15 333
22 857
26 265
5 347
9 297
6 543
21 911
22 635
8 935
3 606
17 428
18 538
16 200
14 283
1 642
1 444
26 449
11 464
6 437
24 719
2 849
25 428
8 515
12 629
0 514
14 222
5 575
14 853
10 880
5 366
0 572
5 885
0 217
16 505
18 313
10 958
26 666
4 402
14 463
13 751
17 670
14 528
29 531
3 609
27 517
23 245
20 764
29 844
4 600
9 832
1 400
12 939
0 642
8 293
13 571
0 305
25 848
10 922
20 770
23 417
14 820
21 323
13 571
25 808
23 397
15 830
29 380
5 632
19 772
14 857
5 969
28 365
2 345
4 893
4 573
23 946
4 486
25 373
25 541
3 647
15 916
26 970
27 368
23 860
10 426
24 820
22 683
1 845
22 655
23 483
12 971
13 732
1 701
8 285
17 539
22 841
6 733
2 340
19 545
27 982
8 945
8 911
23 362
20 356
11 213
6 547
1 225
17 704
16 500
27 415
20 753
15 570
3 750
14 410
25 837
8 546
18 618
1 339
1 865
0 639
27 345
17 225
1 910
7 540
12 888
23 243
26 871
23 386
26 400
23 281
4 564
2 811
26 861
15 831
26 277
8 498
24 330
19 772
4 507
3 368
7 449
0 211
1 915
20 655
23 897
19 667
15 813
10 681
9 887
15 353
3 211
21 799
7 421
20 361
19 391
27 614
20 444
16 471
5 298
7 441
0 257
15 406
29 981
26 281
27 631
21 462
16 937
13 691
19 650
17 428
23 457
9 878
24 893
0 338
28 483
14 244
23 577
18 858
1 789
25 760
21 616
22 600
19 779
18 752
0 965
14 631
18 316
14 501
21 845
27 533
3 784
11 397
28 610
13 876
1 382
16 631
15 563
24 657
11 230
1 312
22 696
25 562
13 244
21 900
0 402
24 229
8 205
29 371
0 992
6 644
12 855
25 713
1 382
0 755
4 672
10 373
10 444
11 990
15 363
5 434
17 519
12 457
25 574
2 544
13 399
2 708
29 821
22 340
22 869
20 564
29 404
14 268
8 444
27 932
3 271
19 823
29 885
0 799
22 324
11 226
24 211
6 670
23 579
3 930
18 375
9 958
2 780
4 787
3 920
2 710
0 522
0 921
12 671
21 894
11 347
25 288
23 399
29 342
15 464
7 932
27 923
1 642
9 437
27 621
15 745
2 845
9 217
29 616
13 759
5 691
2 643
8 999
20 562
18 544
25 309
6 362
8 762
18 628
3 717
24 410
6 912
10 233
26 447
3 342
16 364
2 273
4 559
13 529
0 268
1 819
24 288
23 258
15 787
27 400
16 627
27 957
19 451
19 221
14 460
18 213
16 479
29 603
25 979
2 790
28 593
3 450
9 345
16 266
0 568
26 827
17 929
5 401
7 943
29 994
9 751
18 607
7 616
7 303
23 246
25 738
18 684
8 810
1 634
4 855
21 242
18 612
20 690
14 825
10 503
15 382
27 611
7 630
16 300
0 758
21 464
14 825
10 696
20 938
8 947
16 202
23 274
5 680
20 205
10 763
0 325
23 552
29 389
6 564
13 603
3 558
15 437
0 429
7 465
21 512
8 323
15 755
25 559
3 277
22 771
5 229
11 705
22 860
9 218
18 705
9 397
2 826
1 292
26 814
17 393
16 353
25 766
8 561
26 291
26 275
15 300
12 247
0 465
20 463
29 695
8 551
20 955
6 435
9 289
21 956
22 628
16 382
8 943
8 726
19 993
2 945
20 380
15 479
0 280
10 445
25 821
8 404
20 432
22 529
7 737
6 956
24 237
26 315
9 707
24 723
16 626
26 512
29 399
17 459
18 864
22 957
2 400
24 781
29 748
5 858
2 314
15 738
27 538
8 864
28 996
18 435
19 503
20 556
20 480
6 987
23 246
28 467
23 563
28 742
22 534
2 903
6 976
13 246
23 313
13 220
13 468
0 594
20 809
10 646
26 792
20 252
1 232
16 209
21 500
4 596
1 532
26 524
28 859
28 733
29 267
7 380
2 550
18 804
2 708
11 925
26 671
15 544
0 674
2 791
4 689
6 346
21 501
25 740
17 461
14 953
27 756
10 631
13 726
7 880
17 249
6 667
6 616
4 671
29 299
4 606
29 738
15 705
17 787
16 705
6 953
11 547
11 855
17 674
20 595
28 439
1 460
1 901
11 852
26 270
12 989
29 774
7 498
26 647
24 520
14 301
1 639
1 299
13 936
29 433
13 886
27 342
3 887
7 946
28 372
27 443
10 871
22 451
21 578
3 656
9 960
1 830
16 703
4 410
16 478
12 556
22 275
19 623
26 429
14 752
26 405
1 732
2 504
11 675
21 916
4 914
24 660
4 786
19 632
14 228
14 684
1 808
26 847
28 459
15 259
22 415
29 659
25 352
4 576
9 906
21 352
27 293
15 293
25 605
23 398
7 435
20 810
29 368
9 933
13 827
24 858
4 896
5 552
24 977
5 880
29 245
9 266
4 874
24 637
15 599
17 423
23 577
26 707
9 548
13 854
20 754
12 997
15 903
4 455
4 739
16 229
13 745
22 715
28 574
29 750
15 469
22 284
19 845
13 659
4 936
1 608
29 458
20 877
18 576
12 849
1 363
2 456
0 648
26 559
8 353
1 480
12 951
0 357
2 831
23 656
3 424
8 383
20 219
0 845
1 460
23 399
17 960
4 902
0 416
28 937
14 373
20 386
7 434
28 210
1 848
25 964
24 895
0 514
16 380
12 945
7 523
14 384
29 453
19 714
19 217
27 655
28 417
28 260
8 509
13 670
14 471
3 375
22 507
17 494
6 950
14 422
17 838
11 907
8 570
22 489
25 961
16 485
8 582
25 347
26 828
3 329
28 773
10 679
29 973
21 522
19 411
18 534
28 859
5 530
21 1000
14 440
23 429
10 292
6 238
24 862
16 860
17 971
18 320
24 259
26 336
1 280
6 731
6 229
12 494
24 271
8 398
29 382
5 975
26 493
1 570
3 978
12 998
25 526
21 723
0 716
23 516
4 837
24 476
18 736
26 733
27 715
21 750
27 639
19 392
17 469
26 243
2 839
28 504
19 582
12 409
1 589
24 610
5 349
10 878
7 725
7 522
29 436
27 541
28 996
29 885
24 299
14 371
6 427
14 713
8 844
12 962
15 863
8 403
0 931
1 920
19 337
18 581
0 887
19 461
18 936
28 680
19 338
14 337
11 911
11 584
11 793
9 920
9 652
0 811
14 405
29 276
15 997
19 914
24 566
1 222
27 491
8 690
19 401
2 918
3 943
15 732
12 908
5 290
3 398
12 328
14 991
19 337
19 434
12 256
21 727
0 963
5 289
15 791
23 539
11 714
29 793
21 547
7 766
1 275
9 952
4 685
2 957
24 709
26 910
8 309
21 849
29 884
18 398
0 785
20 235
24 883
8 300
0 691
26 891
12 681
26 854
8 359
22 740
26 514
26 392
25 635
19 587
4 633
26 521
19 587
0 732
2 260
7 731
8 534
25 763
7 437
4 340
22 387
12 716
25 887
22 327
11 433
28 358
9 315
29 916
21 335
1 622
0 806
22 595
7 280
23 625
25 402
1 788
3 699
13 538
19 958
13 224
14 266
3 804
11 325
3 854
24 752
27 270
20 663
20 644
19 479
18 732
16 932
15 776
5 439
18 735
2 655
9 608
3 501
3 846
2 687
18 653
11 548
6 933
13 271
9 397
0 645
7 693
12 668
25 566
26 540
1 832
11 303
14 591
28 438
7 353
20 941
10 417
14 536
22 829
6 737
11 544
6 819
0 459
21 311
24 677
8 605
27 514
7 538
28 366
8 470
6 488
18 295
24 811
21 251
19 811
16 707
25 475
7 437
26 638
9 780
