1000
5 217
23 249
27 789
2 466
13 824
23 619
6 959
0 311
18 872
1 687
10 546
24 430
19 721
12 325
28 434
24 300
22 569
17 440
19 518
28 438
4 460
0 861
14 307
7 568
6 950
17 538
24 366
24 496
8 980
23 340
16 652
28 677
17 221
20 988
26 571
1 840
7 975
8 972
11 254
17 624
27 814
0 749
21 315
8 720
4 730
0 895
25 901
7 565
11 337
12 900
25 391
15 219
21 388
13 440
12 757
17 892
2 275
6 874
1 234
20 511
12 733
27 987
1 238
8 256
9 610
10 973
10 342
29 743
2 841
28 243
2 650
8 744
0 260
23 590
4 494
3 506
3 865
12 684
19 987
20 666
24 335
4 461
21 604
15 823
0 737
16 472
26 699
21 933
27 523
6 442
13 852
16 558
27 736
21 659
12 704
23 476
4 740
0 774
13 782
25 405
11 450
24 581
12 596
5 716
9 574
16 916
8 994
6 823
6 276
9 634
0 208
28 797
20 419
0 725
24 606
28 765
20 624
29 306
0 474
19 988
26 312
6 443
13 452
4 402
20 436
20 338
16 947
28 668
5 424
8 737
0 919
16 232
28 681
26 473
26 864
28 779
19 263
7 700
27 332
19 437
1 780
1 624
0 386
10 594
8 597
9 289
29 651
11 735
0 727
2 672
2 491
7 796
18 773
24 529
16 988
6 350
27 912
22 852
0 433
3 263
3 372
7 540
11 776
11 922
2 509
1 465
12 383
1 847
14 548
16 948
2 869
7 453
5 369
18 642
10 612
8 452
5 989
10 618
14 706
19 754
21 585
20 880
24 984
24 573
15 481
3 583
9 985
12 618
11 773
23 220
28 887
15 967
12 333
12 910
15 787
20 295
18 874
6 906
18 539
15 598
9 756
8 500
8 907
11 211
11 978
10 716
9 419
7 860
9 235
1 909
14 913
21 420
9 883
7 516
29 268
22 656
17 414
15 779
14 786
17 435
16 649
29 817
12 867
18 636
6 707
9 544
18 236
19 498
3 208
19 748
22 208
0 532
14 916
0 797
17 475
14 475
20 656
6 330
3 622
1 877
20 788
29 905
9 335
3 623
7 720
22 828
24 552
3 384
6 491
6 368
25 243
24 996
4 731
12 632
19 768
16 265
28 739
24 747
12 325
6 713
17 739
26 609
25 895
23 396
18 281
7 290
16 557
13 837
12 988
14 803
12 232
17 223
29 603
7 943
19 982
14 920
21 671
1 707
12 561
23 223
6 699
7 929
17 796
23 301
24 717
15 400
12 248
3 528
12 989
22 833
20 961
27 775
5 225
11 682
9 757
6 880
4 740
20 920
14 390
5 999
14 968
23 985
17 327
12 842
14 867
19 210
8 981
12 685
27 822
12 796
28 921
17 888
3 330
10 819
26 525
13 934
25 453
18 814
16 270
0 389
10 363
7 301
10 621
7 461
22 919
5 841
16 659
8 348
4 998
15 656
28 549
19 767
13 304
9 753
18 859
17 409
3 277
23 758
9 912
18 229
8 252
1 942
21 467
27 932
20 233
29 318
12 420
0 274
1 489
15 740
23 725
16 430
17 568
12 465
19 644
14 319
16 547
5 712
7 353
19 709
17 354
19 343
23 712
18 804
4 442
14 529
20 587
10 604
29 724
17 883
18 939
24 840
24 914
27 917
2 821
23 981
2 201
29 970
23 234
18 418
29 781
9 531
29 468
26 826
7 949
15 828
15 995
29 598
27 844
9 487
10 480
17 885
18 405
15 724
0 485
8 770
7 204
12 448
18 402
12 359
15 758
21 931
3 915
12 301
2 560
6 710
1 948
8 402
2 326
6 900
28 582
2 791
0 392
12 842
27 286
26 975
27 796
25 916
21 708
26 400
29 631
0 559
7 856
6 510
14 954
25 915
29 521
18 801
27 975
18 961
2 385
9 666
5 239
21 367
25 344
26 965
26 878
8 418
7 947
12 793
12 251
6 768
5 956
10 441
22 812
21 777
9 344
22 712
22 283
9 983
25 350
29 734
15 770
24 414
17 592
19 665
13 778
16 769
22 496
17 241
29 570
3 549
26 503
28 606
28 555
4 549
0 901
1 318
22 601
11 529
22 331
20 254
12 880
5 826
22 922
5 350
19 615
2 878
19 822
0 486
3 932
13 467
9 273
25 448
4 268
21 379
23 608
10 262
14 277
17 684
21 969
28 227
12 645
17 772
14 592
1 857
19 746
11 796
17 987
13 527
29 789
14 267
24 651
1 348
25 546
22 507
24 852
0 339
17 416
18 447
1 868
27 975
0 246
27 330
5 664
26 482
7 501
5 752
18 496
0 228
3 900
0 306
11 825
11 265
10 329
20 743
16 597
19 946
18 693
9 613
22 316
17 328
23 456
5 432
5 236
6 569
14 581
14 445
7 702
13 871
26 895
14 594
17 612
19 919
5 484
20 847
12 322
24 685
6 224
16 677
16 939
1 937
21 220
21 227
19 671
17 609
14 523
26 606
25 933
15 856
2 660
25 737
3 713
17 636
15 868
0 930
18 632
11 621
19 203
19 305
13 329
15 788
11 262
18 511
20 317
26 293
12 627
18 700
22 556
4 824
6 764
6 471
26 978
24 509
18 375
1 941
10 895
18 215
0 537
13 733
2 535
4 521
27 237
0 878
24 353
16 807
2 460
20 769
0 509
15 578
10 604
10 724
21 960
26 465
17 208
21 338
16 718
20 313
13 450
6 682
7 950
17 787
8 871
11 344
14 428
21 755
4 287
7 608
17 497
10 335
19 727
23 875
9 862
19 338
13 617
22 229
27 749
25 464
26 315
13 913
29 454
14 334
24 276
11 421
24 676
18 290
21 671
29 398
20 530
25 907
1 887
21 405
15 671
28 820
4 642
7 717
12 380
5 750
11 609
3 853
20 957
13 998
7 795
18 819
19 268
22 506
17 287
8 486
3 339
12 648
1 308
15 722
21 773
25 851
25 255
3 321
10 861
8 216
14 867
10 960
7 477
17 779
20 573
28 346
28 676
0 469
12 708
7 465
29 956
8 969
26 512
15 552
23 355
7 546
21 742
10 550
12 465
4 668
0 410
16 727
7 907
17 651
16 964
0 457
14 888
3 436
1 528
14 446
12 421
14 292
14 399
15 482
23 952
15 276
21 262
1 271
1 530
28 467
24 958
16 612
17 679
15 656
29 766
17 372
28 556
28 650
9 804
1 658
18 967
7 912
6 329
29 758
18 512
23 449
14 450
10 301
27 395
19 942
8 450
0 434
6 746
14 263
22 765
20 756
18 360
22 530
28 588
25 225
19 934
14 793
0 886
7 497
25 582
26 345
26 773
1 354
24 286
8 304
5 580
5 517
11 381
29 706
17 840
25 844
23 754
10 899
27 223
19 206
22 501
18 805
21 958
21 860
6 341
18 798
13 673
2 678
27 736
25 829
28 610
15 919
0 379
0 514
13 837
6 282
5 764
15 751
2 277
12 388
9 468
9 920
25 836
17 424
14 351
13 697
8 459
7 387
15 589
27 334
1 912
9 659
27 336
26 309
15 253
20 906
19 489
7 567
14 624
13 456
15 642
16 766
16 336
1 573
24 967
13 372
9 632
29 386
19 439
20 771
13 510
23 984
5 641
18 454
24 628
9 767
18 560
9 321
17 243
17 973
29 413
23 365
23 919
16 400
8 771
4 819
23 490
7 635
2 936
17 706
22 965
19 600
7 467
9 888
26 637
29 277
13 414
1 502
23 328
21 513
3 975
5 791
22 542
18 639
10 287
12 348
19 854
29 213
20 398
23 841
1 986
2 649
12 295
3 624
18 598
21 847
1 387
7 854
28 492
26 753
6 931
15 718
23 345
1 687
5 986
29 316
23 401
3 423
4 624
26 543
22 797
6 558
22 753
19 917
0 975
23 978
26 664
27 710
15 756
1 993
23 775
14 207
13 755
18 357
4 723
19 621
12 993
5 665
6 793
22 449
1 520
24 743
5 418
18 363
24 635
9 772
1 717
14 217
5 783
13 560
4 359
21 325
29 225
0 456
20 339
17 662
7 904
17 617
7 264
11 464
6 997
16 953
2 590
3 969
6 660
22 226
26 789
26 338
12 326
6 559
28 781
21 230
12 484
23 831
23 328
26 745
21 316
18 853
21 812
23 702
29 974
24 844
8 401
24 800
15 778
5 911
20 380
29 225
12 902
21 455
15 311
26 580
7 649
25 622
24 723
28 618
3 779
18 354
0 516
7 464
20 263
4 566
4 856
9 588
19 421
24 453
4 343
18 455
25 396
13 685
4 435
14 422
26 936
27 462
11 959
16 517
23 211
18 268
15 882
1 496
26 478
14 237
14 317
20 371
15 680
22 276
14 747
3 500
28 913
27 458
18 652
22 534
17 324
7 974
22 596
20 416
11 643
12 550
1 671
16 251
7 256
28 332
26 795
2 388
6 714
3 852
28 461
12 726
17 294
24 594
8 997
23 460
