1000
18 643
23 214
12 574
26 274
12 426
24 979
28 200
25 554
1 791
26 790
5 610
9 316
0 422
23 232
0 686
1 653
13 782
28 278
27 579
24 518
13 296
8 934
27 755
25 977
13 627
10 752
29 261
27 274
3 302
10 792
17 341
15 448
7 204
8 564
2 236
5 607
16 997
16 812
18 777
24 410
24 726
16 777
20 660
10 271
11 505
22 229
22 408
24 985
28 393
15 457
1 475
0 548
25 592
23 982
2 239
1 930
27 405
2 654
4 551
5 378
9 817
5 916
16 936
18 763
14 598
13 607
19 686
22 767
13 502
29 467
25 670
22 802
19 801
6 276
10 880
4 386
8 448
14 469
21 715
21 619
10 725
20 651
22 380
8 733
29 558
8 994
18 419
15 299
24 334
25 789
7 402
21 921
13 425
21 573
24 318
29 469
19 945
9 373
20 985
24 984
26 661
8 201
26 319
8 242
28 879
0 252
4 870
13 404
16 739
24 335
8 283
11 992
0 505
4 719
0 806
19 413
22 552
29 517
13 394
6 958
27 902
12 574
11 305
6 901
12 889
12 705
14 602
29 794
9 278
2 481
12 597
15 854
28 776
20 673
10 531
8 261
25 349
17 612
28 870
15 699
26 411
29 614
8 959
10 908
21 251
10 647
26 351
5 837
27 753
17 675
29 907
21 807
9 346
29 549
16 459
15 975
23 929
1 211
18 771
3 716
18 286
11 267
20 377
17 215
5 911
21 344
10 612
10 399
17 920
13 945
15 542
29 280
12 815
24 247
15 485
21 206
9 461
23 973
12 507
0 864
0 569
22 526
21 657
16 480
6 391
4 207
24 503
9 368
10 414
0 393
5 433
5 513
17 265
4 318
29 713
9 978
14 417
6 864
4 824
22 865
24 236
26 894
28 760
27 836
13 779
29 499
27 503
9 878
12 210
10 442
15 524
13 671
0 450
0 244
23 330
5 600
6 706
28 542
2 320
23 643
20 929
14 230
16 728
26 604
7 666
18 885
1 206
9 775
24 355
8 969
13 909
3 277
2 368
23 427
1 326
19 476
5 476
24 727
8 314
28 488
13 707
7 892
6 579
8 696
29 961
0 858
27 353
2 409
23 933
6 354
22 710
2 683
19 383
5 979
24 809
11 361
14 902
18 217
2 895
28 946
16 345
17 888
15 860
23 688
11 642
26 819
29 853
19 653
9 772
11 429
10 488
2 893
25 530
25 718
17 777
9 379
18 859
21 514
4 705
15 968
15 689
24 386
27 832
10 621
24 640
20 421
22 244
22 652
29 859
20 245
13 701
9 733
20 310
20 453
2 447
0 211
29 231
11 232
7 572
27 852
15 251
8 704
28 706
28 666
11 592
18 584
8 632
26 559
27 987
7 422
0 865
28 926
5 457
6 639
15 693
29 520
13 228
23 609
16 962
2 443
15 780
24 930
24 527
22 456
13 836
15 409
17 527
4 481
14 226
19 409
9 448
23 976
19 339
28 768
11 952
2 730
3 665
2 273
20 836
8 335
13 399
19 321
16 872
1 566
5 873
16 910
0 941
12 723
6 752
13 721
22 491
13 416
3 206
9 404
17 519
3 855
22 296
26 946
23 274
5 245
7 439
5 892
13 459
1 781
15 212
4 813
27 274
2 699
11 983
25 231
6 628
9 281
12 997
16 451
17 381
9 680
6 305
2 599
1 767
6 882
27 906
9 636
15 511
15 288
3 809
7 794
8 343
27 426
18 783
5 515
3 479
17 316
26 243
24 232
20 306
14 294
17 731
14 377
19 564
20 572
24 593
5 393
13 791
19 441
11 443
18 869
13 696
28 685
19 825
19 600
16 697
23 265
13 663
13 685
17 366
21 868
23 674
5 393
29 516
11 945
0 489
17 554
8 628
27 201
27 366
16 974
12 594
17 677
27 271
12 438
28 416
23 894
14 202
5 316
26 425
26 795
28 912
3 318
4 424
19 466
6 344
22 493
4 372
28 205
7 403
17 391
5 832
23 395
13 470
9 337
1 967
2 249
20 618
13 656
1 925
11 624
23 642
22 254
14 411
10 671
19 786
8 439
29 811
13 516
12 305
7 508
15 250
28 932
0 768
3 621
17 426
2 859
16 577
4 479
27 297
14 541
11 250
0 598
12 930
23 655
26 958
22 368
13 686
21 723
12 572
1 434
0 793
13 615
24 630
28 841
21 443
2 766
14 919
23 959
28 992
5 318
23 916
26 328
6 490
10 893
13 742
6 631
16 651
9 882
3 375
20 436
6 844
15 584
22 457
21 691
20 361
19 471
15 596
4 827
23 880
25 210
3 897
2 648
4 296
28 623
28 570
6 776
5 590
28 772
17 944
13 933
15 607
21 780
26 350
4 540
18 815
19 677
29 819
28 910
12 957
28 975
1 896
13 859
9 916
7 525
5 523
9 260
23 536
24 447
5 275
19 259
27 769
7 661
23 366
22 572
21 277
5 334
6 532
13 739
19 325
12 567
1 762
24 726
4 447
14 310
23 385
22 366
0 256
26 903
29 248
14 998
4 223
13 707
16 673
23 856
9 395
6 812
24 288
27 899
27 911
21 492
10 329
11 649
11 364
27 586
2 265
26 480
24 649
26 204
11 253
2 764
16 298
4 564
21 435
25 500
1 317
24 396
3 572
0 914
8 556
14 351
15 808
8 352
15 541
4 921
9 942
11 873
17 563
1 687
24 963
16 862
19 475
1 974
8 723
22 704
12 787
10 749
3 890
15 370
1 465
27 937
0 228
23 643
29 873
3 499
3 978
21 878
4 524
21 816
28 503
11 521
6 477
9 623
23 485
8 627
11 731
3 421
2 553
22 778
11 659
25 836
19 738
3 908
24 401
4 949
17 314
2 728
27 497
24 596
1 826
10 386
28 994
16 381
10 741
25 733
13 502
5 465
11 211
19 610
20 220
27 226
3 766
12 391
6 733
6 866
16 509
11 264
12 248
16 754
1 771
14 251
22 444
14 676
29 303
18 571
2 622
27 713
18 604
29 494
29 307
4 860
5 296
18 331
18 703
0 687
6 495
22 952
22 742
3 516
19 202
8 832
11 384
28 204
2 889
2 899
22 778
29 561
26 714
2 581
7 312
22 473
1 761
7 453
29 911
26 546
15 629
23 211
14 288
26 235
24 799
18 765
14 860
20 771
11 429
10 490
16 296
24 248
25 768
23 928
14 273
2 358
25 925
26 537
15 573
2 216
13 375
15 637
10 692
22 872
19 690
19 572
21 763
13 779
28 712
5 522
15 784
17 282
28 254
14 826
6 463
9 874
12 647
14 796
6 815
24 658
11 807
2 915
25 746
13 423
3 505
27 234
20 264
23 716
25 616
29 917
2 741
9 419
25 499
3 567
11 555
21 752
19 508
17 576
17 515
11 301
4 998
6 443
19 760
25 496
19 494
9 211
3 556
2 983
3 225
16 678
25 381
9 569
18 212
4 535
8 436
10 943
27 538
7 988
13 592
14 754
16 860
6 349
23 229
15 595
13 891
11 217
3 374
28 313
3 379
3 804
22 247
11 483
4 669
21 252
14 230
17 996
21 323
9 261
28 883
7 826
15 959
19 852
29 774
4 953
27 879
21 477
29 546
0 571
2 742
21 681
12 444
25 593
11 353
15 399
11 365
11 807
19 992
15 971
18 622
4 249
8 938
9 362
6 827
9 947
17 721
0 785
16 736
18 302
16 974
26 749
5 476
21 225
16 888
1 916
26 305
21 876
10 956
7 616
23 481
10 682
27 458
0 892
23 566
29 601
21 477
8 223
19 736
27 320
27 995
14 733
19 263
3 841
23 727
4 969
19 994
1 220
29 946
17 500
12 352
5 670
13 231
8 286
4 369
13 377
13 479
0 980
22 602
25 388
3 840
5 504
22 247
11 540
29 760
12 283
12 349
23 886
22 606
23 948
28 684
7 931
15 317
8 611
26 617
28 576
27 258
16 334
25 787
15 771
29 541
10 296
24 960
5 279
25 734
4 782
23 988
12 821
18 606
22 934
20 829
23 469
8 276
13 470
16 298
27 551
18 831
3 466
24 731
17 282
8 736
18 525
26 871
6 209
25 897
26 709
20 550
12 350
15 262
4 235
14 704
6 289
27 317
10 984
14 511
23 218
5 351
2 298
8 324
5 705
14 250
28 389
20 538
20 868
20 864
9 596
13 404
3 804
25 658
24 434
4 891
21 771
3 743
5 626
14 240
23 953
28 582
15 494
3 574
26 833
14 628
18 592
12 495
29 357
0 511
16 943
22 708
19 506
23 671
0 914
22 975
25 418
2 334
25 661
29 827
19 720
7 870
0 656
11 506
3 593
24 953
7 609
13 626
5 749
6 405
0 282
4 427
14 268
22 335
9 540
7 753
11 724
14 929
22 954
22 395
26 421
1 806
21 378
7 202
22 737
15 597
7 544
11 317
7 601
17 420
14 853
2 858
7 920
24 417
16 712
15 257
0 896
