1000
7 282
15 610
27 293
2 414
9 872
18 857
7 642
25 516
20 867
6 567
1 668
25 978
26 203
8 902
8 982
1 546
0 764
27 686
14 564
1 292
3 607
5 264
26 714
26 614
22 948
20 598
5 990
14 503
3 339
3 237
10 272
23 638
20 787
22 781
28 890
29 815
26 928
28 477
6 854
15 326
14 497
5 856
12 955
23 630
11 253
9 821
3 210
12 454
27 521
15 707
13 547
25 412
25 771
1 893
18 401
17 280
4 389
7 328
16 465
5 300
7 354
16 961
7 799
13 247
16 490
28 200
6 263
18 849
11 817
21 405
20 392
10 376
17 964
12 556
8 375
26 314
11 209
7 340
18 328
19 637
26 252
24 854
23 441
1 270
1 431
0 223
3 796
4 770
21 809
14 670
11 214
27 806
14 756
20 897
17 830
17 752
12 496
19 540
26 806
28 806
20 919
24 627
1 994
15 972
24 712
3 253
3 822
16 218
20 674
15 955
13 503
20 519
25 872
27 364
9 971
6 644
7 957
17 567
22 863
29 855
7 252
15 748
23 283
27 431
10 261
23 762
26 696
29 632
3 859
27 320
19 455
13 988
21 733
28 782
4 825
7 768
20 369
6 810
28 321
3 651
9 426
13 601
0 476
25 788
20 990
24 829
9 855
23 925
19 590
7 778
17 409
11 270
18 432
7 542
29 358
21 691
9 402
12 208
13 908
0 813
3 643
20 471
2 754
15 982
29 886
21 395
16 654
18 831
10 393
13 593
0 324
15 373
9 923
3 939
14 763
8 791
18 700
19 960
28 858
11 404
16 543
23 807
24 390
4 599
1 750
29 435
10 306
13 318
10 818
16 721
10 468
28 270
10 713
29 829
24 221
25 574
2 937
14 261
19 911
26 514
7 808
24 387
10 392
20 513
2 923
23 830
15 276
20 747
1 237
29 703
18 606
2 256
16 811
11 539
9 926
5 904
13 737
13 983
24 649
18 985
27 283
1 648
2 791
13 372
27 960
0 864
27 363
3 296
18 252
22 936
11 388
29 953
21 235
8 619
6 358
3 484
6 228
3 907
7 302
13 310
6 393
15 699
3 613
2 202
13 801
20 890
6 291
8 305
14 385
29 566
4 821
26 577
2 950
3 743
3 891
8 596
10 844
17 721
12 596
16 661
18 891
22 356
19 794
1 293
26 751
15 649
25 820
8 724
1 535
3 975
11 738
26 807
19 978
8 961
16 861
17 279
23 937
27 563
18 911
11 743
18 268
15 235
5 518
9 627
27 307
20 909
6 272
21 391
5 965
10 824
25 423
15 577
9 881
10 549
6 437
28 452
22 625
21 732
12 714
20 912
25 642
0 403
14 358
15 429
27 667
19 708
24 389
12 863
29 432
14 514
0 384
17 642
13 997
21 864
14 910
11 542
5 867
1 638
29 687
16 727
18 874
15 678
6 865
13 597
18 810
25 455
6 898
25 591
23 761
16 775
22 229
27 421
4 574
13 857
17 540
21 404
23 435
28 425
14 491
22 222
19 219
26 764
16 477
7 436
20 694
14 723
24 795
16 487
2 273
28 366
14 546
6 299
10 591
27 623
20 386
29 836
7 307
27 294
8 767
15 834
26 703
28 677
28 312
7 898
5 917
24 611
20 735
12 918
29 793
26 962
18 312
19 782
1 766
11 817
9 606
0 573
20 949
0 442
19 680
6 486
23 354
7 272
21 403
0 533
22 546
17 234
13 708
8 940
29 689
6 471
12 762
17 988
14 380
27 556
5 893
21 744
5 319
19 989
22 316
3 333
25 389
8 399
22 311
28 229
25 209
8 805
2 540
14 587
3 484
12 990
28 348
14 232
20 624
18 892
1 435
11 300
0 286
6 310
27 736
20 557
13 587
22 710
9 318
7 929
21 519
8 428
13 336
28 628
4 415
21 254
4 274
12 582
26 695
10 727
18 554
4 561
24 327
24 662
8 814
25 328
1 963
25 872
29 699
9 724
11 431
0 880
14 300
27 951
3 761
17 778
22 652
29 335
25 949
10 796
26 462
10 924
6 856
16 624
0 939
2 855
24 781
28 889
27 850
23 586
26 573
17 892
2 351
11 456
4 631
4 309
18 433
10 571
28 495
27 278
4 988
11 682
27 329
16 416
14 633
26 602
0 691
22 346
8 373
29 543
3 495
21 545
2 789
2 421
17 943
15 440
18 951
3 700
9 974
15 518
12 411
27 654
24 467
23 716
22 341
2 348
7 678
6 432
13 895
27 279
0 434
2 592
26 972
4 584
20 285
21 302
26 387
0 537
6 325
6 831
13 626
2 613
26 251
14 758
29 676
7 582
29 801
27 868
17 217
25 428
11 483
16 541
19 787
27 792
10 385
24 875
13 427
1 404
2 984
5 684
4 437
15 997
8 460
16 999
0 505
23 204
12 489
16 502
7 727
25 666
7 684
14 829
7 593
19 329
18 948
16 986
5 532
0 599
4 645
21 996
6 756
13 470
20 325
0 569
26 950
2 655
13 385
7 728
17 657
24 388
8 891
22 850
24 653
11 264
13 302
18 607
25 542
26 339
2 451
1 347
15 778
14 893
21 971
23 650
7 222
3 997
26 205
27 961
1 579
11 804
21 993
26 295
27 569
9 265
15 775
27 216
8 845
11 767
4 303
6 415
23 280
26 228
20 824
11 892
11 210
27 453
10 502
20 456
15 539
24 668
4 308
26 904
15 875
19 905
13 668
26 564
5 344
7 380
2 305
9 292
19 943
23 535
29 517
14 747
14 330
22 460
12 601
3 263
29 419
0 442
1 264
28 503
12 280
21 630
28 254
14 376
6 478
21 561
0 247
25 347
10 816
28 822
5 449
10 254
6 516
7 949
14 302
28 299
19 389
18 434
18 633
0 751
3 263
6 355
4 272
6 786
7 250
23 375
25 629
29 827
16 469
27 680
1 339
27 544
18 503
26 611
16 583
1 987
13 233
9 898
13 244
19 795
13 601
23 446
11 328
26 672
10 250
10 323
23 815
2 204
16 912
5 270
29 807
1 893
26 517
2 301
12 732
17 374
2 380
0 703
0 292
11 542
6 842
0 233
26 630
23 276
22 819
16 545
8 370
17 894
4 356
27 547
6 900
2 395
27 433
20 566
12 509
19 262
19 904
9 201
5 919
15 817
1 275
24 586
9 772
4 703
12 325
23 215
12 748
10 895
10 808
13 592
10 385
27 867
8 288
10 272
16 762
7 210
18 938
29 432
0 740
9 269
2 391
20 637
16 613
5 990
5 464
19 787
11 592
16 237
5 439
26 632
9 981
8 460
14 931
25 429
4 902
29 434
3 883
22 370
25 446
21 931
29 749
3 723
19 630
10 797
22 718
17 571
10 578
23 585
11 230
13 845
28 690
0 461
8 272
29 487
23 965
17 652
17 351
25 409
23 322
22 818
4 247
19 311
17 914
16 514
17 942
1 688
14 315
13 485
25 392
27 493
7 395
19 616
2 902
10 962
1 950
1 391
3 556
24 315
14 882
6 735
22 212
1 268
18 358
3 750
25 290
11 464
1 369
22 611
21 399
17 597
27 630
19 886
6 392
10 952
3 588
19 759
29 852
13 645
22 218
29 415
2 828
15 995
19 389
26 234
23 490
10 812
16 534
5 822
23 307
13 657
23 323
28 523
6 223
24 593
17 1000
7 985
9 731
17 208
7 721
11 819
4 761
12 878
10 695
14 980
21 464
1 462
23 216
19 487
22 946
27 650
8 545
15 925
7 986
4 699
24 219
2 207
3 982
11 409
16 645
27 439
10 582
26 673
14 601
0 816
26 597
7 839
22 587
3 350
29 792
16 647
14 800
22 969
1 373
13 704
16 381
1 584
19 792
29 440
0 201
5 469
6 610
7 240
19 374
21 428
10 590
6 334
2 422
18 283
19 363
9 277
18 233
20 301
26 933
12 700
0 232
18 504
26 430
8 837
15 742
20 593
3 758
27 484
28 840
18 426
13 719
13 871
22 213
17 711
19 603
13 620
3 847
29 436
28 838
15 769
9 898
20 565
26 603
24 685
15 692
16 745
29 599
20 849
2 406
14 743
18 394
0 247
4 263
25 580
2 559
28 796
24 973
29 635
24 506
25 775
26 380
22 514
1 638
2 280
3 265
0 291
8 923
4 872
5 455
15 849
8 608
8 202
25 230
19 716
23 492
22 531
9 909
6 414
21 625
0 546
22 603
18 649
15 954
16 210
12 377
29 944
3 330
24 571
14 542
15 883
5 490
27 800
27 441
6 778
2 400
21 813
21 427
15 768
28 238
3 744
6 734
5 308
25 229
9 765
19 354
16 724
9 450
19 435
16 389
12 618
17 843
15 211
23 437
16 631
5 720
12 449
23 219
21 598
12 759
15 367
3 597
2 924
10 616
8 290
8 289
0 340
2 634
3 567
23 680
13 347
7 689
9 675
8 502
8 481
27 342
29 808
12 367
15 566
20 566
17 521
