100
23 873
17 786
11 394
23 980
24 471
5 909
1 626
5 380
2 398
5 617
25 643
21 365
22 438
12 202
19 413
22 343
7 562
8 555
4 215
7 383
15 353
20 639
23 945
28 237
22 300
23 430
4 256
0 870
26 471
17 663
10 232
24 920
17 223
16 256
14 487
23 464
27 534
25 407
19 571
0 822
16 443
16 763
15 731
25 767
16 893
7 622
4 852
19 751
29 357
7 531
4 582
9 790
18 620
0 779
4 203
17 392
18 724
14 277
4 479
28 857
10 626
23 534
12 495
2 760
21 422
7 423
29 404
0 568
13 277
7 391
15 703
28 897
8 430
16 614
11 410
17 821
5 248
25 560
12 844
0 396
5 681
26 435
4 432
24 727
6 294
1 589
27 950
13 712
13 249
14 422
7 913
22 395
10 667
3 779
7 434
22 868
1 571
28 339
3 238
13 771
