100
26 302
18 217
6 736
10 229
27 943
26 811
12 263
17 611
13 666
25 470
27 541
9 691
6 770
5 446
20 520
10 650
25 610
14 366
3 447
1 833
13 895
20 749
13 206
21 509
24 809
12 853
22 667
17 643
18 433
21 825
16 616
14 405
23 717
19 757
27 207
20 952
23 677
18 374
0 685
27 610
27 813
19 867
25 445
22 211
1 748
9 834
25 245
28 994
4 420
10 628
9 951
8 242
4 504
9 352
7 282
29 508
20 726
19 502
13 724
8 871
7 244
29 947
29 467
19 423
27 509
27 488
26 565
28 691
16 402
20 855
23 916
9 829
22 777
24 709
22 960
4 770
9 451
29 899
1 576
1 946
6 800
3 962
3 995
6 208
23 960
1 669
20 856
26 368
0 667
24 326
8 379
3 940
14 820
25 268
5 876
16 443
29 571
8 564
24 521
22 974
