100
26 326
28 616
0 914
1 619
14 480
28 673
20 371
6 772
23 325
5 600
18 936
18 545
20 931
2 419
29 524
12 882
28 489
10 862
4 914
15 432
27 258
21 841
12 982
11 571
25 586
0 329
2 987
13 501
27 229
3 897
3 604
11 732
25 491
8 661
8 969
3 577
26 917
21 525
27 426
5 873
15 540
23 911
17 392
17 640
11 280
8 912
27 533
7 742
7 286
21 872
6 206
12 282
0 329
7 235
22 514
12 313
9 419
4 722
5 787
0 306
17 545
20 931
2 623
16 802
6 656
5 876
23 582
16 661
26 838
25 395
24 777
10 626
5 834
28 735
14 737
22 410
17 536
5 519
15 628
6 290
8 663
24 631
9 587
14 718
5 819
1 297
5 351
16 445
2 581
13 855
11 405
24 220
13 684
8 367
3 519
19 518
29 872
13 842
8 724
0 672
