100
6 927
9 316
6 204
22 392
29 219
25 453
13 333
9 553
14 281
5 515
20 455
12 363
13 661
24 960
24 721
16 893
3 911
4 456
8 284
13 211
13 720
6 546
18 731
8 446
1 531
23 947
0 481
16 271
18 608
3 883
20 790
7 395
0 318
18 935
16 468
6 919
0 684
8 916
1 695
1 880
15 241
16 883
18 415
14 210
12 285
17 554
25 353
23 550
28 352
10 451
16 613
10 256
26 854
5 904
18 901
9 997
20 937
10 530
22 634
5 397
13 984
14 970
8 986
4 228
13 762
25 751
4 278
11 698
1 708
15 291
4 202
4 312
9 206
2 840
29 418
7 705
4 807
14 236
0 917
19 302
16 318
0 494
8 726
3 900
6 406
7 720
5 869
16 908
25 338
29 515
6 804
18 703
22 624
15 713
22 975
10 625
15 939
27 438
9 395
23 799
