100
15 257
26 759
22 458
17 774
4 879
25 453
0 518
22 712
19 513
29 940
10 606
0 868
12 300
9 306
14 553
16 818
17 484
25 634
5 373
19 658
10 792
8 306
9 665
3 279
13 427
4 830
25 350
8 483
0 973
20 770
1 320
5 982
14 766
27 875
3 831
18 579
8 771
0 884
15 559
7 476
25 998
27 833
26 311
24 663
11 678
21 385
22 737
3 587
23 316
11 915
18 349
1 500
20 875
3 656
10 650
21 276
6 742
6 843
5 314
23 284
12 862
18 721
10 926
19 691
2 809
4 597
23 759
27 673
24 377
11 780
26 249
21 923
14 224
29 826
0 900
16 960
10 750
18 411
22 251
19 674
7 350
8 952
9 931
20 261
6 259
23 640
0 583
19 440
16 874
6 980
8 663
28 255
0 997
17 469
13 240
26 739
13 720
18 882
8 599
14 830
