100
28 205
4 658
9 245
20 739
4 454
25 502
0 585
17 690
18 645
17 487
2 381
14 926
15 530
21 466
21 457
15 579
10 786
0 292
18 772
23 719
16 821
9 827
5 705
26 790
6 765
6 820
9 207
2 988
22 642
8 883
0 421
4 272
5 842
29 937
13 287
13 372
29 346
25 461
1 739
4 773
11 763
12 973
14 779
21 415
21 929
23 402
4 421
13 928
27 852
15 418
2 225
2 571
27 356
9 995
21 774
17 485
2 965
12 357
0 726
17 530
23 417
12 339
2 388
9 782
12 677
27 603
29 824
16 467
13 772
19 625
11 386
22 395
2 363
15 999
23 559
1 534
11 795
1 691
11 473
10 819
26 642
12 286
4 622
17 698
23 971
29 389
7 942
29 588
21 308
9 578
9 504
29 898
16 331
12 925
0 756
1 587
24 352
4 569
1 245
26 226
