100
11 313
29 628
18 785
21 807
4 579
18 342
3 507
3 669
24 788
3 596
26 962
23 927
20 822
16 995
4 817
8 476
22 241
11 849
22 284
7 328
28 236
18 459
9 467
25 828
14 877
0 389
4 543
28 814
4 748
18 628
26 277
13 909
1 774
5 821
20 387
29 434
2 436
17 750
5 393
12 450
23 938
1 370
24 894
14 765
16 796
9 987
11 958
5 580
8 891
17 975
3 726
10 802
14 576
8 921
1 665
24 432
8 703
10 599
9 580
17 535
16 589
11 245
3 353
25 890
29 941
2 202
11 736
20 397
7 693
29 442
28 796
2 320
12 219
2 586
0 333
0 450
18 539
15 890
10 461
23 328
20 540
18 588
11 699
27 760
22 380
18 829
18 393
2 421
2 303
25 460
1 277
11 783
8 564
4 388
17 640
27 638
12 554
18 780
4 259
28 841
