100
13 826
5 527
8 517
17 421
25 954
15 459
3 486
4 222
19 797
7 971
17 634
0 460
20 572
15 611
23 680
1 662
23 868
2 633
17 815
13 591
8 589
20 595
25 908
4 379
18 748
8 996
13 388
22 863
5 208
21 618
0 356
1 810
8 351
14 914
16 753
12 298
29 757
5 416
20 447
19 876
27 374
9 461
29 253
26 824
24 279
12 897
25 345
19 610
14 527
11 650
9 995
22 829
21 484
18 878
25 297
29 312
1 344
22 396
7 439
6 912
13 705
3 247
1 765
13 555
26 230
16 943
26 594
13 348
28 995
23 595
7 869
11 957
17 261
1 711
28 530
11 973
18 430
25 817
12 530
2 830
0 692
22 253
10 463
17 693
11 992
29 323
18 361
10 743
24 359
28 661
2 566
23 551
14 824
2 329
24 874
8 638
8 226
26 538
14 872
23 311
