100
10 635
18 947
17 208
8 315
23 258
28 562
28 672
7 927
1 216
0 672
14 842
13 251
5 629
22 783
2 275
9 917
27 786
2 291
18 406
21 417
14 348
18 875
12 451
17 218
5 541
14 637
18 916
17 738
7 997
15 757
9 366
8 935
4 387
26 987
23 873
13 302
1 278
27 581
5 356
23 467
21 657
23 395
28 890
8 457
12 559
10 413
23 615
20 685
0 423
28 869
28 577
15 393
6 546
7 909
7 329
13 260
27 366
7 977
1 254
11 812
19 631
21 768
28 698
9 535
1 486
17 667
24 819
4 471
7 318
6 830
13 584
11 745
20 213
12 760
1 711
25 210
22 818
8 919
0 815
2 366
2 663
28 685
27 959
19 844
2 414
25 440
20 475
13 968
12 681
22 833
2 525
16 781
20 222
15 622
26 425
17 210
5 239
7 891
17 869
20 814
