100
1 659
26 520
7 627
25 966
13 593
6 335
22 694
19 937
13 744
19 504
21 923
9 666
20 992
27 205
27 330
11 231
7 738
26 532
19 826
21 718
12 261
7 719
4 698
23 752
21 514
24 691
10 325
18 1000
8 532
2 395
15 303
14 730
23 211
22 744
7 423
17 366
27 968
29 622
26 334
23 853
19 287
28 807
27 989
18 284
23 853
13 418
6 619
1 812
12 246
0 988
21 910
1 996
14 311
15 406
22 237
24 890
27 853
7 826
26 415
14 914
20 798
28 848
12 943
12 938
22 667
1 401
10 797
10 867
0 615
10 719
6 565
7 901
23 956
13 705
19 277
23 713
4 670
20 711
23 612
4 632
17 728
10 328
3 574
17 395
29 240
23 574
6 676
9 829
1 411
29 535
19 743
4 593
13 314
17 702
11 323
15 656
27 299
12 268
7 417
20 976
