100
17 775
28 835
26 872
23 857
20 676
21 936
10 888
14 751
21 298
12 216
1 699
2 813
28 829
6 754
28 430
4 370
12 600
24 425
18 982
23 235
8 952
12 449
22 434
27 905
0 730
9 416
13 232
8 397
21 625
10 792
20 713
17 919
6 326
21 548
12 271
22 514
21 570
28 852
16 589
19 958
8 699
13 297
27 549
1 916
26 590
26 345
27 887
12 798
25 744
0 460
13 631
3 964
21 831
5 339
22 941
25 492
15 685
14 251
27 341
3 977
24 430
20 383
27 971
26 591
10 294
0 402
24 695
0 755
3 205
27 434
22 670
16 618
27 964
15 521
16 991
3 254
16 901
29 879
18 664
8 462
18 757
10 272
15 900
3 973
13 289
25 597
22 381
3 425
12 754
26 901
1 968
20 523
3 635
11 590
5 266
12 693
3 624
10 494
6 272
14 489
