100
24 628
28 299
22 736
9 633
14 359
22 327
11 829
25 661
6 218
29 344
24 999
19 694
2 485
11 417
13 904
24 470
24 306
7 884
1 569
15 745
22 265
6 927
18 528
9 779
24 358
24 305
28 222
7 267
28 341
9 309
23 986
14 678
1 536
28 993
29 797
15 207
0 798
2 814
18 964
5 640
5 927
23 617
27 263
21 773
27 402
10 332
3 757
8 236
26 377
19 447
8 655
21 262
4 791
29 620
27 695
7 324
13 426
8 563
9 285
17 610
25 979
8 534
17 236
28 658
28 814
16 518
2 630
7 266
23 453
10 271
6 763
25 917
28 914
9 946
14 332
15 869
2 484
24 977
6 851
2 567
5 857
7 588
10 328
25 238
5 398
26 208
21 715
26 589
4 852
25 795
6 881
14 905
13 459
1 363
10 971
0 682
3 630
10 392
19 542
24 506
