100
10 381
23 992
4 743
21 509
4 378
4 952
3 850
1 945
2 522
10 442
29 741
27 281
26 765
27 201
3 787
3 590
11 271
21 630
15 611
2 709
16 458
9 464
26 961
28 375
10 332
16 545
6 336
5 846
2 697
10 284
9 996
0 935
23 728
2 784
26 585
26 834
1 528
27 874
22 534
19 710
25 201
1 663
17 803
10 414
28 570
23 938
24 547
18 620
8 374
13 754
12 768
6 477
13 539
2 955
11 651
24 310
21 653
20 361
24 467
12 495
26 549
23 482
5 538
28 727
13 813
16 461
13 534
26 673
3 228
6 798
29 341
12 275
1 828
17 855
18 930
13 480
15 815
16 928
22 496
10 880
20 430
4 331
28 939
0 284
4 484
28 637
29 330
24 725
11 630
7 716
18 642
0 960
22 412
25 790
10 407
2 607
22 246
18 673
23 521
27 402
