100
25 704
19 354
8 718
2 599
23 932
16 288
5 335
21 334
4 916
28 916
22 686
8 630
29 491
24 411
4 892
28 670
2 991
24 721
11 799
5 807
1 265
3 338
19 911
28 440
9 899
3 761
4 830
23 718
27 383
3 895
11 391
24 676
29 836
17 609
14 430
24 302
18 401
16 224
22 537
24 778
11 814
20 707
8 599
14 235
10 987
21 369
0 372
26 352
23 836
15 261
17 514
8 799
14 848
13 271
1 621
20 636
21 320
12 762
11 456
11 679
15 521
25 945
18 259
8 910
26 600
13 962
26 680
7 493
0 977
21 776
10 989
29 765
2 640
19 900
5 242
1 560
2 504
20 608
13 630
3 299
14 374
12 553
20 283
11 760
23 261
21 267
4 885
21 665
25 554
21 652
6 908
20 780
18 230
5 254
6 838
26 870
14 912
28 952
23 838
16 859
