100
27 923
8 793
15 731
19 635
17 589
18 706
9 878
23 872
10 796
15 664
23 595
19 324
3 973
5 259
10 469
0 848
2 472
24 574
16 822
25 979
17 693
25 575
18 485
10 654
8 726
9 976
29 487
23 516
18 940
11 442
13 534
29 679
14 264
11 451
29 484
19 699
23 647
23 792
13 675
27 224
27 527
9 980
26 799
14 555
4 885
4 418
20 357
11 547
21 302
4 275
1 929
25 977
15 778
11 937
4 629
24 779
2 767
19 905
26 962
23 894
0 804
6 696
0 917
11 788
4 688
1 491
10 294
17 304
17 931
10 653
8 453
8 282
13 359
10 716
17 304
7 557
2 292
20 962
10 434
18 873
6 805
11 736
16 368
24 370
28 310
1 905
1 942
10 409
29 671
29 853
25 233
3 993
23 381
13 621
9 615
29 378
27 871
16 817
24 240
7 471
