100
12 531
9 693
9 770
10 908
7 477
18 389
21 345
25 440
14 514
8 864
2 418
3 607
13 272
24 690
26 851
17 408
0 265
5 614
9 333
13 229
24 888
27 209
25 552
7 524
12 861
5 591
27 713
17 808
28 873
13 788
23 286
5 836
20 443
20 392
6 941
6 683
24 707
2 858
1 607
14 408
14 396
7 362
22 437
14 337
17 805
2 586
24 583
7 546
28 892
8 615
20 940
0 291
19 291
10 454
14 348
26 935
17 209
16 541
17 212
9 757
10 317
11 720
0 728
25 314
1 435
28 490
2 225
3 205
23 562
13 239
1 387
13 849
4 986
2 914
26 964
12 972
7 609
10 425
14 522
18 542
21 497
21 460
26 690
14 402
8 682
1 692
29 846
4 315
21 440
21 294
5 272
26 780
29 950
16 380
26 770
17 587
23 304
13 679
22 619
18 599
