100
2 279
15 248
8 458
6 932
28 751
6 616
11 508
2 489
6 783
26 748
21 861
28 680
6 619
17 422
20 886
28 955
20 684
10 404
3 884
18 736
9 700
3 748
27 381
3 641
1 761
16 714
12 206
19 979
14 201
6 726
14 814
11 981
4 471
10 717
24 970
8 853
9 348
4 832
24 309
29 660
9 308
29 924
8 915
10 310
7 775
8 731
25 470
12 625
11 620
3 882
20 422
25 674
4 244
14 641
25 458
17 956
14 398
16 351
7 747
18 566
8 374
27 337
21 843
16 549
2 707
24 477
18 613
29 755
0 484
1 960
22 730
27 930
18 281
2 363
15 838
11 621
10 396
4 761
5 349
27 910
21 873
7 777
19 877
4 921
11 285
8 516
6 530
25 806
17 732
23 884
9 200
25 645
5 636
5 255
29 508
2 512
15 731
22 447
11 750
1 725
