100
27 448
19 425
28 613
11 964
2 541
6 836
0 298
11 736
17 954
27 838
5 907
13 411
5 912
26 789
25 738
26 648
10 490
11 209
6 666
0 995
15 232
18 780
14 601
17 982
14 410
24 203
2 358
12 406
29 225
26 608
7 808
16 521
5 838
28 324
15 397
12 742
2 433
23 425
18 621
18 495
9 544
13 897
21 680
20 761
20 317
28 604
25 691
28 294
9 342
19 649
6 900
26 635
19 457
14 781
16 785
14 706
8 814
5 727
16 638
1 244
1 752
22 720
20 514
18 803
5 492
12 804
15 560
3 540
11 930
13 336
28 743
7 513
11 371
0 218
14 609
8 791
12 370
3 691
9 292
6 965
7 714
21 442
14 331
22 349
1 215
10 491
12 882
21 230
9 264
9 817
14 808
6 867
20 465
26 441
22 232
11 862
8 290
14 455
4 719
1 662
