100
15 477
28 633
6 626
9 385
6 988
12 245
8 770
7 542
8 522
12 398
22 783
25 755
27 608
17 766
21 640
19 829
14 443
4 810
3 502
20 855
8 450
8 631
5 262
21 635
11 413
11 316
6 679
0 505
21 807
1 512
4 371
8 483
26 426
6 231
11 758
26 784
2 573
21 613
2 834
5 293
22 227
5 438
18 276
0 631
7 723
14 368
28 525
5 618
22 661
8 985
17 454
5 228
23 425
28 651
15 698
18 379
3 799
12 442
17 271
2 582
20 767
19 217
3 954
2 349
13 728
6 487
17 631
18 631
13 293
4 579
5 635
8 976
2 354
9 601
4 215
14 928
28 835
26 876
29 727
1 282
3 338
3 395
21 595
6 604
26 857
0 308
14 955
8 898
14 980
11 768
14 596
9 335
23 914
1 683
4 216
19 578
11 495
8 890
26 969
23 941
