100
24 929
0 637
22 444
5 725
5 592
4 496
20 312
17 232
17 516
19 307
14 336
18 682
5 392
28 276
18 399
5 258
11 751
28 264
3 1000
2 783
8 712
11 823
6 653
11 705
5 600
10 859
14 500
27 971
11 416
20 852
13 245
22 444
24 290
12 355
10 446
22 909
22 946
23 415
13 826
5 729
6 974
13 603
11 211
13 662
5 712
18 618
4 896
0 950
11 831
11 506
18 639
23 506
21 428
23 954
0 731
5 689
16 257
2 828
5 612
11 717
0 942
28 629
22 876
27 720
19 367
22 737
0 720
7 247
20 981
27 318
11 283
4 245
10 875
14 648
19 940
15 851
11 707
19 960
23 820
4 504
7 829
3 327
8 597
9 510
16 204
16 639
14 275
16 429
15 666
27 413
5 322
3 789
15 770
16 895
15 392
7 554
25 943
0 641
9 767
6 872
