100
17 712
4 856
17 821
24 457
4 562
21 725
1 537
21 858
6 349
13 570
17 748
6 989
13 219
8 401
16 620
7 281
9 849
13 606
2 945
6 467
6 515
16 279
9 427
19 455
15 534
20 321
1 978
22 398
10 634
16 935
23 744
26 625
3 480
23 649
9 415
27 729
17 822
16 274
5 219
26 959
27 893
29 258
3 993
22 310
3 358
8 556
6 561
11 689
18 683
27 609
12 917
24 455
8 805
26 697
16 994
27 592
22 774
0 744
23 685
25 801
4 448
16 475
17 556
17 836
20 523
19 291
13 914
12 798
9 693
2 677
25 317
24 700
13 458
7 665
16 455
28 372
16 707
3 494
10 555
14 901
25 205
11 937
18 890
26 340
21 305
19 232
6 701
14 369
25 830
10 335
2 405
8 291
27 398
8 972
26 452
21 726
23 848
3 910
4 250
3 608
