100
6 497
9 559
21 964
7 705
3 447
18 520
19 310
26 893
16 918
18 491
1 854
2 372
29 687
25 542
23 809
13 357
17 279
17 532
21 926
23 563
9 946
18 994
16 826
9 697
27 282
24 554
16 426
12 331
29 740
26 952
13 251
20 971
29 265
16 795
23 687
28 606
4 459
16 761
13 674
11 604
25 252
17 690
4 983
3 921
26 721
25 941
27 953
18 455
20 596
27 337
19 545
16 593
24 334
23 893
6 936
28 303
0 237
11 221
23 293
5 757
18 658
21 729
10 326
4 405
21 775
11 370
20 406
26 759
5 447
23 534
0 297
7 723
1 590
20 500
4 811
9 882
26 289
13 589
25 238
19 383
20 680
26 263
10 455
21 874
9 665
23 945
3 291
0 639
19 322
19 210
16 644
22 911
29 620
5 642
21 467
18 278
24 965
18 357
27 909
7 954
