100
19 687
27 437
24 694
19 604
21 675
18 898
18 937
10 523
19 393
2 961
2 798
7 965
29 320
19 923
16 600
17 343
16 227
22 772
25 264
19 991
20 779
4 376
5 417
1 704
12 258
13 774
28 405
18 474
15 951
7 561
5 348
12 388
11 692
15 602
14 488
15 767
23 724
11 853
21 511
14 732
16 288
17 539
29 428
23 808
26 419
24 292
5 807
7 225
1 475
7 216
29 848
3 983
9 699
15 455
28 202
8 378
4 301
13 492
25 916
15 491
9 431
17 755
5 507
11 980
11 957
19 448
21 204
21 512
2 631
10 301
11 561
6 758
12 691
8 876
3 849
8 335
26 703
18 803
4 471
9 453
9 810
2 462
15 283
6 853
23 580
29 292
3 506
23 770
26 987
9 704
1 948
27 275
26 214
10 767
28 484
23 281
25 265
26 368
17 774
16 247
