100
1 689
0 568
4 893
20 478
26 473
0 866
17 548
13 742
10 370
2 799
18 275
15 240
19 702
5 400
18 374
2 796
21 831
15 311
26 928
24 386
3 809
14 362
1 839
23 405
29 752
6 486
8 295
21 768
6 321
25 969
24 961
12 801
9 272
12 994
27 398
10 925
4 453
4 629
10 647
29 938
9 507
18 683
22 722
28 581
9 795
20 344
8 923
18 341
4 948
15 788
24 345
19 525
23 658
10 644
20 669
14 862
13 510
23 857
8 819
23 236
18 443
8 735
18 279
18 569
4 286
19 430
28 799
27 243
13 775
13 272
14 733
8 517
22 257
18 482
7 821
14 978
4 348
12 692
22 656
22 965
8 883
15 645
10 364
10 877
19 815
4 440
11 302
25 229
27 458
22 219
6 236
10 472
23 696
21 560
15 248
5 551
18 831
27 370
18 605
28 511
