100
2 526
0 903
9 675
19 493
25 363
27 484
4 421
0 594
8 818
24 488
3 579
20 988
15 286
1 211
24 857
3 210
24 535
25 999
25 804
23 322
8 357
6 842
12 751
23 505
16 841
13 758
7 390
15 327
28 477
15 880
13 253
24 923
16 577
28 872
19 263
16 254
23 976
24 979
5 758
15 883
29 571
11 992
25 911
4 678
28 230
28 685
24 363
12 642
20 823
21 208
15 263
16 990
17 365
12 287
0 612
15 623
2 380
21 621
22 629
13 703
27 802
6 948
25 383
16 402
7 703
17 685
15 525
27 806
14 911
11 746
2 966
23 347
24 874
26 725
9 234
26 637
17 319
24 861
26 289
10 742
26 537
19 305
24 558
6 955
12 377
8 946
20 429
24 282
10 300
15 683
14 796
8 248
23 213
27 994
27 268
2 238
6 876
11 293
18 780
24 841
