100
3 859
25 479
13 765
28 807
6 331
29 753
15 392
0 380
5 519
22 450
18 266
1 971
8 733
22 844
8 228
1 483
28 377
15 884
8 612
28 802
7 625
27 957
0 386
4 253
2 770
17 965
18 695
19 224
8 395
27 967
11 546
24 745
13 844
13 1000
18 279
14 513
0 321
14 219
15 541
11 370
17 872
20 738
2 297
10 706
16 359
15 744
3 857
21 963
17 840
16 814
9 443
21 474
0 231
23 774
5 625
22 912
5 261
22 831
27 380
0 967
4 308
2 370
19 316
5 889
1 325
14 963
23 506
25 429
26 315
8 565
28 218
28 890
18 554
24 899
17 405
24 499
2 740
3 498
18 250
18 877
22 462
9 961
19 672
19 937
7 995
1 444
4 487
18 694
21 950
3 738
6 301
0 959
8 784
9 585
6 521
19 561
29 665
11 729
5 391
6 501
