100
29 481
13 376
15 635
10 366
18 215
29 752
0 201
0 988
14 766
2 961
9 804
0 350
10 819
22 578
10 483
13 373
17 364
10 542
23 212
3 526
13 386
8 200
24 350
24 989
16 208
16 357
10 214
15 578
23 572
3 547
19 764
2 705
20 455
15 218
14 634
8 928
5 928
14 275
13 261
19 588
29 909
11 312
20 289
26 321
13 796
29 423
1 863
5 878
20 971
3 949
13 502
15 339
4 735
22 744
7 355
8 799
24 492
14 926
3 629
10 483
17 624
27 768
6 801
27 329
25 242
17 338
2 848
9 796
15 782
2 625
7 999
9 806
16 890
2 365
28 958
3 365
11 976
5 760
28 439
23 253
13 702
1 331
11 351
7 714
3 683
26 717
6 494
17 531
23 464
10 990
5 955
17 239
29 856
21 951
8 562
24 964
22 652
20 372
23 889
15 420
