100
18 668
23 468
2 675
21 826
13 322
20 520
21 808
8 410
22 386
16 945
6 940
17 851
10 314
13 302
4 263
14 955
5 430
25 779
26 678
25 871
8 358
9 487
14 270
14 875
3 597
4 703
19 288
21 944
20 445
26 698
2 534
16 249
20 547
14 585
25 260
18 851
29 552
12 919
6 554
0 821
1 499
18 648
17 973
26 771
15 639
4 948
14 294
18 328
11 777
27 440
17 913
8 656
28 287
26 751
28 480
7 918
19 516
29 353
5 233
27 878
8 647
13 324
21 398
29 881
27 993
24 972
24 289
20 953
11 442
10 205
0 719
16 378
18 427
17 831
17 452
13 664
17 839
2 690
8 389
7 215
11 847
23 216
9 261
13 747
5 736
15 512
4 841
4 872
25 501
26 401
28 467
27 238
3 700
14 733
7 812
3 801
23 362
5 638
19 297
28 580
