100
19 614
3 381
0 990
3 201
10 396
24 828
2 328
28 260
18 877
7 507
20 988
10 969
20 937
26 671
8 617
19 410
20 807
8 796
26 949
28 920
27 746
1 223
24 777
21 207
21 640
18 864
0 382
22 837
9 738
6 714
18 565
20 450
23 642
14 417
2 742
13 811
4 730
10 646
21 434
6 600
15 479
29 490
20 262
6 944
21 333
4 987
17 304
12 287
12 508
7 455
5 636
8 256
18 691
2 554
27 336
17 596
16 710
13 530
2 801
16 892
13 461
4 369
7 380
6 867
9 328
1 759
23 350
8 951
7 756
1 366
1 469
8 869
15 639
10 574
0 658
8 438
29 331
12 929
4 369
18 312
19 433
27 366
10 428
25 388
16 301
21 467
28 327
21 685
8 662
25 282
5 574
12 794
3 976
15 413
16 754
5 200
15 674
14 324
16 997
10 424
