100
9 502
14 525
14 365
3 232
15 471
19 643
12 954
15 683
7 285
0 923
7 496
27 597
3 336
22 981
27 679
7 340
13 607
8 474
21 524
25 304
6 895
2 626
12 726
2 677
9 623
7 537
13 594
9 662
22 994
12 376
16 601
21 621
17 854
1 872
4 506
2 299
23 935
15 497
28 292
8 347
5 757
9 930
3 845
8 579
26 399
24 846
12 330
7 459
28 706
18 441
6 861
3 445
4 857
16 866
12 667
24 379
26 235
12 892
11 989
15 908
5 724
19 784
28 801
3 310
17 681
14 491
9 648
24 696
3 758
4 818
5 534
18 877
15 630
10 423
13 420
22 896
2 610
3 709
2 293
9 216
26 541
27 373
1 808
2 656
23 986
14 543
27 923
10 328
16 795
23 548
1 595
21 805
15 712
20 667
3 690
14 535
1 330
19 894
21 788
1 311
