100
12 803
15 684
1 358
12 723
14 895
5 354
4 352
1 296
18 756
1 549
4 267
1 918
16 321
25 695
27 691
17 557
18 426
9 727
22 626
23 424
1 379
5 263
7 922
22 698
15 447
11 491
4 763
17 922
16 965
27 572
22 796
29 370
12 999
7 794
22 887
5 610
17 215
24 627
23 905
5 879
17 471
12 369
17 244
19 414
2 984
6 641
15 844
6 361
25 983
22 624
0 805
3 740
19 624
10 759
29 965
2 935
7 505
13 465
2 835
18 495
21 865
0 367
29 918
17 804
4 513
8 946
5 367
8 459
13 622
11 678
8 486
13 745
13 816
1 262
6 329
15 718
2 745
12 725
0 531
29 540
25 705
7 727
11 536
5 870
13 789
29 834
17 675
26 642
13 728
13 317
18 398
7 756
23 525
9 401
2 531
29 400
21 345
4 545
18 965
0 822
