100
7 386
8 705
4 611
10 212
14 621
6 534
28 565
5 742
15 602
25 993
12 480
6 960
4 392
1 211
18 733
18 780
21 447
29 957
18 690
19 208
17 562
24 881
12 440
13 720
3 524
6 699
15 485
20 354
21 939
23 413
12 730
9 683
22 363
16 278
28 619
25 608
22 977
6 384
22 324
2 558
27 251
14 938
10 368
6 824
3 490
25 570
20 507
23 749
15 823
3 715
22 272
16 714
14 855
1 927
2 427
15 359
25 749
18 423
10 229
0 441
10 393
7 459
6 487
5 870
22 428
9 782
1 733
10 988
23 393
16 233
3 941
28 299
21 747
20 444
7 850
6 647
0 780
20 476
10 529
21 978
1 264
15 377
29 268
3 491
4 685
13 367
7 681
26 502
25 639
13 814
21 804
16 802
0 572
16 773
20 645
25 623
18 799
28 222
5 330
5 297
