100
27 948
15 454
6 396
8 820
27 599
13 666
17 967
19 843
2 330
5 890
15 642
20 432
28 321
14 463
13 293
1 532
11 332
20 211
22 543
19 597
25 405
16 559
7 674
8 442
8 655
2 282
29 806
1 933
7 812
7 533
15 669
9 672
17 420
10 295
9 919
21 866
17 570
21 358
2 882
13 398
16 894
18 356
13 603
23 668
2 488
15 627
20 964
6 610
25 743
25 981
3 910
15 643
8 354
29 242
21 724
8 1000
20 752
20 452
25 373
6 203
6 292
16 723
24 621
5 588
3 616
13 563
25 701
8 613
22 987
4 298
1 763
13 937
20 571
19 913
20 508
27 267
4 491
4 881
7 474
7 977
21 272
21 737
13 778
27 511
24 329
28 980
19 983
3 939
3 280
12 847
13 838
28 868
16 854
16 240
13 993
2 461
15 335
3 794
18 952
13 799
