100
18 529
6 475
22 653
25 564
1 734
27 545
15 528
5 541
29 513
4 715
24 337
25 289
18 589
26 912
25 333
2 670
10 714
7 937
2 331
22 873
25 399
22 621
5 686
25 935
22 558
18 427
1 972
15 278
10 931
22 859
20 526
5 663
1 819
26 591
6 431
25 705
24 503
26 643
15 527
12 415
8 938
23 320
14 864
28 378
10 432
26 666
25 988
29 955
14 365
9 741
20 437
3 589
22 999
21 923
21 737
29 763
0 834
10 848
17 290
18 440
2 628
11 326
27 977
18 766
10 846
8 942
0 619
1 700
4 877
24 507
15 394
2 284
3 667
29 555
11 839
8 406
26 790
7 614
6 730
22 934
23 812
26 810
9 974
10 554
19 901
16 920
10 264
7 245
28 692
27 534
8 651
1 421
3 577
20 561
24 993
27 482
23 751
10 436
21 963
22 637
