100
17 324
21 349
29 369
8 305
14 804
2 379
0 984
25 704
24 724
21 790
26 880
8 892
16 714
13 681
19 297
7 956
23 312
3 625
0 406
17 742
17 487
28 785
1 597
11 491
23 676
15 448
15 668
13 967
8 787
14 717
22 286
16 898
14 969
17 652
22 849
28 269
23 817
20 802
22 688
7 650
17 785
17 747
9 482
23 935
7 1000
13 287
10 410
5 219
8 337
8 707
19 932
8 254
18 243
5 853
20 817
2 838
28 619
10 672
14 239
21 979
9 201
8 699
11 783
7 254
15 813
15 214
3 277
3 310
6 379
21 931
23 883
23 778
26 678
8 778
18 486
29 669
6 968
24 224
25 635
3 371
28 744
18 537
14 459
10 726
12 245
2 363
22 617
10 202
2 708
1 444
26 859
16 245
27 849
24 561
24 346
6 702
12 324
9 233
4 830
20 488
