100
9 286
21 570
10 982
5 822
2 613
24 624
3 323
18 404
18 286
10 475
19 655
16 476
10 978
9 749
24 715
19 789
3 781
17 994
15 957
19 586
7 248
6 622
14 244
2 711
5 465
28 648
29 770
10 937
14 210
12 660
26 243
22 496
16 436
1 900
22 815
13 215
14 212
15 727
19 736
28 442
23 227
7 509
8 392
5 438
12 655
8 472
15 998
1 603
9 522
4 273
20 349
19 207
29 928
25 594
26 204
16 987
10 227
26 210
27 262
21 895
17 629
23 676
1 212
5 619
7 973
10 316
22 760
11 292
13 558
2 648
2 551
27 949
1 426
3 929
26 517
10 963
28 630
25 977
0 273
17 449
24 375
29 853
28 697
17 941
17 581
16 894
27 702
25 322
9 665
2 202
0 977
29 740
26 395
25 776
1 933
19 286
4 994
28 546
8 309
9 841
