100
2 994
14 755
21 996
8 437
5 910
16 401
9 788
23 935
25 336
14 632
0 615
20 589
29 874
7 427
1 958
7 828
9 575
25 932
6 372
28 855
13 340
23 752
9 968
14 544
14 409
27 620
6 856
24 553
21 405
12 926
24 972
22 338
1 490
17 710
8 364
13 557
18 451
27 614
2 978
24 247
10 861
0 409
24 545
19 687
26 836
15 570
10 754
23 439
8 867
8 390
24 692
21 498
3 225
24 291
9 392
23 521
0 786
23 370
0 303
21 399
10 504
28 449
29 660
18 532
26 767
22 360
24 326
22 724
21 219
1 645
15 659
29 710
7 437
27 952
13 653
15 597
5 940
16 309
28 360
22 855
14 857
21 424
27 360
7 290
23 333
17 733
10 837
6 790
1 282
11 406
2 652
29 283
8 553
11 796
7 727
2 903
2 768
23 444
20 985
29 815
