100
19 973
8 914
17 283
13 708
29 549
10 662
29 393
7 263
19 647
20 786
16 747
5 461
14 659
8 548
14 386
6 443
7 586
25 660
24 200
14 699
20 294
14 737
13 910
23 887
0 240
3 930
17 536
16 548
21 560
27 560
9 282
14 507
11 544
10 671
5 650
28 216
18 766
6 503
5 970
11 214
1 704
11 984
16 436
27 582
18 621
22 894
5 728
28 307
24 244
23 627
12 456
27 776
26 563
1 475
17 479
18 477
15 259
27 847
10 243
19 592
0 630
28 205
2 799
5 650
7 445
20 894
14 446
20 741
28 623
13 946
2 612
10 780
3 798
18 317
13 422
15 842
13 893
13 802
0 921
8 251
23 988
12 265
16 681
5 871
11 555
10 815
6 516
21 983
5 542
6 909
10 338
28 463
26 268
8 348
6 255
2 634
21 507
26 654
18 252
21 361
