100
20 778
26 244
5 486
3 553
22 228
4 279
18 233
17 529
12 527
25 787
26 272
17 243
16 752
19 279
9 623
7 898
8 909
29 424
1 899
18 964
26 553
15 331
25 626
16 954
23 874
20 912
21 487
18 815
13 228
7 463
8 207
27 802
8 930
21 836
17 381
15 291
12 671
20 318
5 843
5 214
24 925
22 654
28 789
20 253
3 367
25 961
29 723
20 951
14 869
1 670
7 695
14 488
8 759
6 313
11 262
1 786
9 262
4 648
19 408
6 900
23 234
6 308
24 331
10 477
13 437
21 287
8 825
15 857
28 353
24 448
6 474
6 625
24 756
24 786
13 724
3 998
24 537
14 383
2 704
2 720
11 547
22 446
5 226
20 515
23 713
28 679
24 693
6 397
28 778
2 643
14 628
25 597
11 386
28 510
12 720
27 422
22 521
7 600
29 823
16 231
