100
6 422
28 312
2 700
9 876
25 728
13 203
7 696
13 413
7 736
26 942
28 758
23 933
2 323
7 747
11 649
11 893
11 228
14 314
12 805
17 986
9 799
6 564
4 998
12 274
9 413
8 234
26 959
29 858
16 861
5 889
10 881
9 513
15 609
19 283
14 480
24 516
13 273
15 503
15 294
5 604
14 595
3 947
15 319
1 484
10 584
22 660
16 345
22 438
8 551
24 948
29 552
29 962
1 421
22 662
6 921
6 598
0 382
10 764
2 867
26 767
23 955
23 308
6 573
17 600
11 383
9 378
19 885
10 653
18 740
23 692
23 230
18 426
13 834
21 819
4 481
12 568
20 370
0 538
16 740
29 218
21 724
5 321
24 664
6 599
6 817
0 916
14 291
5 382
12 644
12 916
20 632
15 341
4 574
8 735
24 513
1 895
20 871
26 639
19 595
4 728
