100
29 432
18 685
8 792
26 825
0 215
20 946
14 847
27 214
4 983
28 477
10 730
5 528
10 998
29 835
7 892
8 232
22 469
17 501
28 707
18 997
21 787
4 490
17 280
14 460
11 748
0 920
28 680
28 878
9 605
17 569
6 764
0 476
19 433
4 903
11 451
13 674
28 252
10 693
7 668
28 900
24 631
21 884
15 945
29 459
16 615
3 452
8 351
25 835
22 816
4 710
8 500
8 463
23 526
8 868
6 475
21 773
25 238
9 940
12 324
20 830
5 738
24 854
21 210
0 902
26 262
8 425
1 299
8 280
18 556
7 353
28 714
15 314
17 943
4 905
20 435
10 841
21 572
13 342
0 551
1 491
11 202
10 598
1 578
7 571
11 620
9 386
29 833
23 600
6 843
24 443
10 766
4 739
0 885
22 818
12 519
21 590
6 406
18 358
8 313
20 359
