100
7 376
23 849
18 817
7 418
25 738
29 705
11 459
25 798
16 577
14 330
3 737
7 575
16 315
4 231
19 817
29 319
19 938
22 741
20 800
10 935
20 629
0 978
28 924
1 758
27 320
10 695
23 719
10 901
27 759
7 802
13 571
5 451
4 576
9 599
20 721
19 961
23 924
9 777
21 975
21 550
24 738
15 648
18 983
20 389
21 685
19 338
24 553
28 835
4 883
8 483
26 249
0 506
22 831
14 700
2 472
22 415
16 892
0 917
26 573
22 885
25 721
6 681
22 411
20 616
22 390
4 621
14 618
9 917
10 667
5 303
6 656
8 928
10 256
12 835
14 635
6 684
22 206
16 277
7 854
27 338
15 387
5 631
16 401
24 284
9 860
2 561
20 437
4 640
4 597
26 924
15 211
17 441
8 468
23 447
18 894
19 763
11 946
21 340
29 439
20 701
