100
18 514
3 739
22 494
14 700
16 682
22 576
16 376
5 280
4 625
13 997
17 721
22 647
24 873
16 699
15 454
18 701
4 208
6 725
5 573
5 931
23 545
21 636
20 493
26 956
14 821
26 789
27 464
13 296
21 245
4 341
29 518
1 762
23 207
6 653
29 573
11 886
24 699
0 353
20 458
0 412
16 832
2 636
11 967
18 911
23 608
0 910
28 836
14 927
24 607
1 212
29 933
9 806
16 407
15 624
19 823
25 387
10 873
9 590
12 676
1 762
25 466
23 320
24 753
14 641
24 572
5 394
14 776
7 454
16 717
1 740
0 400
19 742
28 293
28 224
7 913
23 509
7 468
5 539
12 902
5 247
18 408
21 448
15 997
26 449
19 553
10 551
18 826
5 494
4 951
20 872
18 578
12 688
14 968
22 806
26 288
27 416
20 429
23 864
29 464
13 756
