100
15 387
27 582
7 516
29 838
3 588
24 505
2 913
26 382
3 959
28 851
23 317
22 210
3 564
2 797
24 587
29 894
22 627
18 326
14 370
28 962
26 264
14 261
7 442
29 829
23 976
19 677
21 742
4 249
16 624
9 631
27 383
9 301
16 260
2 212
18 974
16 919
8 882
21 670
12 616
7 597
0 614
11 972
6 882
2 536
2 886
17 980
20 409
14 853
17 904
11 772
25 766
10 266
7 953
16 319
4 913
19 272
24 625
2 734
0 989
24 765
1 354
19 934
26 243
9 393
22 300
20 671
8 263
14 472
20 301
16 765
13 526
5 907
15 566
2 516
6 374
13 464
25 686
5 551
23 688
8 426
3 602
7 522
12 782
19 546
27 846
17 857
22 974
17 704
4 257
19 375
15 463
24 665
14 501
19 499
5 847
17 331
7 284
20 327
28 792
12 812
