100
20 889
20 261
27 976
29 696
2 304
19 792
13 542
11 848
7 498
8 875
20 550
20 800
27 345
10 825
2 743
5 457
23 278
20 820
29 809
8 978
6 421
19 761
23 832
4 949
18 392
25 354
29 855
10 323
12 222
22 336
23 491
10 290
2 534
8 304
21 801
10 397
16 555
3 607
6 735
19 495
28 577
7 374
12 774
13 339
12 299
5 891
1 256
27 833
0 339
28 351
1 904
17 751
26 419
2 418
1 636
20 575
14 927
5 896
17 561
12 673
22 338
9 906
19 887
4 303
10 871
24 215
14 665
15 307
8 815
18 723
18 360
13 435
17 220
25 498
21 468
13 529
1 569
24 723
16 520
7 643
8 707
22 392
9 676
5 451
9 726
12 812
29 437
18 957
11 601
14 488
18 234
5 993
23 730
11 534
5 538
20 818
3 530
20 970
8 350
8 954
