100
1 735
2 776
14 457
22 637
22 817
21 886
21 857
13 596
21 985
25 666
25 967
1 237
16 259
21 577
26 678
20 955
25 832
3 697
15 610
10 879
26 575
27 269
20 222
13 905
6 523
0 394
21 850
28 732
1 955
16 488
5 767
15 858
16 917
10 353
3 904
23 734
1 897
6 738
3 424
8 832
0 355
17 949
3 973
26 552
20 377
15 918
2 738
21 205
6 389
17 771
25 858
18 567
21 283
25 735
13 609
9 498
20 458
29 265
22 227
1 485
29 449
7 250
24 720
6 739
12 280
0 516
21 732
29 820
28 616
2 436
19 477
29 931
16 875
10 575
15 738
2 474
24 791
17 215
10 368
14 386
19 447
8 979
0 392
7 585
1 970
16 349
23 379
15 881
15 915
10 368
29 932
16 700
8 713
19 238
16 891
2 828
22 218
16 530
27 833
10 852
