100
17 298
3 207
4 697
7 875
10 770
20 990
23 493
24 489
16 742
25 634
24 963
11 612
13 229
9 528
6 867
21 493
17 296
11 386
7 202
28 412
25 230
0 581
0 454
20 217
10 957
2 894
7 517
0 543
15 686
11 343
0 710
5 272
18 983
2 490
22 765
20 466
14 897
8 702
2 691
27 296
2 234
11 928
16 457
13 288
6 999
20 740
15 267
20 204
19 992
8 895
5 948
1 314
11 466
20 276
28 336
26 308
9 596
29 659
19 620
29 953
20 938
8 294
12 768
25 959
5 672
5 952
28 553
5 503
27 398
25 362
0 489
13 285
14 667
3 447
0 839
10 635
22 241
21 916
0 920
4 923
9 265
4 887
26 490
10 297
16 597
12 239
9 948
15 969
9 948
17 636
8 549
12 718
12 967
28 253
10 829
11 477
29 881
2 743
5 387
24 727
