100
13 977
3 226
19 337
0 521
13 566
9 693
1 524
26 393
0 733
23 971
27 378
28 397
10 978
9 450
23 293
15 815
26 792
29 546
29 400
1 454
7 757
20 904
25 297
14 253
18 818
0 298
27 782
8 475
6 788
1 605
17 467
22 799
13 489
7 978
13 723
25 354
9 487
6 746
6 621
5 547
8 596
19 967
16 477
24 973
1 683
2 948
6 548
28 375
10 860
11 829
26 863
2 505
9 420
12 708
4 844
15 379
17 934
16 732
6 711
10 367
13 365
19 756
19 652
7 462
18 874
16 262
1 506
2 486
28 526
7 848
25 974
10 269
2 492
6 525
10 261
0 443
17 335
5 461
18 988
17 945
14 215
27 678
2 929
4 861
9 909
14 859
20 850
21 513
20 941
21 972
24 304
5 825
7 426
16 704
29 975
29 284
21 677
2 593
10 833
11 848
