100
4 868
0 271
9 593
28 343
15 609
21 347
27 948
12 473
18 825
11 741
18 830
3 511
13 539
24 324
20 896
11 871
4 958
11 808
11 930
7 496
28 553
13 801
28 510
14 666
24 913
0 400
5 369
3 707
11 623
16 707
26 785
27 848
18 306
8 235
15 942
11 274
10 991
23 304
19 448
17 303
13 355
21 853
12 459
15 646
24 890
20 514
19 679
22 916
28 899
15 505
3 409
13 806
18 476
8 728
27 981
8 810
18 711
13 797
26 240
4 765
12 517
23 740
3 870
9 383
8 528
25 888
8 343
17 767
21 400
5 994
12 516
21 768
14 456
28 807
24 288
19 743
4 542
7 268
25 503
17 220
17 485
12 626
13 652
21 797
5 297
18 898
17 694
8 698
18 513
3 353
13 916
15 772
4 807
27 200
11 684
12 602
27 262
15 843
21 958
28 522
