100
14 632
9 498
0 929
5 927
25 854
13 885
3 490
3 462
15 985
24 315
26 783
9 892
27 586
21 785
0 822
5 243
27 384
8 568
24 269
18 603
28 606
12 802
3 856
9 517
23 827
19 937
11 279
7 216
9 575
15 827
0 825
14 679
23 924
10 321
0 270
10 487
2 987
11 476
8 267
12 290
12 706
21 353
6 365
22 538
8 947
13 962
18 963
0 976
11 728
3 905
10 717
12 815
9 618
6 609
24 697
26 955
2 676
20 565
17 955
8 848
14 602
26 327
25 216
27 969
15 279
0 617
15 282
5 685
21 268
9 812
14 822
22 209
3 515
27 991
13 623
4 794
13 320
20 795
4 976
25 765
28 777
12 987
23 447
15 539
23 905
14 205
19 934
18 737
13 352
24 344
28 606
20 333
19 472
13 735
12 530
14 880
0 653
29 667
19 389
11 569
