100
13 494
25 835
29 966
12 829
27 960
21 796
0 378
25 652
26 598
25 866
22 351
29 531
12 633
12 475
13 929
28 213
23 211
16 580
1 250
20 326
14 382
4 703
8 492
13 902
14 974
15 871
10 282
27 968
12 653
23 758
6 966
20 691
4 831
14 471
24 242
14 951
8 565
9 720
10 977
10 336
28 202
18 438
18 740
24 778
15 266
22 598
21 852
24 777
25 699
28 853
28 675
10 592
8 661
20 786
6 450
22 696
14 251
13 787
2 612
7 952
14 806
14 569
15 411
5 816
28 918
2 351
19 995
16 408
27 241
25 995
25 919
8 939
6 826
17 504
16 375
8 750
28 402
8 389
10 589
16 345
6 917
19 580
14 887
20 938
7 510
17 905
16 710
3 976
26 962
25 285
11 563
4 624
14 842
21 651
21 997
1 922
8 423
3 359
3 335
21 800
