100
21 595
20 766
1 975
0 410
12 268
21 580
18 218
5 854
26 379
26 396
21 619
21 270
18 337
20 688
18 228
19 655
22 222
25 543
23 534
8 229
29 721
10 828
23 613
16 252
16 591
0 343
24 746
29 970
20 408
16 504
20 232
20 772
7 376
26 956
27 656
11 828
23 389
3 853
29 600
22 392
17 402
16 704
8 388
27 571
22 867
21 732
19 802
1 645
23 702
19 200
1 726
10 327
5 205
12 684
0 954
14 558
7 359
28 805
19 525
24 244
22 705
24 611
23 768
19 885
13 875
14 880
23 659
21 857
12 481
22 774
22 939
26 509
9 287
11 856
3 622
9 470
16 918
25 603
12 900
7 428
4 679
0 767
6 690
16 851
18 702
4 700
2 574
28 890
1 262
24 342
14 355
21 414
23 437
24 884
6 690
12 816
27 251
2 285
9 892
8 496
