100
22 579
13 769
3 546
21 770
22 230
11 795
22 829
23 242
3 657
24 869
19 933
28 823
4 592
19 642
14 578
3 792
27 390
29 558
4 638
12 520
11 899
24 979
26 605
8 516
10 777
8 456
1 844
2 809
5 487
17 204
20 317
3 992
22 206
25 343
28 753
5 368
22 834
22 376
12 500
17 290
21 488
3 403
27 913
28 869
24 678
5 564
2 911
1 400
5 614
8 410
17 704
2 426
15 925
21 993
24 560
20 202
14 795
16 887
5 395
2 310
19 836
4 926
14 212
19 625
22 344
29 578
7 846
18 743
26 988
3 870
6 919
15 379
20 365
16 683
23 859
14 462
20 851
7 467
15 442
6 360
26 279
0 240
5 954
21 519
9 609
8 906
3 631
3 583
11 201
25 559
15 992
6 403
14 385
4 482
5 907
0 848
3 968
25 362
29 601
2 440
