100
11 383
1 315
14 263
28 887
20 508
28 509
15 437
3 563
9 894
9 645
28 539
12 495
19 860
25 474
26 978
7 708
29 377
15 827
6 723
26 861
16 834
7 753
7 786
2 695
28 834
19 671
19 392
22 565
9 908
23 929
1 255
14 276
25 740
4 929
5 625
18 306
7 200
16 788
23 944
0 814
18 234
20 661
11 844
3 273
22 613
19 994
21 611
18 680
3 297
24 427
4 931
9 221
15 363
25 721
0 714
5 398
24 685
15 430
28 455
11 335
4 232
22 547
6 526
16 961
6 990
5 655
23 649
24 807
11 377
1 459
28 407
4 508
21 404
21 402
5 883
24 367
24 799
7 814
28 645
15 701
28 528
19 696
4 412
14 568
29 632
0 424
28 276
0 544
8 228
17 548
5 538
12 305
12 591
3 293
12 929
24 221
0 405
3 818
6 590
2 514
