100
1 453
14 523
22 923
20 449
22 674
21 830
20 558
20 436
29 677
4 453
12 743
17 837
13 491
19 992
15 518
14 998
15 732
20 276
1 968
1 910
13 837
17 869
27 795
16 1000
10 415
21 801
3 771
5 454
5 664
20 716
22 541
9 763
22 363
28 470
10 224
25 803
7 314
15 867
13 481
14 319
3 482
17 985
21 450
19 202
24 438
6 355
18 421
9 368
0 380
0 682
21 937
8 453
29 658
21 442
18 495
15 286
7 750
13 482
13 270
26 442
3 838
13 631
28 372
13 348
11 820
7 706
4 677
5 895
2 427
29 425
5 999
13 643
0 303
3 742
22 294
2 779
2 378
26 243
2 800
12 460
19 922
3 920
27 511
9 863
19 535
21 647
17 872
2 231
13 594
5 870
3 293
25 842
0 935
26 597
18 752
11 489
9 970
13 630
15 496
19 309
