100
19 201
29 503
13 998
17 258
6 474
29 975
0 480
2 861
4 338
17 724
19 865
7 949
7 491
19 344
4 511
5 654
27 556
29 421
7 722
19 607
26 549
4 998
19 341
16 256
1 891
27 226
10 655
3 335
16 243
3 356
1 663
27 985
7 641
6 718
3 424
12 757
20 477
5 792
22 959
4 277
23 640
6 436
12 233
2 817
23 442
27 616
17 336
28 652
18 816
0 475
19 538
2 662
21 539
7 346
17 489
22 960
23 647
18 557
10 711
4 789
5 456
20 685
0 752
21 996
7 631
1 246
28 772
12 459
2 486
14 760
5 572
10 602
29 946
18 841
2 659
8 506
4 711
17 900
20 992
5 553
19 234
12 550
16 223
23 793
7 824
24 327
12 329
28 837
8 253
15 319
0 573
20 932
10 266
22 390
28 398
10 934
10 302
3 984
16 995
10 805
