100
11 968
4 508
25 558
19 300
14 776
23 702
19 667
10 351
0 592
17 383
2 962
10 250
15 898
11 519
10 533
8 852
11 836
7 250
15 350
15 463
11 715
13 286
8 223
19 743
5 772
23 354
4 384
3 968
27 382
21 805
0 283
10 589
0 394
19 368
16 342
25 340
29 453
25 372
24 286
0 958
4 726
11 372
13 748
7 722
8 681
3 998
21 789
15 224
20 231
27 411
10 522
7 629
23 593
14 731
20 593
3 324
11 708
8 741
26 556
0 814
4 476
29 763
4 486
12 882
19 443
0 354
21 979
5 722
10 801
5 354
28 804
23 201
21 716
7 454
1 611
21 417
10 273
24 540
15 935
0 590
4 895
11 687
26 429
9 331
12 430
23 769
20 802
1 690
2 647
2 940
24 895
16 426
7 824
29 258
28 280
6 348
9 316
13 263
10 538
14 772
