100
7 670
18 310
7 814
16 925
18 779
10 690
25 394
17 896
28 235
18 999
24 953
8 632
2 246
10 821
1 945
25 670
25 343
13 310
5 251
24 830
19 210
24 775
7 731
10 241
29 376
0 948
19 852
23 463
27 493
26 986
13 400
22 725
19 988
26 455
22 954
2 515
7 378
15 232
16 251
13 244
10 551
18 924
25 663
15 998
1 550
25 593
24 975
23 994
3 312
10 795
19 278
21 692
23 560
16 808
15 267
7 664
24 894
7 985
8 320
13 489
5 665
4 447
21 299
17 955
12 488
12 926
11 734
14 829
0 520
10 751
14 497
7 414
7 454
5 710
7 447
26 757
28 475
14 435
12 760
16 408
3 394
14 878
5 687
6 363
10 687
1 978
0 283
1 924
0 372
9 997
17 760
23 206
20 733
13 770
11 897
4 628
13 658
8 662
1 695
14 872
