100
25 721
0 538
28 929
21 832
7 409
11 940
9 277
17 476
1 595
11 971
2 686
8 314
23 930
28 512
10 652
17 512
15 993
9 873
16 234
21 956
8 727
15 717
4 700
9 405
25 437
7 911
22 908
17 488
12 680
18 493
19 690
0 536
9 561
11 488
15 609
10 831
24 887
12 499
11 778
3 282
25 369
11 696
28 276
4 586
15 991
0 649
14 657
3 558
24 221
4 990
17 832
25 557
15 710
24 702
14 598
18 397
23 994
13 979
6 750
2 217
18 298
11 683
27 958
12 281
4 693
13 379
23 716
11 793
8 369
27 937
27 942
3 538
29 667
2 415
6 469
16 348
7 989
16 693
24 312
21 219
12 525
14 442
20 613
16 555
16 700
15 457
17 215
11 318
2 885
25 400
1 270
9 462
8 760
15 342
4 676
5 826
9 716
16 298
21 740
28 608
