100
22 760
11 351
27 964
25 686
22 423
25 698
18 863
2 702
17 485
2 573
11 864
19 712
20 327
14 335
25 309
9 625
7 524
4 876
17 405
6 542
18 520
21 372
28 279
25 285
24 568
6 340
8 291
15 429
9 530
19 712
10 839
24 756
22 455
3 829
4 669
11 250
24 279
19 554
18 462
1 483
5 446
8 936
11 925
28 327
20 822
14 309
25 679
15 502
29 643
25 463
14 579
15 334
6 318
26 514
11 575
26 269
21 586
3 500
8 381
4 494
27 921
16 488
5 386
3 267
15 499
20 670
2 476
27 289
27 392
26 685
4 448
14 818
18 954
25 559
9 571
29 335
23 527
17 326
10 876
17 528
11 856
5 499
1 877
22 811
3 413
25 889
24 229
14 541
28 321
6 232
23 681
4 399
10 221
13 583
15 711
1 444
2 375
27 235
13 473
11 603
