100
21 518
0 603
21 224
9 263
6 287
12 616
6 242
23 735
22 260
11 589
1 532
10 567
18 631
4 857
5 645
17 678
6 265
19 657
15 878
2 660
15 808
9 399
27 626
21 508
13 679
1 919
19 325
14 556
15 381
24 703
8 355
4 223
13 282
26 438
0 544
7 759
2 975
6 527
26 403
1 639
6 248
11 667
21 865
4 433
14 964
15 406
17 595
24 617
20 261
1 340
17 877
7 851
7 432
11 938
11 243
19 223
19 507
8 937
22 423
26 328
17 676
19 803
21 405
6 544
3 669
17 241
16 957
15 495
8 974
9 887
17 237
1 943
9 211
17 877
9 410
17 657
0 672
4 294
18 410
11 630
10 541
20 509
1 530
1 803
23 274
27 380
23 704
16 653
24 238
15 367
19 536
8 426
18 644
25 308
27 451
4 357
11 572
8 339
3 682
15 929
