100
18 746
11 642
25 309
13 310
8 259
18 287
6 731
10 274
23 519
28 951
13 878
24 886
2 419
25 623
18 959
26 485
10 714
29 265
11 810
1 400
1 201
24 667
18 833
24 310
10 571
18 848
6 894
4 392
3 349
1 979
20 288
9 731
15 861
15 768
20 475
23 915
15 356
5 666
26 763
12 843
28 273
13 521
16 512
6 303
11 412
8 474
13 903
7 259
26 504
25 708
24 712
13 742
26 945
16 889
19 423
9 628
26 419
15 433
17 429
12 875
26 593
23 870
1 758
5 448
0 515
19 287
21 521
9 277
16 794
2 894
26 652
16 967
19 496
22 916
29 563
29 493
22 367
22 476
7 620
17 537
10 548
6 610
8 385
27 385
21 850
27 996
25 397
18 441
22 973
20 373
22 787
16 531
20 906
8 709
27 466
13 352
5 508
18 468
12 382
28 581
