100
26 564
11 730
5 241
11 333
28 254
12 743
10 294
23 554
23 820
12 664
16 285
14 848
19 275
13 775
10 832
9 532
11 499
6 924
3 386
11 631
12 352
1 754
21 988
16 285
7 510
10 448
25 824
24 914
24 572
25 448
29 799
10 380
21 252
8 880
3 230
3 824
18 777
29 274
12 560
3 638
11 603
27 398
4 363
2 513
10 591
16 874
7 680
27 453
12 880
0 707
2 585
15 533
13 575
5 642
9 849
3 459
11 358
20 461
23 574
12 865
29 281
20 228
19 668
13 549
7 363
26 275
4 388
22 591
16 885
20 891
28 789
3 985
6 236
11 965
20 514
9 920
19 492
24 378
25 633
21 404
1 977
16 260
26 901
23 472
13 932
19 767
3 421
3 512
23 971
19 341
14 311
28 445
2 317
18 842
5 915
10 698
3 721
1 653
19 881
21 505
