100
15 501
16 517
17 654
4 887
17 800
28 637
18 790
10 676
0 341
10 647
29 613
23 882
2 611
10 466
0 540
13 252
21 999
7 995
3 251
9 934
15 953
26 880
23 253
9 421
13 543
19 448
19 328
10 697
28 773
9 345
19 947
17 830
11 939
14 677
23 741
15 703
9 897
1 779
15 243
7 491
25 997
13 549
16 399
15 225
29 729
14 209
28 737
9 621
25 811
8 628
0 855
26 328
15 464
28 744
29 680
7 798
24 524
29 928
2 331
4 922
29 560
18 647
5 208
7 724
25 436
3 487
27 462
12 793
23 276
19 573
10 568
6 237
9 600
12 664
23 614
7 278
10 516
21 204
2 988
6 603
13 510
16 394
21 705
7 494
9 463
9 815
24 857
1 356
6 513
29 631
16 966
10 703
0 544
12 203
2 260
24 524
20 750
17 930
13 827
1 833
