100
25 333
5 592
18 370
11 706
8 1000
8 512
5 637
0 524
21 942
8 984
10 747
26 634
21 476
13 582
13 776
26 413
27 200
23 453
17 755
6 661
27 201
19 527
26 791
17 989
24 750
28 376
19 292
22 924
13 265
4 212
14 763
29 610
4 409
3 641
10 215
17 579
13 447
25 727
7 908
13 366
4 547
13 707
17 269
20 691
4 970
2 255
29 465
1 993
10 372
0 934
14 469
18 341
23 523
26 461
2 735
17 841
17 783
12 439
14 586
29 676
22 613
8 993
12 964
27 736
1 875
14 753
1 888
0 784
5 775
17 563
12 731
12 315
15 910
8 861
13 472
16 940
21 930
18 415
27 335
9 627
24 561
19 246
23 966
14 773
6 563
27 435
19 597
10 837
12 514
11 565
5 205
21 542
4 443
27 984
4 531
10 323
27 593
1 777
26 800
18 693
