100
12 550
6 952
23 629
25 688
19 962
1 679
26 264
23 670
4 788
21 974
26 917
6 205
23 320
12 212
0 453
25 531
5 801
3 405
16 346
15 849
26 998
29 355
20 398
15 284
8 720
17 557
21 888
18 436
4 781
5 497
18 280
17 817
21 215
14 788
21 952
14 572
27 612
16 875
0 364
2 266
2 301
13 475
6 233
13 550
5 984
4 470
4 270
10 297
28 332
0 227
15 714
27 698
28 428
7 446
4 579
17 602
13 673
0 514
17 620
8 789
19 285
12 967
26 927
14 331
23 585
12 505
6 233
9 375
4 568
0 977
19 401
24 356
18 881
22 727
6 666
1 657
22 387
29 925
1 679
24 401
25 553
8 337
10 528
9 390
4 798
8 541
0 980
29 432
28 383
0 949
7 660
25 575
24 328
0 773
13 711
10 850
29 732
20 689
29 909
27 912
