100
2 670
22 569
3 680
7 351
14 556
0 309
29 384
22 494
9 631
0 657
20 396
24 556
13 292
12 394
26 882
24 399
16 508
27 448
15 223
18 589
18 568
4 434
22 432
20 868
14 701
11 206
28 343
0 790
25 263
3 358
10 537
3 217
9 671
22 594
2 585
20 748
14 565
16 996
6 563
14 731
2 207
25 641
19 882
23 215
0 616
1 720
15 869
26 339
16 586
15 997
2 764
8 761
20 826
14 441
22 593
10 488
17 204
10 526
21 572
8 312
11 692
23 682
0 268
11 894
19 987
21 342
9 478
26 604
4 608
0 675
26 706
4 939
29 277
20 262
12 668
16 366
4 700
16 567
14 921
12 625
1 728
8 322
7 915
23 225
2 332
10 649
7 942
23 478
12 357
14 689
11 956
19 779
13 367
15 921
0 647
6 363
10 426
12 671
12 698
3 321
