100
15 896
15 797
8 854
22 448
28 705
0 747
11 919
5 286
17 777
26 487
14 631
1 907
19 390
13 311
23 316
27 404
19 607
16 276
1 947
21 394
18 894
11 774
6 383
19 704
21 255
2 284
24 228
23 601
14 863
11 532
23 459
2 712
17 866
15 442
23 661
10 464
12 675
23 597
18 490
25 922
11 395
16 477
29 978
26 828
22 477
3 983
2 886
7 943
19 297
21 594
22 528
27 502
18 421
22 739
25 351
21 270
26 730
24 596
25 246
13 531
5 706
11 719
2 939
3 482
14 683
21 739
1 297
5 468
28 759
11 904
17 435
19 236
16 545
6 303
19 250
23 920
5 839
1 542
1 594
4 698
4 323
27 935
17 492
8 900
13 309
3 601
11 204
14 848
11 772
29 598
1 852
19 449
26 691
19 645
13 358
22 412
18 701
10 784
9 579
3 664
