100
28 887
12 269
1 288
10 794
3 892
2 922
27 220
26 807
15 760
16 640
10 643
24 861
25 231
8 803
0 339
27 983
2 389
11 324
8 945
23 803
25 736
13 646
25 576
23 947
1 776
10 857
2 552
3 589
8 764
26 900
23 552
1 412
0 307
16 382
3 656
28 232
24 809
0 299
1 735
26 346
15 667
15 403
14 382
28 350
4 369
1 824
21 229
5 544
16 311
0 237
10 243
4 845
28 507
13 808
0 234
22 725
15 670
9 281
20 868
12 307
5 250
22 808
7 248
23 654
6 444
5 522
25 945
3 212
19 441
1 907
16 512
16 333
24 331
3 423
25 511
3 865
16 566
18 680
3 304
13 635
29 296
26 884
12 766
20 264
0 781
22 446
11 206
23 645
29 317
24 642
13 383
12 883
9 362
21 474
18 800
8 251
15 515
0 885
5 383
4 713
