100
28 823
8 896
1 332
22 854
3 967
17 516
15 686
6 293
22 547
19 785
0 260
26 502
2 381
1 720
12 232
27 923
3 793
24 861
8 939
9 452
29 575
14 707
0 248
27 384
4 389
11 927
9 425
19 920
9 305
9 892
11 688
19 586
16 589
15 441
0 758
11 274
2 978
10 414
12 857
10 430
19 386
5 577
4 436
11 672
26 852
16 671
14 294
5 356
22 703
20 309
22 786
10 808
12 214
2 275
23 978
10 425
0 291
16 767
23 531
29 371
19 763
28 487
25 286
21 671
20 555
16 496
5 829
5 311
29 419
20 423
6 319
26 790
12 318
19 256
8 414
25 861
28 707
0 549
26 238
5 984
17 318
1 848
15 223
22 556
4 712
21 772
7 321
25 653
17 732
7 664
20 457
15 439
11 490
19 978
5 375
5 985
25 401
2 215
23 538
6 782
