100
13 825
28 678
27 400
18 429
25 315
21 974
2 570
4 368
2 432
10 823
11 319
7 851
18 237
24 328
6 805
3 345
22 784
5 930
22 925
15 875
28 373
29 602
20 722
7 430
18 969
12 890
21 446
2 556
21 898
27 660
14 824
2 738
2 319
7 274
6 209
0 480
29 871
6 620
15 252
15 523
14 213
0 509
19 680
7 657
7 475
9 652
18 733
2 833
16 808
14 429
7 890
0 368
23 975
7 755
13 439
5 583
26 484
21 224
17 889
21 341
9 408
5 582
18 632
25 795
13 959
3 947
1 372
17 639
26 629
13 729
14 969
29 652
6 347
27 338
16 607
13 467
21 401
5 976
7 870
8 440
21 347
18 938
6 572
1 930
29 253
18 891
28 898
20 679
3 615
25 971
1 212
2 496
16 997
10 714
8 337
2 419
26 398
27 767
27 913
17 966
