100
22 624
22 964
6 998
16 661
13 900
19 260
14 920
5 989
0 508
2 511
15 702
20 289
13 558
19 959
29 762
9 868
6 260
23 272
28 922
18 606
0 523
29 949
17 504
2 214
10 276
7 365
12 446
10 516
7 894
16 553
26 1000
2 518
25 658
1 792
6 312
26 342
6 490
11 869
5 991
20 429
21 593
0 598
29 491
2 205
4 460
17 616
20 774
17 987
10 383
28 943
16 901
19 272
6 722
9 916
6 205
28 1000
22 432
15 690
17 435
9 963
24 596
5 586
24 699
10 599
13 984
29 644
4 504
25 327
27 852
3 930
27 846
5 351
5 560
25 207
17 238
10 425
26 476
7 738
15 837
27 701
26 610
16 971
11 934
3 453
21 281
17 329
21 297
11 966
9 863
21 867
22 948
15 889
1 334
5 813
19 643
2 369
21 539
2 849
14 407
8 819
