100
4 284
22 765
19 782
26 858
19 677
7 584
13 538
21 732
13 284
10 890
12 985
1 436
4 897
10 394
20 761
22 230
4 222
29 718
25 984
20 459
17 399
7 639
8 833
28 261
10 607
24 415
9 762
25 698
13 923
13 923
3 370
9 814
8 574
13 942
14 314
19 452
27 234
23 559
24 470
22 655
19 885
9 580
22 811
22 430
8 239
3 356
13 542
20 964
21 888
22 894
13 892
16 405
22 634
18 284
27 979
1 363
8 267
24 796
9 785
24 755
10 665
10 530
0 583
1 531
10 348
25 864
0 559
2 723
6 346
0 622
6 832
9 380
5 585
13 939
1 528
11 978
10 512
29 886
16 309
5 846
15 453
20 734
2 927
14 655
6 541
2 472
9 805
16 936
18 303
29 702
2 283
0 262
27 299
21 850
21 621
23 422
17 698
22 609
3 367
24 902
