100
29 902
28 240
5 336
17 758
23 515
17 242
26 213
5 369
14 482
18 246
20 996
22 591
6 921
14 727
7 909
19 527
2 685
4 628
23 292
27 206
12 381
19 751
24 519
16 380
26 932
23 893
3 296
1 647
29 467
25 457
7 521
26 693
2 341
11 372
22 378
6 337
10 294
13 796
28 917
4 406
18 709
10 610
12 536
11 518
7 471
10 854
10 286
22 862
25 684
29 922
3 958
22 892
7 849
2 628
11 857
26 314
7 567
0 343
21 310
5 802
15 210
27 246
20 255
18 760
18 484
13 832
0 476
7 655
0 365
24 704
3 323
20 682
11 960
14 831
1 825
24 904
28 212
17 200
16 451
2 630
24 399
24 408
19 236
12 942
6 438
3 653
19 966
2 356
0 295
9 606
15 267
21 303
23 347
3 930
10 301
14 870
2 368
9 336
0 440
0 458
