100
8 554
17 356
1 382
26 960
4 532
28 879
13 359
0 704
15 970
27 923
14 913
15 201
26 336
21 479
3 842
27 888
18 257
20 407
0 422
24 513
24 675
18 249
10 834
16 698
14 638
1 988
17 895
21 963
2 585
3 570
6 687
15 957
4 520
19 560
2 398
18 714
8 586
27 703
11 469
11 437
16 453
20 467
13 340
12 313
29 664
29 553
0 474
15 582
8 502
16 892
14 626
28 410
10 813
25 205
25 308
22 869
1 548
29 423
9 856
18 740
7 222
20 713
21 800
5 664
3 680
0 645
9 374
26 223
20 212
0 519
10 300
2 302
25 583
20 555
16 617
1 284
20 890
8 779
28 440
17 360
25 661
20 274
27 787
10 701
13 267
2 430
19 325
0 867
12 652
29 689
3 371
7 720
22 275
0 715
29 564
29 669
6 863
27 393
2 351
27 635
