100
13 255
12 475
13 408
4 207
0 618
21 254
28 1000
1 357
5 539
28 417
3 806
23 252
25 691
29 707
21 954
25 857
24 649
27 672
29 843
18 454
3 943
8 473
3 396
16 976
21 787
25 834
5 817
20 470
14 848
22 617
21 589
24 609
5 675
14 332
25 594
6 713
14 696
23 919
11 552
29 271
12 323
24 383
10 206
2 769
2 398
17 275
13 442
29 795
23 241
20 873
20 402
16 208
20 516
14 825
7 771
8 317
25 782
16 895
27 341
23 625
15 908
3 344
3 814
28 915
2 249
29 672
21 764
24 718
26 268
5 337
0 916
27 387
21 979
13 829
15 994
21 484
17 571
18 930
27 583
22 966
18 777
6 760
27 254
11 677
8 731
26 342
17 771
10 670
19 716
28 443
0 236
12 440
1 625
11 491
8 876
26 732
18 881
4 476
14 768
14 838
