100
14 744
22 505
17 813
2 570
20 743
25 557
27 687
6 593
21 260
27 540
28 623
23 721
23 806
18 440
17 886
6 600
5 842
11 833
21 716
9 747
1 379
20 228
22 408
3 359
14 988
28 321
4 480
1 554
13 270
1 380
11 639
28 637
22 842
14 524
21 685
23 697
6 907
16 725
19 640
16 590
17 677
22 677
10 854
5 254
9 580
18 455
26 972
27 204
25 311
17 849
15 360
6 252
7 294
29 357
25 306
14 795
3 494
4 213
22 260
21 825
26 320
2 308
15 255
26 257
25 438
3 202
7 311
16 597
25 248
19 268
20 212
18 581
22 298
21 651
9 508
14 254
22 895
1 238
2 502
17 941
2 259
13 566
3 560
0 458
11 549
17 361
8 785
7 939
6 455
21 394
0 422
23 869
20 653
7 934
29 768
29 680
16 250
27 570
16 398
11 777
