100
21 990
6 927
24 552
11 814
29 689
17 482
21 826
5 759
3 205
5 903
4 420
23 369
6 508
14 246
28 997
6 413
20 241
13 275
7 480
6 299
22 201
16 245
21 405
2 911
9 825
16 680
17 457
15 288
7 474
14 532
19 309
8 691
8 790
2 284
22 514
15 915
20 321
16 946
3 789
3 873
21 687
29 291
23 304
0 216
21 351
2 692
24 583
17 985
10 414
18 739
28 478
0 447
25 905
9 573
27 259
4 840
26 412
13 536
29 806
1 938
10 529
9 518
25 562
12 635
16 614
24 331
12 782
15 413
28 751
7 525
23 216
23 661
10 765
7 641
17 931
7 703
26 322
13 367
21 410
29 653
29 800
19 746
1 829
20 565
18 608
25 328
0 326
10 983
13 434
17 934
22 458
3 611
22 523
2 455
29 548
7 643
28 517
7 628
17 220
1 910
