100
26 506
17 958
7 746
4 466
24 213
3 461
16 867
11 328
13 658
18 500
22 615
24 731
0 900
6 283
13 288
21 334
27 356
2 231
22 412
19 279
24 390
3 980
25 987
12 922
13 547
17 441
17 308
26 984
18 345
17 883
12 517
5 267
1 724
25 726
2 486
12 713
16 873
23 611
20 244
23 377
7 806
14 838
11 306
23 835
17 607
23 987
26 788
20 966
29 214
1 540
3 323
7 863
0 814
22 288
17 810
21 818
25 223
3 645
26 257
8 771
19 901
19 478
27 405
19 357
15 982
16 382
14 689
15 671
1 929
6 200
4 558
8 1000
3 582
7 488
11 727
5 773
20 467
24 476
29 938
11 433
29 449
25 454
19 808
27 942
4 978
12 606
19 831
12 500
1 406
17 707
14 851
6 871
15 815
20 899
6 446
13 747
11 883
2 841
27 202
9 607
