100
8 885
24 994
0 377
22 593
1 517
27 441
5 862
13 382
12 682
28 609
14 775
16 239
0 579
19 815
29 638
17 507
7 354
20 753
24 694
17 835
9 433
9 486
17 331
12 673
21 830
8 613
28 728
20 420
27 330
7 542
7 887
18 442
28 473
18 910
26 738
24 813
8 477
27 903
26 282
28 474
7 898
2 852
6 623
16 731
20 995
4 615
7 257
8 424
21 389
14 552
3 997
0 800
23 996
21 891
3 560
8 616
7 225
5 606
25 277
14 439
17 853
14 965
16 381
25 994
27 326
14 531
19 421
12 332
10 935
27 286
14 508
1 208
14 942
10 497
12 585
14 236
14 551
24 967
18 756
2 815
4 730
24 840
13 396
12 649
4 461
16 304
13 620
22 300
1 964
4 707
25 844
27 627
15 928
13 744
7 275
4 692
27 215
17 688
16 940
7 628
