100
12 363
4 451
13 443
18 236
2 633
15 556
10 393
16 747
14 669
12 527
1 688
18 909
9 287
24 600
20 500
15 833
15 898
15 431
1 225
8 439
26 213
16 298
29 709
16 944
6 539
21 699
12 264
22 954
25 411
19 945
6 351
17 404
17 658
9 935
8 478
28 333
27 935
26 856
8 966
27 839
21 565
27 624
19 309
20 400
21 479
26 613
2 286
9 650
3 342
28 486
19 211
25 828
19 660
21 600
8 253
17 719
1 223
10 460
5 239
16 537
1 501
11 893
0 206
1 605
17 901
22 587
11 768
9 858
4 460
8 746
19 271
29 627
15 261
27 429
5 298
8 449
25 991
29 711
5 539
14 678
12 221
22 544
23 281
26 749
8 301
4 735
9 955
28 479
28 575
18 419
17 219
0 612
2 911
16 887
26 894
21 965
19 826
9 441
5 978
15 521
