100
7 289
12 667
8 812
20 628
25 901
20 398
26 914
25 812
4 564
12 925
25 792
25 386
12 443
28 255
7 246
18 538
18 793
29 822
7 992
6 743
28 657
21 862
10 317
23 829
12 615
2 478
28 454
25 973
14 776
5 722
3 641
21 438
18 338
24 431
3 309
27 977
0 347
5 279
1 700
24 874
8 791
15 290
11 315
5 570
19 467
0 734
27 535
20 613
16 977
21 363
21 452
29 229
15 832
7 857
9 958
9 907
24 993
25 994
25 726
4 821
26 411
29 585
19 912
24 202
10 631
4 485
27 689
20 264
29 852
11 327
8 662
28 535
15 546
29 665
23 952
21 855
1 644
9 813
15 623
5 268
12 846
24 296
16 295
19 918
6 976
29 744
5 546
21 236
20 326
17 382
14 935
19 732
16 746
17 982
25 937
13 887
18 997
16 768
12 927
21 904
