100
6 343
28 631
11 385
9 449
13 212
19 695
4 424
21 906
24 755
21 884
14 943
28 214
10 455
0 640
13 921
23 459
3 964
22 263
21 929
8 992
6 841
12 931
14 755
7 954
25 549
8 718
27 949
4 507
9 519
5 680
14 963
28 778
5 594
1 925
6 252
14 971
5 798
8 526
17 518
0 235
19 655
4 306
16 821
23 961
11 838
17 629
4 714
28 524
26 439
28 644
23 531
6 490
29 202
29 277
25 563
3 265
28 478
4 400
28 518
15 638
3 619
0 701
12 522
4 653
17 573
11 481
2 280
15 767
1 750
0 563
22 970
13 788
22 547
19 588
16 407
20 959
23 714
27 216
0 341
14 799
17 413
2 973
28 768
5 504
15 824
20 774
16 980
27 815
17 832
16 930
4 893
21 602
10 347
14 892
0 678
25 926
4 296
21 242
27 677
7 805
