100
14 800
6 326
8 508
24 330
20 751
27 644
26 608
11 620
27 497
17 972
22 345
10 345
29 678
29 523
2 293
18 374
23 410
1 869
10 426
0 513
21 427
24 338
5 394
10 716
1 598
20 893
4 452
28 208
6 847
9 895
25 467
8 598
17 799
20 303
27 710
6 780
7 433
29 330
25 273
25 277
22 522
29 685
2 572
21 233
20 701
9 252
21 594
2 696
27 575
28 742
17 850
18 244
3 826
18 200
18 640
6 641
2 220
13 846
21 300
6 479
8 880
19 583
6 284
26 959
28 629
25 331
23 875
2 472
2 921
11 990
16 661
28 431
17 563
9 604
11 576
15 698
24 447
9 659
6 898
21 721
13 396
11 454
29 374
2 496
22 942
2 912
5 435
2 375
20 300
5 868
18 868
14 570
5 864
10 590
3 484
19 528
7 829
9 491
28 738
12 842
