100
28 740
0 353
1 290
8 317
9 626
2 819
20 656
19 669
27 847
5 798
22 417
17 268
0 404
23 732
12 325
2 695
28 668
16 453
1 597
28 869
14 600
12 669
15 706
12 575
17 316
2 403
0 862
22 364
3 598
17 711
28 956
27 865
16 251
26 676
8 497
25 739
6 836
22 238
6 695
26 920
24 280
17 518
1 294
13 553
20 943
0 843
26 358
19 292
17 258
5 387
13 215
26 998
27 737
19 618
25 478
5 794
4 596
9 867
10 508
14 516
1 615
14 553
16 961
13 996
2 732
14 298
2 622
10 362
2 970
5 246
27 371
23 730
25 742
8 420
16 277
10 454
16 888
21 492
3 833
6 510
20 971
6 330
19 300
10 673
5 570
20 914
27 968
0 203
24 582
20 826
7 448
11 755
13 554
3 832
12 927
20 402
15 462
24 844
18 692
18 244
