100
28 351
14 362
23 222
27 222
1 579
1 280
15 825
25 648
9 208
26 985
18 342
13 429
17 887
0 353
23 565
7 823
22 758
2 405
1 396
24 202
17 796
20 884
29 549
17 941
22 207
19 537
0 900
20 757
8 265
26 568
9 775
16 762
16 854
15 717
24 412
20 268
27 833
11 321
19 941
16 959
28 739
11 318
4 653
21 527
0 536
17 419
7 906
11 543
7 420
2 311
26 275
26 867
19 475
25 349
12 360
3 796
18 698
28 721
11 558
3 582
17 889
26 739
27 578
19 930
1 272
21 952
8 270
22 999
29 582
24 963
10 648
19 447
13 382
9 719
1 698
13 926
4 660
21 436
14 298
13 415
4 708
17 449
11 481
15 856
28 691
28 432
29 326
3 391
17 561
29 978
15 338
7 996
22 547
10 573
10 723
12 939
18 511
19 248
9 846
10 456
