100
0 498
16 478
26 850
7 241
5 805
22 866
25 826
17 394
6 253
11 638
22 777
21 848
5 637
21 711
27 320
23 382
20 520
0 843
15 854
23 837
2 418
28 927
19 366
14 771
23 647
2 675
24 892
4 414
9 838
19 678
9 614
25 623
25 339
3 941
0 430
29 320
21 420
1 974
10 683
7 415
12 693
3 955
3 310
15 616
9 592
6 494
7 415
17 918
23 864
26 576
7 988
23 929
15 916
22 343
26 415
2 792
12 695
13 752
11 778
8 464
6 930
11 959
20 863
20 246
26 318
21 255
12 514
19 837
23 389
5 469
9 364
8 740
15 282
11 960
23 502
25 920
29 905
22 788
4 922
10 995
3 323
2 807
3 524
17 851
11 751
9 485
26 439
17 872
9 262
6 469
9 902
5 245
2 799
25 788
22 809
8 569
29 254
1 772
1 974
24 760
