100
23 217
1 347
15 245
29 652
2 924
16 323
11 630
29 317
3 314
14 599
20 467
14 451
19 563
0 402
20 570
0 313
23 549
7 433
6 441
14 871
1 891
3 642
6 425
14 891
15 228
17 823
28 731
16 681
18 201
28 738
22 970
24 564
26 236
19 531
11 572
11 276
2 689
28 434
19 378
25 232
23 904
28 283
7 995
24 853
10 453
25 461
24 276
28 905
19 202
18 395
3 277
16 578
6 934
3 739
23 759
16 923
28 461
22 684
9 555
5 385
11 375
24 729
26 432
23 688
25 582
11 720
11 381
2 839
8 369
9 978
27 358
27 585
16 249
26 841
12 732
11 702
4 931
23 482
9 680
5 273
24 453
14 460
26 207
17 883
8 566
8 996
5 584
28 468
2 954
11 914
9 363
22 632
3 289
24 345
22 244
13 523
21 278
8 965
9 396
15 283
