100
2 627
29 206
4 922
3 440
15 347
3 633
1 965
21 999
28 853
9 310
3 989
28 555
1 535
14 550
1 356
19 239
24 943
1 228
19 325
9 740
14 702
5 576
26 734
24 600
19 212
7 876
7 517
5 675
27 953
9 501
17 316
28 450
19 389
26 755
4 239
28 807
5 292
5 465
22 230
20 497
27 663
27 412
21 991
17 464
27 260
8 754
24 910
7 900
5 393
4 324
17 365
13 220
27 933
1 460
22 908
20 829
23 502
26 305
1 383
22 572
28 906
7 380
1 516
10 847
13 397
24 713
27 760
22 683
0 951
25 781
3 708
4 526
2 375
18 981
12 900
3 320
27 505
0 600
23 285
18 716
17 215
22 461
0 331
23 468
14 789
7 263
1 897
21 998
2 523
10 264
4 220
26 620
24 850
4 326
8 604
29 513
20 553
14 671
2 931
7 1000
