100
20 983
6 430
26 767
1 739
20 951
3 389
15 644
7 769
3 280
21 467
25 792
22 842
19 848
29 287
23 931
14 924
2 217
22 728
14 995
11 221
22 659
23 273
24 488
16 793
28 722
11 805
21 836
20 287
27 273
22 264
27 621
25 878
16 961
3 242
27 612
29 907
24 795
12 453
22 368
22 305
8 484
5 667
10 541
13 432
14 369
13 583
12 873
1 750
6 993
2 706
3 849
20 583
3 894
3 271
1 342
22 456
14 445
5 861
19 905
29 667
26 533
6 386
12 726
12 724
18 722
14 381
21 497
17 628
1 235
2 373
0 541
15 972
10 414
1 502
6 699
10 958
11 591
25 265
17 968
17 428
10 921
20 317
26 736
17 416
20 249
13 416
19 278
1 719
28 619
6 867
2 731
27 578
22 353
20 743
28 469
11 711
1 666
23 833
4 337
25 206
