100
29 725
29 942
28 427
2 586
25 572
25 512
11 358
9 283
7 234
4 709
22 595
4 894
27 749
10 966
25 633
25 788
5 582
26 387
20 659
14 748
17 521
22 356
11 482
8 463
28 503
17 241
26 986
3 434
15 983
17 718
17 468
19 356
27 903
24 824
26 646
19 303
8 343
29 878
8 387
27 935
14 465
27 229
22 704
18 265
11 570
25 602
18 655
16 502
2 628
2 374
19 274
14 874
22 663
8 789
21 327
20 887
22 337
9 605
21 294
15 876
4 775
3 446
27 479
16 612
24 556
23 486
28 488
5 213
28 359
27 666
12 425
4 400
23 200
18 490
9 390
11 531
9 782
29 211
9 469
5 829
0 755
7 396
19 423
19 435
27 884
28 906
5 514
6 579
4 541
16 229
16 224
8 708
17 206
29 634
25 810
2 426
22 483
22 891
21 838
19 644
