100
25 539
20 401
16 442
19 597
4 370
11 982
26 797
15 543
14 886
5 923
13 728
25 262
18 790
4 509
3 229
27 979
11 425
11 666
28 748
7 872
12 792
8 645
17 552
5 539
26 523
13 895
25 657
9 604
5 644
18 879
1 583
24 854
3 697
10 507
8 295
11 571
0 939
5 916
24 567
18 834
6 802
5 410
26 854
15 416
7 752
10 920
29 736
6 739
20 531
6 464
12 357
7 539
2 415
2 884
3 937
19 277
17 822
4 796
24 336
1 968
7 900
17 923
25 926
10 349
9 907
3 754
29 423
23 236
10 763
2 498
13 242
29 278
26 645
7 430
21 322
3 372
25 338
18 994
1 703
28 705
19 722
28 643
29 343
28 604
8 263
11 889
26 786
27 470
4 249
20 733
5 885
27 220
25 315
25 922
25 293
1 828
14 671
24 438
25 618
20 924
