100
18 900
9 463
15 779
26 820
21 327
15 552
10 947
12 561
21 672
6 380
11 941
7 411
17 960
26 288
24 954
7 942
29 568
15 901
3 676
20 693
21 335
14 264
13 597
17 231
14 881
2 747
25 223
25 659
9 847
1 914
6 579
28 795
9 604
24 888
9 533
1 245
18 617
7 871
14 800
12 414
12 344
24 534
27 320
16 683
26 742
26 493
23 989
12 879
6 921
22 785
21 831
2 688
1 579
3 250
15 974
7 299
9 641
23 378
3 733
7 549
21 604
5 595
9 878
22 708
18 871
23 603
25 873
25 505
28 782
24 812
15 936
11 731
5 336
24 568
22 856
17 773
15 917
3 587
11 822
24 629
8 727
17 433
21 214
12 623
5 959
4 568
29 685
0 894
18 406
13 817
3 812
13 276
26 321
2 323
19 647
29 351
3 464
8 475
25 905
29 998
