100
19 883
26 525
22 686
4 890
22 227
15 760
6 524
21 682
25 902
1 924
17 960
5 465
0 935
13 386
28 247
5 370
12 377
24 235
10 479
15 895
28 557
29 309
9 793
29 856
2 940
23 334
11 608
28 587
8 904
10 859
27 869
11 374
29 368
10 829
3 917
14 416
22 211
6 955
16 277
15 600
23 263
10 313
9 902
14 553
9 277
8 821
0 413
5 363
7 824
11 508
26 511
4 688
0 940
12 258
0 495
28 609
18 782
27 704
10 348
1 362
24 518
10 648
7 415
16 558
4 700
28 241
15 516
24 405
29 404
29 988
27 520
28 634
10 930
17 906
2 557
27 486
5 756
23 634
11 660
2 248
0 655
18 346
25 440
16 455
17 872
15 999
22 906
28 445
6 264
18 461
16 237
13 800
25 624
23 847
17 232
14 467
20 632
6 756
29 559
2 278
