100
22 515
21 917
9 287
19 328
2 866
4 409
24 996
10 496
15 819
24 503
22 897
8 396
17 203
3 421
15 443
8 509
13 242
24 693
4 742
14 315
28 222
25 854
12 693
28 756
13 969
4 522
19 855
2 304
28 910
25 881
17 222
4 739
15 324
5 803
11 389
28 325
8 885
19 287
1 361
29 816
20 695
15 932
9 415
24 490
17 643
29 651
1 847
20 853
14 734
23 662
4 947
29 943
13 420
2 556
20 231
1 515
0 885
27 419
18 795
6 887
17 561
3 336
15 658
16 598
28 204
9 800
15 539
2 208
8 698
25 543
28 654
21 203
26 608
19 347
10 651
10 266
16 730
7 200
19 671
3 560
15 932
26 818
24 851
14 570
28 947
18 980
20 519
4 552
19 629
19 739
9 523
18 768
1 681
14 221
17 253
1 459
28 398
23 719
16 354
8 496
