100
6 899
16 289
6 696
21 596
10 803
22 772
28 216
20 601
17 386
1 740
19 970
8 218
21 520
0 657
10 718
7 411
11 230
18 347
1 764
7 651
3 935
15 304
12 366
24 970
28 555
2 457
21 225
22 351
6 841
29 496
27 885
1 620
15 748
2 399
15 618
15 805
28 881
7 584
25 983
16 248
13 923
22 458
0 500
21 546
20 861
7 996
13 281
25 815
4 587
27 440
1 257
6 848
0 983
26 914
26 866
22 867
1 234
1 308
24 722
2 288
14 283
28 406
17 346
17 801
0 585
12 299
19 924
20 239
25 283
18 536
28 463
1 936
13 504
14 557
13 704
28 501
26 473
19 428
26 845
0 796
17 492
9 701
20 957
16 721
6 384
26 807
10 897
18 329
25 906
1 326
27 325
28 943
25 527
26 301
17 668
16 489
18 553
21 835
15 813
3 230
