100
26 315
15 972
18 445
21 367
23 463
8 997
7 542
17 917
27 572
8 606
21 978
9 459
15 458
29 970
7 403
27 218
20 686
19 308
14 951
0 335
28 724
18 885
9 704
14 700
8 287
26 968
10 474
13 816
0 870
24 383
16 897
27 266
18 369
6 534
0 686
6 329
15 313
1 711
1 674
25 748
23 804
20 279
3 632
4 962
11 391
8 427
24 931
11 904
27 249
8 412
1 841
5 882
24 316
6 740
15 828
8 278
1 957
7 486
20 268
21 267
19 633
11 814
28 364
23 766
8 745
17 774
6 896
6 272
7 476
20 389
20 368
8 394
17 432
20 277
15 846
9 525
4 943
4 488
14 672
22 931
9 406
7 234
21 740
4 924
5 263
23 254
27 412
6 636
18 626
2 649
24 910
12 909
8 820
23 407
7 581
13 393
7 265
16 702
29 472
29 487
