100
28 346
18 512
12 586
19 504
7 910
12 975
17 864
11 889
0 848
6 519
20 425
8 310
23 737
6 395
17 582
22 266
19 781
5 638
3 462
20 747
20 808
1 620
20 515
29 834
12 926
6 742
21 270
18 306
3 799
22 877
11 695
11 589
29 300
5 654
9 478
26 566
5 591
25 592
25 272
19 669
17 625
4 687
26 564
15 704
10 252
2 573
5 789
2 320
13 804
27 543
5 375
28 445
28 469
9 208
22 587
0 293
3 294
23 392
8 249
15 445
14 622
13 819
27 979
24 934
3 361
15 654
19 569
11 926
4 364
22 512
28 481
20 728
3 369
4 217
28 387
5 852
13 279
11 663
20 946
12 494
20 259
8 965
7 690
5 260
24 688
21 860
25 575
13 874
25 519
8 247
28 988
20 240
21 943
15 541
20 980
26 383
21 206
10 723
16 450
27 246
