100
27 478
4 672
15 914
15 951
29 741
27 970
16 866
7 843
28 530
25 238
10 611
5 851
22 517
25 337
10 819
8 396
18 447
15 961
6 241
24 234
2 706
27 384
14 666
13 716
0 401
7 958
13 970
25 999
17 802
8 312
7 443
3 838
14 689
21 819
9 697
16 320
22 794
3 592
5 393
6 657
6 517
0 795
27 725
18 571
26 562
0 243
29 611
9 523
2 445
21 366
17 544
3 344
5 639
20 759
9 481
25 471
23 793
14 212
19 944
19 276
17 448
11 514
24 587
10 229
24 292
13 695
16 769
25 564
19 594
0 645
15 344
3 720
17 856
29 678
1 788
27 929
8 919
21 479
13 459
29 222
11 352
20 377
18 476
28 884
19 594
26 251
15 745
23 613
24 421
23 982
21 941
15 691
21 823
16 377
19 565
26 352
23 957
21 647
16 509
26 700
