100
27 977
23 552
17 221
16 942
0 882
26 832
15 950
26 727
4 342
17 560
11 874
15 671
21 321
28 928
5 506
1 869
18 641
19 768
4 304
12 407
18 449
15 217
1 939
16 560
28 548
29 934
0 993
26 849
29 381
6 420
7 231
24 925
26 218
13 757
2 499
14 663
15 727
4 489
2 732
8 784
14 698
13 260
29 559
13 897
3 200
14 433
8 766
5 709
19 394
10 965
12 959
15 440
10 343
3 710
11 784
28 291
15 664
20 674
16 832
5 709
23 955
6 529
16 985
11 701
14 805
26 747
4 269
5 352
18 939
7 583
22 398
11 298
24 211
10 758
13 363
12 479
3 324
5 426
17 213
0 813
18 238
24 932
6 213
24 228
7 639
14 798
6 770
11 275
9 400
0 329
29 896
26 235
13 303
18 577
8 426
27 647
21 855
20 642
19 718
16 985
